time, energy_1, power_1, avg_current_1, avg_voltage_1, 
resistor:  1


0.000547619047619 0.00083989346368, 1.53371849889, 0.344951596467, 4.62954313859, 
resistor:  1


0.101738095238 0.154638543713, 1.51996696371, 0.328613852606, 4.62687850584, 
resistor:  1


0.20280952381 0.307956340732, 1.51845108133, 0.328100081491, 4.62886342937, 
resistor:  1


0.303785714286 0.461376133464, 1.51875520068, 0.328228844437, 4.62783479814, 
resistor:  1


0.404702380952 0.614226850998, 1.51772482671, 0.328049575305, 4.62735345961, 
resistor:  1


0.505666666667 0.766970891976, 1.51675192876, 0.327800779687, 4.62768163842, 
resistor:  1


0.606761904762 0.920130533031, 1.51646061793, 0.327781085911, 4.62690806954, 
resistor:  1


0.707904761905 1.07347505182, 1.51641168359, 0.327830720714, 4.62610300948, 
resistor:  1


0.808916666667 1.22653319644, 1.51626644249, 0.327821161712, 4.6257045438, 
resistor:  1


0.909845238095 1.37909694173, 1.51574892519, 0.327733223728, 4.62534385473, 
resistor:  1


1.01075 1.53195026299, 1.51565695077, 0.327726248769, 4.62513571324, 
resistor:  1


1.11163095238 1.69482286384, 1.52462726969, 0.329912985674, 4.62230575445, 
resistor:  1


1.21245238095 1.85076163376, 1.52646129682, 0.330377473954, 4.62149802139, 
resistor:  1


1.31346428571 2.00441876146, 1.52605501593, 0.330323865481, 4.62103141538, 
resistor:  1


1.41458333333 2.17153785015, 1.53510775857, 0.332654266056, 4.6175087979, 
resistor:  1


1.5155952381 2.34183745253, 1.54516020747, 0.335104092772, 4.61508154692, 
resistor:  1


1.61658333333 2.49535270569, 1.54359670438, 0.334676118157, 4.61608537751, 
resistor:  1


1.71744047619 2.6481995923, 1.54194548749, 0.334249680628, 4.61690849278, 
resistor:  1


1.81826190476 2.80137070071, 1.54068602184, 0.33390899502, 4.61760319475, 
resistor:  1


1.91905952381 2.9534786813, 1.53902400872, 0.333487825128, 4.61829036057, 
resistor:  1


2.01989285714 3.11070119536, 1.54003277172, 0.33370919275, 4.61822202993, 
resistor:  1


2.12092857143 3.26631209249, 1.54003870592, 0.333694645781, 4.61836020215, 
resistor:  1


2.22198809524 3.41992718534, 1.53912939168, 0.333476902275, 4.61851486676, 
resistor:  1


2.3229047619 3.57272274622, 1.53804099282, 0.333198298842, 4.6189952522, 
resistor:  1


2.42383333333 3.73678645176, 1.54168457062, 0.334091556478, 4.61774655975, 
resistor:  1


2.52594047619 3.89504416294, 1.54201739893, 0.334154153524, 4.61781348927, 
resistor:  1


2.62688095238 4.04807462023, 1.5410194423, 0.333920323851, 4.6179470137, 
resistor:  1


2.72780952381 4.20041688962, 1.53984977798, 0.3336433815, 4.61817921794, 
resistor:  1


2.82871428571 4.35327418923, 1.53895860434, 0.333433188793, 4.61832376926, 
resistor:  1


2.92951190476 4.5048862102, 1.53775999438, 0.333151635803, 4.61854091445, 
resistor:  1


3.03035714286 4.65787969412, 1.53707285133, 0.332990395505, 4.6186518431, 
resistor:  1


3.13120238095 4.81085995974, 1.53642574782, 0.332837859266, 4.61874557946, 
resistor:  1


3.23211904762 4.96354961184, 1.53569517048, 0.332667914264, 4.61881720537, 
resistor:  1


3.33297619048 5.11581240774, 1.53490817677, 0.332482119451, 4.61896546561, 
resistor:  1


3.43386904762 5.28284919509, 1.5384538903, 0.33335889492, 4.61765424199, 
resistor:  1


3.53470238095 5.43636278199, 1.53799731804, 0.333240773217, 4.61789072762, 
resistor:  1


3.63570238095 5.58963957737, 1.53743045819, 0.333089607711, 4.61819841337, 
resistor:  1


3.73678571429 5.74390207039, 1.53712375008, 0.333001966939, 4.61843604024, 
resistor:  1


3.83771428571 5.89606720578, 1.53634866142, 0.332802594056, 4.61882010864, 
resistor:  1


3.93861904762 6.04930240302, 1.53589426392, 0.332681461738, 4.61908048791, 
resistor:  1


4.03939285714 6.20170866005, 1.53530713139, 0.332530868918, 4.61935565732, 
resistor:  1


4.14026190476 6.35450868229, 1.53480838374, 0.332400967113, 4.61961258631, 
resistor:  1


4.24117857143 6.5078445994, 1.53444248805, 0.332304408395, 4.61980672659, 
resistor:  1


4.34202380952 6.66073839828, 1.53401701383, 0.332195689652, 4.61999704967, 
resistor:  1


4.44297619048 6.82870479111, 1.5369663258, 0.332911555638, 4.61906655922, 
resistor:  1


4.54445238095 6.98408713211, 1.53683800525, 0.332879538357, 4.61910991987, 
resistor:  1


4.64582142857 7.13787516419, 1.53640755977, 0.332781369035, 4.61913554636, 
resistor:  1


4.747 7.29050868067, 1.53581392051, 0.332640546502, 4.6192672763, 
resistor:  1


4.84821428571 7.44339194984, 1.53528526406, 0.332518095361, 4.6193354699, 
resistor:  1


4.94951190476 7.59616591521, 1.534730305, 0.332386872657, 4.61945100191, 
resistor:  1


5.05066666667 7.75044712579, 1.53453942564, 0.332347451056, 4.61940440133, 
resistor:  1


5.15198809524 7.904092297, 1.53418295052, 0.332263950681, 4.61945513121, 
resistor:  1


5.2533452381 8.05763845951, 1.53381095175, 0.332178556843, 4.61948654727, 
resistor:  1


5.3545 8.21421521036, 1.53407698391, 0.332250703316, 4.61929463001, 
resistor:  1


5.45566666667 8.40773231137, 1.54110080858, 0.333991359823, 4.61699712107, 
resistor:  1


5.55689285714 8.58600648909, 1.54510923817, 0.334945243384, 4.61597951755, 
resistor:  1


5.65823809524 8.76048078404, 1.5482700863, 0.335682647827, 4.61530645548, 
resistor:  1


5.7594047619 8.94530289473, 1.55316447871, 0.336849729762, 4.61408536431, 
resistor:  1


5.86051190476 9.12266982182, 1.55663361325, 0.33766969411, 4.61326084428, 
resistor:  1


5.96155952381 9.30430272103, 1.5607162327, 0.338646226464, 4.61220234044, 
resistor:  1


6.06266666667 9.4828597538, 1.56414005176, 0.339467067839, 4.61136293224, 
resistor:  1


6.16380952381 9.67016089259, 1.56886108424, 0.340618440607, 4.61004820306, 
resistor:  1


6.26497619048 9.86527676948, 1.57467107129, 0.34204278705, 4.60836043147, 
resistor:  1


6.36604761905 10.0623487346, 1.58062731176, 0.343484010591, 4.60677370261, 
resistor:  1


6.46727380952 10.277700449, 1.58918591538, 0.345574755579, 4.6045166559, 
resistor:  1


6.56854761905 10.4756509622, 1.59481997691, 0.346929082813, 4.60314615344, 
resistor:  1


6.66980952381 10.675337157, 1.60054603043, 0.348323960822, 4.60158405007, 
resistor:  1


6.77113095238 10.880477698, 1.60689222739, 0.349858737665, 4.5999671237, 
resistor:  1


6.87223809524 11.0802469162, 1.61231999862, 0.351177099129, 4.59852631764, 
resistor:  1


6.97328571429 11.2801976425, 1.61763021117, 0.352460781752, 4.59717176993, 
resistor:  1


7.07438095238 11.4786724623, 1.62256917455, 0.3536555882, 4.59588704475, 
resistor:  1


7.17567857143 11.6791189935, 1.62759784698, 0.354868149408, 4.59463764004, 
resistor:  1


7.27683333333 11.8772520797, 1.63220064768, 0.355989439493, 4.59337459506, 
resistor:  1


7.37814285714 12.076974068, 1.63685825848, 0.357117259163, 4.59216130166, 
resistor:  1


7.47961904762 12.2791169164, 1.64167678036, 0.358299591727, 4.59076640391, 
resistor:  1


7.58095238095 12.4764498541, 1.64576285764, 0.359272628101, 4.58985556903, 
resistor:  1


7.68214285714 12.6649167337, 1.64861770592, 0.359945585356, 4.58923616559, 
resistor:  1


7.78327380952 12.8620659819, 1.65252646851, 0.360873748562, 4.58838367483, 
resistor:  1


7.88451190476 13.0532564924, 1.65555669775, 0.361589921114, 4.58772592438, 
resistor:  1


7.98564285714 13.2466370554, 1.65880659733, 0.362359686891, 4.58703202409, 
resistor:  1


8.08672619048 13.4337882726, 1.66121468146, 0.36292491614, 4.58651667775, 
resistor:  1


8.18797619048 13.630728878, 1.66472502617, 0.363763420191, 4.58569998726, 
resistor:  1


8.28930952381 13.8226399049, 1.6675260907, 0.364432797327, 4.58499865559, 
resistor:  1


8.39046428571 14.0156003349, 1.67042011713, 0.365115021241, 4.58438875392, 
resistor:  1


8.49161904762 14.2240882237, 1.6750737573, 0.366253885407, 4.58312458651, 
resistor:  1


8.59275 14.4167933484, 1.67778573197, 0.366906481098, 4.58243933523, 
resistor:  1


8.6938452381 14.6229885061, 1.68199319238, 0.367938353676, 4.58128094192, 
resistor:  1


8.79496428571 14.8365381758, 1.6869355797, 0.369155523329, 4.57993333135, 
resistor:  1


8.89601190476 15.0303532649, 1.68956083083, 0.369790418408, 4.57924069095, 
resistor:  1


8.99705952381 15.2257729809, 1.69230546276, 0.370456677464, 4.57849791051, 
resistor:  1


9.09835714286 15.421881183, 1.69501822591, 0.371113310946, 4.57778959466, 
resistor:  1


9.19953571429 15.618343815, 1.69773174431, 0.371769965706, 4.5770811817, 
resistor:  1


9.30069047619 15.8104714252, 1.69992448041, 0.372297439049, 4.576525712, 
resistor:  1


9.40178571429 16.0101878064, 1.70288797181, 0.373018954401, 4.57572731185, 
resistor:  1


9.50291666667 16.2166538538, 1.70649227208, 0.373906172804, 4.57467544585, 
resistor:  1


9.60417857143 16.4110042194, 1.7087358484, 0.374436298319, 4.57422842967, 
resistor:  1


9.70563095238 16.6128345153, 1.71166970976, 0.375140093147, 4.5735512936, 
resistor:  1


9.80691666667 16.8234654042, 1.71546939532, 0.376067841311, 4.57259615303, 
resistor:  1


9.90808333333 17.0438578079, 1.72019726061, 0.37723180798, 4.57133153636, 
resistor:  1


10.00925 17.2613926695, 1.72454406369, 0.37830045085, 4.57023440016, 
resistor:  1


10.1103928571 17.4611007926, 1.72704473895, 0.378901975204, 4.56963774665, 
resistor:  1


10.2115714286 17.6587967452, 1.72929278012, 0.379441864427, 4.56910045336, 
resistor:  1


10.3125952381 17.8565087029, 1.73152424687, 0.379978932644, 4.56854916232, 
resistor:  1


10.4136428571 18.0577804983, 1.73405029787, 0.38058287554, 4.56798994801, 
resistor:  1


10.5147619048 18.2644720877, 1.73703144714, 0.381310247816, 4.5671971115, 
resistor:  1


10.6158214286 18.4591699866, 1.73883576611, 0.38174513624, 4.5667081258, 
resistor:  1


10.7168452381 18.6557311136, 1.74078571624, 0.382216037562, 4.56619193488, 
resistor:  1


10.8179166667 18.8531800275, 1.74277364196, 0.382695765368, 4.5656688419, 
resistor:  1


10.919 19.0589028634, 1.74548061758, 0.383360719366, 4.56494643708, 
resistor:  1


11.020047619 19.2794290869, 1.74948691271, 0.384352640373, 4.56383453312, 
resistor:  1


11.1213571429 19.4970836754, 1.75312090287, 0.385249133168, 4.5628344309, 
resistor:  1


11.222702381 19.7357808969, 1.75855869887, 0.386606989794, 4.56137578104, 
resistor:  1


11.3238928571 19.9761665966, 1.76407237764, 0.387983556886, 4.5598899624, 
resistor:  1


11.4250595238 20.1980938309, 1.76787646391, 0.388923970798, 4.55885703281, 
resistor:  1


11.5262261905 20.4263183808, 1.7721601193, 0.389988414244, 4.55768328783, 
resistor:  1


11.627452381 20.6454873063, 1.77558132512, 0.390821293656, 4.55684773957, 
resistor:  1


11.7285833333 20.8517576496, 1.77785816556, 0.391367093908, 4.55635213027, 
resistor:  1


11.8296547619 21.050832051, 1.7794967372, 0.391756930018, 4.55597836035, 
resistor:  1


11.9307380952 21.2491311793, 1.78104078806, 0.392121645063, 4.55564905862, 
resistor:  1


12.031952381 21.4483827249, 1.78261865123, 0.392496823508, 4.55528588711, 
resistor:  1


12.1334404762 21.6570435299, 1.78490540852, 0.393052345005, 4.55470174253, 
resistor:  1


12.234797619 21.8508435618, 1.78595872545, 0.393299955395, 4.55447402652, 
resistor:  1


12.3360952381 22.0511820394, 1.78753338182, 0.393674177664, 4.55413219736, 
resistor:  1


12.4373095238 22.2443696958, 1.78851942643, 0.393904200809, 4.55392823779, 
resistor:  1


12.5385238095 22.4495982702, 1.79044986565, 0.394377606474, 4.55336730657, 
resistor:  1


12.6398214286 22.6517836809, 1.79209681156, 0.394783717544, 4.55286875082, 
resistor:  1


12.7411428571 22.8522678965, 1.7935806978, 0.395149293301, 4.55241032778, 
resistor:  1


12.842297619 23.0493043118, 1.79479599332, 0.395441321882, 4.55208978579, 
resistor:  1


12.9434285714 23.2430918973, 1.79574459495, 0.395666369985, 4.55185191027, 
resistor:  1


13.0447380952 23.4404467619, 1.79692735805, 0.395953487506, 4.55151339069, 
resistor:  1


13.1460714286 23.6372839904, 1.79804925896, 0.396222565717, 4.55122245418, 
resistor:  1


13.2472380952 23.8319244624, 1.79901080445, 0.396452263441, 4.5509665126, 
resistor:  1


13.3484047619 24.0276797634, 1.80004129272, 0.396696230951, 4.55071916285, 
resistor:  1


13.4495833333 24.2233047049, 1.80104499185, 0.396938037515, 4.55045004909, 
resistor:  1


13.55075 24.423308934, 1.80235846237, 0.397254382541, 4.55010357012, 
resistor:  1


13.6518214286 24.6283150298, 1.80403143703, 0.397661428514, 4.54966586398, 
resistor:  1


13.7531904762 24.828543631, 1.80529337349, 0.397965052299, 4.54935131385, 
resistor:  1


13.8543095238 25.0252563995, 1.80631567069, 0.398207310124, 4.54913233524, 
resistor:  1


13.9553690476 25.222035079, 1.80733558481, 0.398451166115, 4.54890792773, 
resistor:  1


14.0564404762 25.420545943, 1.8084625326, 0.398719442679, 4.5486523256, 
resistor:  1


14.1576547619 25.6160027415, 1.80933941195, 0.398924882405, 4.54848145374, 
resistor:  1


14.2589761905 25.8096840874, 1.8100657258, 0.399091984009, 4.54834847196, 
resistor:  1


14.3601547619 26.0086539411, 1.81116808087, 0.399355579809, 4.54809418293, 
resistor:  1


14.4613452381 26.2020671876, 1.81186928023, 0.399518995178, 4.54795209975, 
resistor:  1


14.562547619 26.4019745253, 1.81300519772, 0.399797190287, 4.54762543224, 
resistor:  1


14.6637380952 26.6130012302, 1.81488519894, 0.400261437954, 4.54709686588, 
resistor:  1


14.7648333333 26.8081945297, 1.81567877703, 0.400454201097, 4.54686030368, 
resistor:  1


14.8658571429 27.0007531781, 1.81629306125, 0.40060264983, 4.54667348989, 
resistor:  1


14.967 27.196012033, 1.81706501189, 0.400787099923, 4.54648255133, 
resistor:  1


15.0683214286 27.3942216999, 1.81800088548, 0.401014643561, 4.54621488238, 
resistor:  1


15.1698333333 27.5951113834, 1.8190780859, 0.401275499606, 4.54593306988, 
resistor:  1


15.271 27.7914524604, 1.81988425515, 0.401469061175, 4.54572030919, 
resistor:  1


15.3721071429 27.9893023592, 1.8207850166, 0.401684157663, 4.54549710595, 
resistor:  1


15.4731547619 28.1821130923, 1.82135534259, 0.401821031481, 4.54533105833, 
resistor:  1


15.5742261905 28.3866965466, 1.82267139307, 0.402142079862, 4.54498864144, 
resistor:  1


15.6755 28.5896880822, 1.82384536903, 0.402421793967, 4.54472281635, 
resistor:  1


15.7768690476 28.7852845739, 1.82452452936, 0.402582565781, 4.54455534416, 
resistor:  1


15.8779642857 28.9831353592, 1.82536846901, 0.40278079732, 4.54437692087, 
resistor:  1


15.9789761905 29.1744976535, 1.82580518962, 0.402876526362, 4.54433143671, 
resistor:  1


16.0801071429 29.3668646014, 1.82628538109, 0.402984616172, 4.54426072161, 
resistor:  1


16.1812142857 29.5652969643, 1.82713710123, 0.40318610968, 4.54407715385, 
resistor:  1


16.2823452381 29.7602506186, 1.82776192148, 0.403330689481, 4.54396174506, 
resistor:  1


16.3834047619 29.9535911269, 1.82828853722, 0.403450275854, 4.54387750656, 
resistor:  1


16.4845357143 30.1502945947, 1.82900477862, 0.403616235547, 4.5437545964, 
resistor:  1


16.5858690476 30.3478471848, 1.82974115481, 0.40379672658, 4.54353391415, 
resistor:  1


16.6873690476 30.5552992908, 1.8310435398, 0.404116739449, 4.54315591045, 
resistor:  1


16.7886309524 30.7489526995, 1.83153425593, 0.404235436415, 4.54300242655, 
resistor:  1


16.8898571429 30.9428854905, 1.83203950328, 0.404359125707, 4.54283115, 
resistor:  1


16.9910357143 31.1379204126, 1.83260873182, 0.404494671659, 4.54267536804, 
resistor:  1


17.0923452381 31.3379700635, 1.83345056673, 0.404699329357, 4.54243522537, 
resistor:  1


17.1938214286 31.5334369266, 1.83399816368, 0.404830237884, 4.54228585283, 
resistor:  1


17.2951071429 31.7274723026, 1.83447677083, 0.404943481367, 4.54216456203, 
resistor:  1


17.3964285714 31.922008947, 1.83497485222, 0.405063900789, 4.54203245191, 
resistor:  1


17.4976190476 32.1114868104, 1.83519178941, 0.405111071992, 4.54199501726, 
resistor:  1


17.5988214286 32.306663432, 1.83572880509, 0.405237869259, 4.54187317287, 
resistor:  1


17.6999642857 32.5171714656, 1.83713203828, 0.405579971081, 4.54150451381, 
resistor:  1


17.8010238095 32.7164716395, 1.83789831358, 0.405762985622, 4.54132232714, 
resistor:  1


17.9021428571 32.9103765169, 1.83834844686, 0.40586672243, 4.54123827179, 
resistor:  1


18.0032857143 33.1053958286, 1.8388529935, 0.405982307398, 4.54115447498, 
resistor:  1


18.1043452381 33.3018941339, 1.83944206189, 0.406117109889, 4.54105989497, 
resistor:  1


18.2054047619 33.4977589092, 1.83998979134, 0.406244188598, 4.54095689155, 
resistor:  1


18.310952381 33.6967181308, 1.84024934529, 0.406298362104, 4.54095022359, 
resistor:  1


18.4121547619 33.8970957816, 1.84101731817, 0.406482220959, 4.54076848593, 
resistor:  1


18.5133928571 34.0905404614, 1.84139885781, 0.406569395045, 4.54071121537, 
resistor:  1


18.6146547619 34.2844209899, 1.84179730585, 0.406665415556, 4.5405902732, 
resistor:  1


18.7161428571 34.4923432784, 1.84291942745, 0.406942811101, 4.54026949906, 
resistor:  1


18.8173690476 34.6902428662, 1.84352248066, 0.407089724177, 4.54009279676, 
resistor:  1


18.9184642857 34.8850335148, 1.84396751174, 0.407200202058, 4.53993795733, 
resistor:  1


19.0196190476 35.0772548394, 1.84426695149, 0.407269269811, 4.53987113834, 
resistor:  1


19.1207261905 35.2698504081, 1.84458738945, 0.407343477413, 4.53979804815, 
resistor:  1


19.2218571429 35.4674678899, 1.84516343173, 0.407483712781, 4.53963445947, 
resistor:  1


19.322952381 35.662364784, 1.84559606011, 0.407586623925, 4.53952299022, 
resistor:  1


19.4240238095 35.8563495607, 1.84597948974, 0.407677400988, 4.53941745644, 
resistor:  1


19.5250714286 36.049756389, 1.84633160093, 0.407757679265, 4.53936040138, 
resistor:  1


19.6262142857 36.2425623677, 1.8466405105, 0.407827339633, 4.53930256668, 
resistor:  1


19.7274047619 36.4506655096, 1.84771722127, 0.40808928309, 4.53902988765, 
resistor:  1


19.8285595238 36.650311124, 1.8483597399, 0.408244570593, 4.53887031624, 
resistor:  1


19.9296547619 36.8457769915, 1.8487915336, 0.408345228587, 4.53878452149, 
resistor:  1


20.0308928571 37.044065968, 1.8493467182, 0.408476991002, 4.53866428001, 
resistor:  1


20.1321904762 37.2366042211, 1.84960520144, 0.408531876992, 4.53865692204, 
resistor:  1


20.2335238095 37.4323889012, 1.85001827925, 0.408627788364, 4.53857926958, 
resistor:  1


20.3346904762 37.6307177908, 1.85056752326, 0.408756213199, 4.53847723135, 
resistor:  1


20.4358214286 37.826727566, 1.85100108152, 0.408858052302, 4.53838554879, 
resistor:  1


20.536952381 38.0168767772, 1.85114500302, 0.408892254365, 4.53832967365, 
resistor:  1


20.6381547619 38.210244365, 1.85143704976, 0.408967324187, 4.53819838185, 
resistor:  1


20.7392857143 38.4172232329, 1.85238892806, 0.409204978232, 4.53791116779, 
resistor:  1


20.840297619 38.616403031, 1.85296792478, 0.409347190602, 4.53774740809, 
resistor:  1


20.9414047619 38.8108846567, 1.85330855776, 0.409428964261, 4.53764864315, 
resistor:  1


21.0424761905 39.0075393087, 1.85375233198, 0.409536148105, 4.53752984951, 
resistor:  1


21.1436190476 39.2025292442, 1.85410686581, 0.409619264066, 4.53745731042, 
resistor:  1


21.2448214286 39.3945876946, 1.85431484219, 0.409667857772, 4.53740294953, 
resistor:  1


21.345952381 39.592693356, 1.85481034762, 0.409786760961, 4.53727881763, 
resistor:  1


21.4470833333 39.7871877876, 1.85513280147, 0.40986275859, 4.53719642518, 
resistor:  1


21.5484166667 39.9854148848, 1.85560802463, 0.409974511054, 4.53709971413, 
resistor:  1


21.6497261905 40.181066636, 1.85596188527, 0.410056537713, 4.53703452145, 
resistor:  1


21.7510833333 40.3813215553, 1.85652001495, 0.410187922241, 4.53691655253, 
resistor:  1


21.8522380952 40.5857856007, 1.85728278375, 0.410372826282, 4.5367260491, 
resistor:  1


21.9533333333 40.7809201007, 1.85761858947, 0.410451394314, 4.53665284866, 
resistor:  1


22.0544047619 40.9752759246, 1.85791801533, 0.410520199589, 4.53660133868, 
resistor:  1


22.1555238095 41.1700991141, 1.85823181018, 0.410590849236, 4.5365667067, 
resistor:  1


22.256702381 41.3652246422, 1.85855136732, 0.410664670064, 4.53650923188, 
resistor:  1


22.358 41.5644493594, 1.85904147774, 0.410779498089, 4.53641336066, 
resistor:  1


22.4593333333 41.7644717508, 1.8595597265, 0.410902901618, 4.53629970045, 
resistor:  1


22.5604880952 41.957701671, 1.85978696444, 0.410955071602, 4.53624723445, 
resistor:  1


22.661797619 42.1539475398, 1.86013255649, 0.411038793444, 4.53614470409, 
resistor:  1


22.7631785714 42.3554949399, 1.8607021338, 0.411179489677, 4.53597251072, 
resistor:  1


22.8645119048 42.5611328077, 1.8614494368, 0.41136290947, 4.53576253876, 
resistor:  1


22.9660833333 42.757249773, 1.86175627565, 0.411436833811, 4.53567492557, 
resistor:  1


23.06725 42.9508684985, 1.86198478356, 0.411492950596, 4.53560177826, 
resistor:  1


23.1686428571 43.144380322, 1.86218850142, 0.411542698326, 4.53553446207, 
resistor:  1


23.2700238095 43.3466289543, 1.86276685014, 0.411683566048, 4.53537967089, 
resistor:  1


23.3711666667 43.5405745609, 1.86300389629, 0.411738177504, 4.53533242794, 
resistor:  1


23.4725595238 43.74001855, 1.86345330196, 0.411848497927, 4.53519340499, 
resistor:  1


23.573797619 43.9344799235, 1.86369971582, 0.411904005805, 4.53516723079, 
resistor:  1


23.6750595238 44.1274237708, 1.86387804966, 0.411942043619, 4.53516122856, 
resistor:  1


23.77625 44.3327594067, 1.86458164793, 0.412113107511, 4.53498931749, 
resistor:  1


23.8772857143 44.5433395048, 1.86551101485, 0.41233974544, 4.53475151126, 
resistor:  1


23.9784761905 44.738703662, 1.86578593679, 0.41240255645, 4.53470586076, 
resistor:  1


24.0796309524 44.9338539906, 1.86605243575, 0.412463675269, 4.53466491163, 
resistor:  1


24.1808333333 45.1259491241, 1.86618668191, 0.412491222577, 4.53466640837, 
resistor:  1


24.2820714286 45.3237081473, 1.86655031803, 0.412576106171, 4.53459806296, 
resistor:  1


24.3832619048 45.5190709256, 1.86681630634, 0.412636796582, 4.53455957009, 
resistor:  1


24.4844047619 45.7157487547, 1.86713743704, 0.412711202377, 4.53450036934, 
resistor:  1


24.5856071429 45.9124645326, 1.86745294781, 0.412786427004, 4.53442260742, 
resistor:  1


24.687 46.1209956948, 1.86823006825, 0.412976154818, 4.53421725749, 
resistor:  1


24.7883809524 46.3312634514, 1.8690717857, 0.413185654347, 4.53396113714, 
resistor:  1


24.8896666667 46.5328931652, 1.86956674785, 0.413302966471, 4.53384624208, 
resistor:  1


24.9907857143 46.7333071889, 1.87002152406, 0.413410623297, 4.53373816386, 
resistor:  1


25.0920119048 46.933826994, 1.87046886364, 0.413514496638, 4.53365188652, 
resistor:  1


25.1931547619 47.1331054012, 1.87086952177, 0.413608742517, 4.53356186166, 
resistor:  1


25.2943571429 47.3323253793, 1.8712602622, 0.413699996319, 4.5334742498, 
resistor:  1


25.3956190476 47.5415827042, 1.87203874082, 0.413890599699, 4.53326686544, 
resistor:  1


25.4967380952 47.7472876708, 1.87268220321, 0.414052242912, 4.53304393908, 
resistor:  1


25.5978928571 47.9470722582, 1.87308668435, 0.414149425986, 4.53293036736, 
resistor:  1


25.6989761905 48.1493420564, 1.87358989321, 0.414269673131, 4.53280593576, 
resistor:  1


25.8001666667 48.3496354017, 1.87400477006, 0.414369034464, 4.5326948512, 
resistor:  1


25.9014166667 48.5506161516, 1.87443863695, 0.414468656324, 4.53262577994, 
resistor:  1


26.0028333333 48.7534062286, 1.87492668986, 0.4145853317, 4.53250890384, 
resistor:  1


26.1042380952 48.9709261107, 1.87597607454, 0.414848233869, 4.53219726303, 
resistor:  1


26.2056428571 49.1926003883, 1.87717586844, 0.41514438756, 4.53188573958, 
resistor:  1


26.3069404762 49.4052638094, 1.87803153522, 0.415354437517, 4.53165914496, 
resistor:  1


26.4081190476 49.6015634801, 1.87826945913, 0.415412614004, 4.53158514287, 
resistor:  1


26.5092857143 49.7940913878, 1.87836412963, 0.41543548667, 4.53154889646, 
resistor:  1


26.6103809524 49.9962937992, 1.87882668379, 0.415552241665, 4.53138420486, 
resistor:  1


26.7115952381 50.1873703045, 1.87886084141, 0.415557046035, 4.53139353085, 
resistor:  1


26.812797619 50.3800094241, 1.87895385405, 0.415579163316, 4.53135616718, 
resistor:  1


26.9141428571 50.5747375895, 1.87911381232, 0.415616165924, 4.53131988886, 
resistor:  1


27.0156666667 50.7704854187, 1.87929789204, 0.415660112581, 4.53126757589, 
resistor:  1


27.117047619 50.9746502857, 1.87980089138, 0.415784887119, 4.53110940364, 
resistor:  1


27.2182142857 51.1729383035, 1.88009903098, 0.415859140889, 4.53101391165, 
resistor:  1


27.3193095238 51.3710375764, 1.88039297009, 0.415930092427, 4.53093828282, 
resistor:  1


27.4204404762 51.5670945805, 1.88060781246, 0.415981491397, 4.53087916741, 
resistor:  1


27.5218452381 51.7595394805, 1.88067111899, 0.415994590826, 4.53087543853, 
resistor:  1


27.6231428571 51.9527181734, 1.88076782001, 0.416014256963, 4.53087357077, 
resistor:  1


27.7244761905 52.1521514787, 1.88108699044, 0.416088441734, 4.53081842221, 
resistor:  1


27.8257142857 52.3471038188, 1.88124923879, 0.416125495927, 4.53078983353, 
resistor:  1


27.9269047619 52.5408714432, 1.88137109684, 0.416150958789, 4.530789761, 
resistor:  1


28.0281190476 52.7343989623, 1.8814819101, 0.416174598452, 4.53078496288, 
resistor:  1


28.1292738095 52.9390736416, 1.88199219077, 0.416299147889, 4.53065428344, 
resistor:  1


28.2303095238 53.1398617141, 1.88236907815, 0.416388349186, 4.53057941833, 
resistor:  1


28.3313928571 53.3341196543, 1.88250962186, 0.416418795092, 4.53057452783, 
resistor:  1


28.4324642857 53.528075411, 1.88263932641, 0.416447259151, 4.53056177103, 
resistor:  1


28.5335238095 53.7202246759, 1.8827055864, 0.416461191827, 4.5305561439, 
resistor:  1


28.6346904762 53.9167154772, 1.88291595197, 0.416513244379, 4.53048803335, 
resistor:  1


28.7358452381 54.1133949153, 1.88313218097, 0.416565324137, 4.53043138761, 
resistor:  1


28.837 54.3062080102, 1.88321281722, 0.416585908323, 4.53038757979, 
resistor:  1


28.9380595238 54.4999026034, 1.8833295494, 0.416611921154, 4.53036846967, 
resistor:  1


29.0391785714 54.6955670548, 1.88350944295, 0.416656380875, 4.5303084058, 
resistor:  1


29.1405119048 54.8976635506, 1.88389496142, 0.416751028084, 4.53019963068, 
resistor:  1


29.2420714286 55.1079073201, 1.88454184768, 0.416913167302, 4.53000696522, 
resistor:  1


29.3435714286 55.3000821813, 1.88457230968, 0.416917494283, 4.53001404589, 
resistor:  1


29.44475 55.4941531303, 1.88468752936, 0.4169445341, 4.52998063624, 
resistor:  1


29.5459047619 55.6913546758, 1.88490943583, 0.416994757873, 4.52995399116, 
resistor:  1


29.6470952381 55.885128036, 1.88501192401, 0.417016350477, 4.52995257474, 
resistor:  1


29.7482857143 56.077857877, 1.88507863665, 0.417026975763, 4.52997737546, 
resistor:  1


29.8496190476 56.2761477925, 1.88532214441, 0.417084977856, 4.52991602446, 
resistor:  1


29.9509880952 56.4694952238, 1.88539673697, 0.417098377929, 4.52993140309, 
resistor:  1


30.05225 56.6645727961, 1.88553511954, 0.417128765452, 4.52991794093, 
resistor:  1


30.1535 56.8598880899, 1.88568120085, 0.417163372846, 4.52988042655, 
resistor:  1


30.2546666667 57.0693547678, 1.88629924093, 0.417313770179, 4.52972813128, 
resistor:  1


30.3558452381 57.2623944239, 1.88637127297, 0.417329480278, 4.52971509354, 
resistor:  1


30.457047619 57.4553947583, 1.88644006067, 0.41734537273, 4.52969512361, 
resistor:  1


30.5582619048 57.6520682025, 1.88662785803, 0.417392374762, 4.52962280735, 
resistor:  1


30.6596190476 57.8453353606, 1.88669452385, 0.417410063416, 4.52958104152, 
resistor:  1


30.7610238095 58.0413189775, 1.88684613805, 0.417448214393, 4.52951731649, 
resistor:  1


30.86225 58.234876343, 1.88692905874, 0.417468591014, 4.52947940829, 
resistor:  1


30.9633928571 58.4269695166, 1.88696922802, 0.417479198281, 4.52944623818, 
resistor:  1


31.064547619 58.621467278, 1.88708581876, 0.417509163705, 4.52938484123, 
resistor:  1


31.1656666667 58.8177635715, 1.88726152405, 0.417553197498, 4.52931598237, 
resistor:  1


31.2668333333 59.0257134664, 1.88780593279, 0.41769006143, 4.52913816306, 
resistor:  1


31.3679285714 59.2238862632, 1.88803943902, 0.417746704565, 4.52907373381, 
resistor:  1


31.4692857143 59.4164531223, 1.88807758974, 0.417755523916, 4.52905751002, 
resistor:  1


31.5705119048 59.6109294111, 1.88818380871, 0.417777608559, 4.52905530796, 
resistor:  1


31.6716071429 59.8042680807, 1.88826123698, 0.417794382489, 4.52904839366, 
resistor:  1


31.7727857143 59.9998645847, 1.88840428171, 0.417826187296, 4.52903748228, 
resistor:  1


31.8738809524 60.1929890843, 1.88847380005, 0.417839942373, 4.52904382701, 
resistor:  1


31.9749761905 60.3900018556, 1.88866448237, 0.417883602951, 4.52901703668, 
resistor:  1


32.0760714286 60.5831147535, 1.88873238072, 0.417896926831, 4.52902139648, 
resistor:  1


32.1776190476 60.7813403501, 1.88893218793, 0.417943612617, 4.52898253342, 
resistor:  1


32.2789880952 60.990723327, 1.88948684349, 0.418077348946, 4.52886192024, 
resistor:  1


32.3800952381 61.1849835885, 1.88958627634, 0.418098713049, 4.52885882827, 
resistor:  1


32.481297619 61.3758704629, 1.88957569315, 0.41809261424, 4.5288855264, 
resistor:  1


32.5824880952 61.5751016602, 1.88982196449, 0.418152478142, 4.52882331839, 
resistor:  1


32.6838571429 61.7696962046, 1.88991452063, 0.418174451658, 4.52879741312, 
resistor:  1


32.7853214286 61.9694704727, 1.89015900325, 0.418235382522, 4.52872114674, 
resistor:  1


32.8869047619 62.166337798, 1.89030674209, 0.418271498692, 4.52867721348, 
resistor:  1


32.988297619 62.3623161837, 1.89043753951, 0.418303437448, 4.52863875926, 
resistor:  1


33.0897261905 62.5652274812, 1.8907750134, 0.418387783368, 4.5285342847, 
resistor:  1


33.1912738095 62.7645478583, 1.89099545316, 0.418443781178, 4.5284532409, 
resistor:  1


33.2927261905 62.9758374556, 1.8915794728, 0.418587970827, 4.52829247149, 
resistor:  1


33.394047619 63.1708050851, 1.89167859511, 0.418612128251, 4.52825973575, 
resistor:  1


33.4954047619 63.3672441503, 1.89181903012, 0.418645859027, 4.52822335229, 
resistor:  1


33.5968095238 63.5630397626, 1.89193678399, 0.418671204781, 4.52822203466, 
resistor:  1


33.6983333333 63.7614986589, 1.89212617812, 0.418713403246, 4.52820341918, 
resistor:  1


33.7998333333 63.9559075402, 1.89219594397, 0.418728206954, 4.52819812842, 
resistor:  1


33.9012619048 64.1517052158, 1.89231024485, 0.418752203117, 4.52819738392, 
resistor:  1


34.0026547619 64.3453656443, 1.89236299621, 0.418762289948, 4.52820727994, 
resistor:  1


34.1038214286 64.5376307741, 1.89238707191, 0.418764975383, 4.52822831135, 
resistor:  1


34.2051904762 64.7354037738, 1.8925608328, 0.418805513953, 4.52819509097, 
resistor:  1


34.3064404762 64.943220948, 1.89303291296, 0.418919163756, 4.52809419373, 
resistor:  1


34.4076071429 65.1357945758, 1.89306377236, 0.418924623622, 4.52809658651, 
resistor:  1


34.5088095238 65.3226653362, 1.89292723329, 0.41888932205, 4.52813799376, 
resistor:  1


34.6101547619 65.5192826725, 1.89306529032, 0.418923192715, 4.52809728295, 
resistor:  1


34.7113809524 65.7404772527, 1.8939170799, 0.419136152197, 4.52785005295, 
resistor:  1


34.8125119048 65.9502562971, 1.89444118475, 0.419267879975, 4.52768347157, 
resistor:  1


34.91375 66.1618394203, 1.89500811057, 0.419407869127, 4.52752222024, 
resistor:  1


35.0149880952 66.3684542784, 1.89542986843, 0.419512868602, 4.52738937264, 
resistor:  1


35.1163452381 66.5804917327, 1.89599718539, 0.419653555591, 4.52722807836, 
resistor:  1


35.2177857143 66.7883254706, 1.89643738571, 0.419762411161, 4.52710068091, 
resistor:  1


35.3190357143 67.0070266207, 1.89719298009, 0.419949938509, 4.52689188001, 
resistor:  1


35.4201904762 67.209973878, 1.89750458635, 0.42002690637, 4.52679042615, 
resistor:  1


35.5215 67.410925921, 1.89774998018, 0.420084298245, 4.52673794863, 
resistor:  1


35.6226904762 67.6108126178, 1.89797041476, 0.420133357095, 4.52671423577, 
resistor:  1


35.7238214286 67.810201963, 1.89817884121, 0.420178641892, 4.52670545705, 
resistor:  1


35.8249285714 68.0301158048, 1.89896026364, 0.420374266849, 4.52647990276, 
resistor:  1


35.9259880952 68.2493305624, 1.89972034677, 0.420559975787, 4.52630053766, 
resistor:  1


36.0270119048 68.4601311541, 1.90024449807, 0.420687005987, 4.52617793305, 
resistor:  1


36.1281071429 68.656119599, 1.90035197049, 0.420710067699, 4.52618191386, 
resistor:  1


36.2291190476 68.8514381871, 1.90044472505, 0.42072997034, 4.52617984513, 
resistor:  1


36.3302380952 69.0594508003, 1.90088076547, 0.420835889071, 4.52608290968, 
resistor:  1


36.4313452381 69.2556833116, 1.90099165592, 0.420860864215, 4.52607302428, 
resistor:  1


36.5325833333 69.4516994999, 1.90108919663, 0.420885174142, 4.526038642, 
resistor:  1


36.6341190476 69.6450482481, 1.90109793981, 0.420888416334, 4.52601289018, 
resistor:  1


36.7356904762 69.8402613344, 1.90115553646, 0.420904091363, 4.52597225477, 
resistor:  1


36.8369880952 70.03678136, 1.90126242621, 0.420932009644, 4.52591495831, 
resistor:  1


36.9384761905 70.226882567, 1.9011851546, 0.420913005278, 4.52592458057, 
resistor:  1


37.0398333333 70.425362637, 1.90134123993, 0.420953648514, 4.52585087973, 
resistor:  1


37.1409880952 70.6178449691, 1.90134534892, 0.420955551408, 4.52582658929, 
resistor:  1


37.2423690476 70.8114547233, 1.90136816035, 0.420960223057, 4.52581905324, 
resistor:  1


37.343702381 71.0184360841, 1.90175134109, 0.421054138224, 4.52571992689, 
resistor:  1


37.4448214286 71.2148340148, 1.90186069256, 0.42108124136, 4.52568310615, 
resistor:  1


37.545952381 71.4109133887, 1.9019603675, 0.421104161752, 4.52566433226, 
resistor:  1


37.6470952381 71.6045796295, 1.90199480668, 0.421109012151, 4.52568348496, 
resistor:  1


37.748297619 71.7958486551, 1.90196255682, 0.421097706196, 4.52571905338, 
resistor:  1


37.8494285714 71.9801809699, 1.90175079748, 0.421043231525, 4.52578904142, 
resistor:  1


37.9505119048 72.1734071857, 1.90177690796, 0.421046478677, 4.52580433125, 
resistor:  1


38.0516309524 72.3701997196, 1.90189481786, 0.421073891758, 4.52578602665, 
resistor:  1


38.1530238095 72.5680776815, 1.90202690208, 0.421103149957, 4.52577600676, 
resistor:  1


38.2543809524 72.7653814469, 1.90214505202, 0.421130698978, 4.52575458141, 
resistor:  1


38.3557261905 72.9688491945, 1.90242387361, 0.421196592073, 4.52570319868, 
resistor:  1


38.4568690476 73.1669009374, 1.90257040548, 0.421231030803, 4.52567670129, 
resistor:  1


38.5579642857 73.3623969142, 1.90265223471, 0.421251202785, 4.52564726976, 
resistor:  1


38.6592857143 73.5531915514, 1.90260089374, 0.42123886407, 4.52564975743, 
resistor:  1


38.7608571429 73.7481436191, 1.90264480858, 0.421248189825, 4.5256445816, 
resistor:  1


38.8624404762 73.9455644457, 1.9027514366, 0.421274343276, 4.52560655081, 
resistor:  1


38.9638214286 74.1391638199, 1.90276931527, 0.421278151634, 4.5255986881, 
resistor:  1


39.0651904762 74.3331889907, 1.90279858064, 0.421284369163, 4.52559426574, 
resistor:  1


39.1663809524 74.5271759262, 1.90283539388, 0.42129200521, 4.52559119355, 
resistor:  1


39.2675833333 74.7266248778, 1.90301053781, 0.421334051036, 4.52554592824, 
resistor:  1


39.3687261905 74.9506705905, 1.90381243802, 0.421536007686, 4.52531391935, 
resistor:  1


39.4697619048 75.161356119, 1.90427690697, 0.421648570642, 4.52520670533, 
resistor:  1


39.5708452381 75.3668093727, 1.90460448644, 0.421727433326, 4.52513276566, 
resistor:  1


39.6721309524 75.5777888818, 1.90505997705, 0.421838975609, 4.52502322023, 
resistor:  1


39.7736785714 75.7894119307, 1.90551678026, 0.421949726657, 4.52491439093, 
resistor:  1


39.8749285714 75.9921807378, 1.90576343232, 0.422008192693, 4.52486474887, 
resistor:  1


39.9760357143 76.1839344273, 1.90574010319, 0.422001313992, 4.52487871204, 
resistor:  1


40.0771428571 76.3786462734, 1.90579070334, 0.422010238364, 4.52489117798, 
resistor:  1


40.1825357143 76.5810769272, 1.90582987275, 0.422018312162, 4.52489364713, 
resistor:  1


40.2838571429 76.7770378484, 1.90590085691, 0.422032096324, 4.52491126006, 
resistor:  1


40.385047619 76.9697309322, 1.90589674818, 0.422028072481, 4.52493545268, 
resistor:  1


40.4862142857 77.1781223114, 1.90628152503, 0.422122949051, 4.52483364753, 
resistor:  1


40.5873571429 77.370009731, 1.90625887413, 0.422116928754, 4.52483488512, 
resistor:  1


40.6885119048 77.5645727553, 1.90630153634, 0.422127621114, 4.5248132034, 
resistor:  1


40.7896190476 77.754267816, 1.90622686927, 0.422108321799, 4.52483577627, 
resistor:  1


40.8907857143 77.9473247126, 1.90623201171, 0.422109843706, 4.52482507498, 
resistor:  1


40.9918452381 78.1451671033, 1.9063588538, 0.422141883388, 4.52477813185, 
resistor:  1


41.0931428571 78.3360408415, 1.90630444388, 0.422126240048, 4.52480708968, 
resistor:  1


41.1945833333 78.5295491893, 1.90630764618, 0.42212565575, 4.52481114177, 
resistor:  1


41.2961666667 78.7232616919, 1.90630918185, 0.422124377622, 4.52482140375, 
resistor:  1


41.3973571429 78.9140477811, 1.90625810988, 0.422110639979, 4.52484043692, 
resistor:  1


41.4984761905 79.1239399794, 1.90667097308, 0.422211513355, 4.52473530719, 
resistor:  1


41.5998571429 79.3211165393, 1.90676415707, 0.422233676172, 4.52471220601, 
resistor:  1


41.7009880952 79.5129181036, 1.90673942598, 0.422225446488, 4.52473308445, 
resistor:  1


41.8021547619 79.7073664202, 1.9067765017, 0.422232932089, 4.52473568256, 
resistor:  1


41.9032619048 79.9001288413, 1.90677587399, 0.422231100366, 4.52475157514, 
resistor:  1


42.0044285714 80.0941439715, 1.9068023705, 0.422234512973, 4.52476668438, 
resistor:  1


42.1054761905 80.2874690495, 1.90681774234, 0.422235674876, 4.52478324894, 
resistor:  1


42.2065952381 80.4803553216, 1.90681941691, 0.422232999253, 4.5248019469, 
resistor:  1


42.3078571429 80.6739846435, 1.90683220781, 0.422232821512, 4.52482473571, 
resistor:  1


42.4090595238 80.870510913, 1.90691592365, 0.422250942464, 4.52482056836, 
resistor:  1


42.5102380952 81.0785441106, 1.90727099502, 0.422337745177, 4.52473207268, 
resistor:  1


42.6115595238 81.2715535939, 1.90726541113, 0.422335756064, 4.52473285978, 
resistor:  1


42.7129404762 81.4650179099, 1.9072678444, 0.422335521532, 4.52473335106, 
resistor:  1


42.8142261905 81.6583474951, 1.9072713619, 0.422336040783, 4.52472817683, 
resistor:  1


42.9153333333 81.8520445264, 1.90729136112, 0.422340346109, 4.52472098883, 
resistor:  1


43.0166190476 82.045965134, 1.9073085461, 0.422344185262, 4.52471128063, 
resistor:  1


43.1177142857 82.2397941841, 1.90733195269, 0.422348954893, 4.52470746139, 
resistor:  1


43.219047619 82.4324412487, 1.90731739337, 0.422345066197, 4.52470806756, 
resistor:  1


43.3204047619 82.6219685298, 1.90722983739, 0.422321425286, 4.524749333, 
resistor:  1


43.4215833333 82.8184006372, 1.9073095516, 0.422340149406, 4.52473325478, 
resistor:  1


43.5226904762 83.0210064821, 1.90753387655, 0.422393750329, 4.52468776787, 
resistor:  1


43.6237738095 83.216298283, 1.90759054103, 0.422405360218, 4.52469257519, 
resistor:  1


43.7249047619 83.4100456991, 1.90760954548, 0.422407888018, 4.52470006095, 
resistor:  1


43.8260357143 83.6046630401, 1.90764831173, 0.422414986828, 4.52470903693, 
resistor:  1


43.9271547619 83.7988474825, 1.90767756156, 0.422419961283, 4.52471911407, 
resistor:  1


44.0283809524 83.9952827048, 1.90775315576, 0.422437031974, 4.52470865194, 
resistor:  1


44.1296785714 84.1874611674, 1.90772885488, 0.422428361232, 4.52474013815, 
resistor:  1


44.2310238095 84.3852776156, 1.90783007825, 0.4224516449, 4.52472794822, 
resistor:  1


44.3321785714 84.5796496633, 1.9078613411, 0.422456876976, 4.52474130665, 
resistor:  1


44.4333928571 84.7725823546, 1.90785751219, 0.4224535472, 4.52476315552, 
resistor:  1


44.5345714286 84.9837766397, 1.908265285, 0.422554646598, 4.52464848463, 
resistor:  1


44.6357261905 85.174866844, 1.90822182394, 0.422542051863, 4.52467023597, 
resistor:  1


44.7369047619 85.366664047, 1.90819334733, 0.422534517959, 4.524675743, 
resistor:  1


44.838202381 85.5588655913, 1.90816895076, 0.42252792905, 4.52467895561, 
resistor:  1


44.9394404762 85.7516295027, 1.90815970546, 0.422524689823, 4.52468209447, 
resistor:  1


45.0406190476 85.9457780242, 1.90818376482, 0.422530338444, 4.52466882399, 
resistor:  1


45.1417857143 86.1405707815, 1.90822249095, 0.422538424165, 4.52466518409, 
resistor:  1


45.2430595238 86.3338150188, 1.90822229813, 0.422536766684, 4.52467229061, 
resistor:  1


45.3442142857 86.5242247916, 1.9081646061, 0.422521495562, 4.52469234218, 
resistor:  1


45.4453809524 86.71776736, 1.90817560647, 0.422522991515, 4.52469265234, 
resistor:  1


45.5464642857 86.9277790954, 1.90855163971, 0.422614277372, 4.52460590829, 
resistor:  1


45.6477619048 87.1253010139, 1.90864343351, 0.422634062236, 4.52460390615, 
resistor:  1


45.7490833333 87.3188523178, 1.9086470363, 0.42263315649, 4.52461461302, 
resistor:  1


45.8504761905 87.5153014341, 1.90871085113, 0.422646743739, 4.52460750298, 
resistor:  1


45.95225 87.7094955379, 1.9087094873, 0.422644191797, 4.52462195023, 
resistor:  1


46.0534166667 87.9044665101, 1.90875016172, 0.422651456737, 4.52463333377, 
resistor:  1


46.1545238095 88.096334038, 1.90872587921, 0.422642801784, 4.52466039776, 
resistor:  1


46.2556190476 88.289745132, 1.90873556445, 0.422642356803, 4.52468020961, 
resistor:  1


46.356797619 88.4827857662, 1.90873378471, 0.422639035688, 4.52470244037, 
resistor:  1


46.4578690476 88.6773577622, 1.90876937707, 0.422645045257, 4.52471213513, 
resistor:  1


46.5589761905 88.8874883058, 1.90913751931, 0.422737220843, 4.52460296077, 
resistor:  1


46.66025 89.0804867252, 1.90913007807, 0.422734343786, 4.52460599314, 
resistor:  1


46.7613214286 89.2739779583, 1.90914147058, 0.422736307842, 4.52460342128, 
resistor:  1


46.8623809524 89.4680347948, 1.9091653684, 0.422743007631, 4.52458142179, 
resistor:  1


46.9633928571 89.6669950649, 1.9092955089, 0.422776099816, 4.52453246794, 
resistor:  1


47.0645 89.8565691038, 1.90922179358, 0.422755994979, 4.52456492471, 
resistor:  1


47.165797619 90.0474635789, 1.90916867994, 0.422742452233, 4.52457680784, 
resistor:  1


47.2671190476 90.2470340119, 1.90929838396, 0.422774755429, 4.52453617875, 
resistor:  1


47.3684761905 90.4461662809, 1.90941684333, 0.422803928378, 4.52450175993, 
resistor:  1


47.4697142857 90.6400955589, 1.90942997915, 0.422805548963, 4.52450949349, 
resistor:  1


47.5709642857 90.8508585492, 1.90979644649, 0.422895132936, 4.52441980133, 
resistor:  1


47.6722619048 91.050889131, 1.90993432015, 0.422927195217, 4.52439585848, 
resistor:  1


47.7735357143 91.2439721119, 1.90992713325, 0.422922785299, 4.52441860136, 
resistor:  1


47.8748214286 91.4371180801, 1.90992081749, 0.422919643548, 4.52443018768, 
resistor:  1


47.9760238095 91.6295328335, 1.90990260463, 0.422913353774, 4.52444705565, 
resistor:  1


48.0773333333 91.8209711457, 1.90985990236, 0.422900029864, 4.52448073928, 
resistor:  1


48.1784642857 92.0167018948, 1.90991355285, 0.422911223435, 4.52448213174, 
resistor:  1


48.279702381 92.2131407953, 1.90997740764, 0.422923928242, 4.52448953109, 
resistor:  1


48.381 92.4072422438, 1.90999033182, 0.422925473671, 4.52449921511, 
resistor:  1


48.4822142857 92.6018672692, 1.91001728435, 0.422930635962, 4.52450246556, 
resistor:  1


48.5835714286 92.8080537859, 1.91027647941, 0.422994051651, 4.52443096753, 
resistor:  1


48.6848928571 93.0002760296, 1.91024916708, 0.422985799914, 4.52444865576, 
resistor:  1


48.7864047619 93.199193609, 1.91035174787, 0.423010605439, 4.52442056496, 
resistor:  1


48.8878095238 93.3887193546, 1.91026597968, 0.422988250159, 4.52444989394, 
resistor:  1


48.9891309524 93.5821356722, 1.91026323294, 0.422987986892, 4.52444126589, 
resistor:  1


49.090452381 93.7773593785, 1.91029731506, 0.422994984068, 4.52444167759, 
resistor:  1


49.1916904762 93.9690111015, 1.91026187943, 0.422986082649, 4.52444793399, 
resistor:  1


49.2928452381 94.1645783118, 1.91030925192, 0.422996510698, 4.52444369004, 
resistor:  1


49.3940238095 94.3589616237, 1.91033154107, 0.423001812906, 4.52443706519, 
resistor:  1


49.4951785714 94.5538332746, 1.91036452446, 0.423008143126, 4.52444802742, 
resistor:  1


49.5963095238 94.7561231678, 1.91054786289, 0.423053030094, 4.5243992701, 
resistor:  1


49.6975119048 94.9611453173, 1.91078268665, 0.423109389709, 4.52435365742, 
resistor:  1


49.7988214286 95.1557359891, 1.91080297203, 0.423112183953, 4.52436743586, 
resistor:  1


49.90025 95.3500844368, 1.91081376219, 0.423113655968, 4.52437167045, 
resistor:  1


50.0015357143 95.5433255247, 1.9108078214, 0.423111185036, 4.52437987131, 
resistor:  1


50.1028214286 95.7409767617, 1.91088992659, 0.423129298137, 4.52437570597, 
resistor:  1


50.2041666667 95.9340803984, 1.91087885265, 0.423124779407, 4.52439379046, 
resistor:  1


50.3053571429 96.1307358226, 1.91094430658, 0.423138679155, 4.5243942515, 
resistor:  1


50.406547619 96.3229862089, 1.91092210752, 0.423131667144, 4.52441095694, 
resistor:  1


50.5079761905 96.5158587476, 1.9109033073, 0.423125811602, 4.52442093131, 
resistor:  1


50.6091309524 96.7186896064, 1.9110916901, 0.423172519652, 4.5243629025, 
resistor:  1


50.7103333333 96.9158474436, 1.91116565546, 0.423190273197, 4.52434370921, 
resistor:  1


50.8118571429 97.1090726712, 1.91114984044, 0.423185130544, 4.5243533134, 
resistor:  1


50.9129761905 97.3020958209, 1.91114531307, 0.423184291277, 4.52434478799, 
resistor:  1


51.0141785714 97.4956028302, 1.91114716654, 0.423185253459, 4.5243326174, 
resistor:  1


51.1153809524 97.6891436979, 1.91114967506, 0.423184608269, 4.52434080791, 
resistor:  1


51.2165595238 97.8843306814, 1.91118520243, 0.423192545166, 4.52433222852, 
resistor:  1


51.31775 98.0782009903, 1.91119448905, 0.423194316128, 4.52433166075, 
resistor:  1


51.4189285714 98.2730865916, 1.9112239271, 0.423201011634, 4.52432404454, 
resistor:  1


51.5200952381 98.4714287674, 1.91132078294, 0.423222463126, 4.52431950106, 
resistor:  1


51.6214642857 98.6712558095, 1.91143852998, 0.423249526645, 4.52430383513, 
resistor:  1


51.7228333333 98.8695534777, 1.91152624684, 0.423269593392, 4.5242928029, 
resistor:  1


51.8241785714 99.0630183721, 1.91152124554, 0.423266287797, 4.52431174693, 
resistor:  1


51.9255238095 99.2596098748, 1.91157647709, 0.423278909726, 4.52430136053, 
resistor:  1


52.0267738095 99.451296223, 1.91154071146, 0.423268600223, 4.52432083324, 
resistor:  1


52.1279166667 99.6444355437, 1.91153688686, 0.423265448571, 4.52433882278, 
resistor:  1


52.229202381 99.8300870747, 1.91138448461, 0.423225459573, 4.524399136, 
resistor:  1


52.3302738095 100.023633493, 1.91139136511, 0.423225159773, 4.52441403606, 
resistor:  1


52.4312857143 100.21367272, 1.91133349783, 0.423208723207, 4.52444658208, 
resistor:  1


52.5323690476 100.405560734, 1.91130844762, 0.423201460843, 4.52445912355, 
resistor:  1


52.6334642857 100.605119091, 1.91142879262, 0.423231149911, 4.52442435004, 
resistor:  1


52.7345357143 100.79527309, 1.91137120531, 0.423216214431, 4.5244445763, 
resistor:  1


52.8356547619 100.990410942, 1.91140644318, 0.423224334046, 4.52443534317, 
resistor:  1


52.9367857143 101.181867153, 1.9113715687, 0.423215726038, 4.52444114012, 
resistor:  1


53.0380714286 101.374120959, 1.91134628821, 0.423210042464, 4.52443541835, 
resistor:  1


53.1394880952 101.568255571, 1.91135178775, 0.423211210698, 4.5244304622, 
resistor:  1


53.2409285714 101.762790669, 1.91136393371, 0.423213184351, 4.52443034066, 
resistor:  1


53.34225 101.953534309, 1.91130922129, 0.423198603129, 4.52445129012, 
resistor:  1


53.4434880952 102.146694542, 1.91130291422, 0.423195861477, 4.52445930847, 
resistor:  1


53.5445714286 102.339892214, 1.91130285449, 0.423193987815, 4.52447362166, 
resistor:  1


53.645702381 102.544396821, 1.91151186899, 0.423243766214, 4.52443545428, 
resistor:  1


53.7470357143 102.743995751, 1.911621625, 0.42326875419, 4.52442448764, 
resistor:  1


53.8481785714 102.934840935, 1.9115751668, 0.423254864588, 4.52445747074, 
resistor:  1


53.9492380952 103.129502296, 1.91160257193, 0.423260767253, 4.52445245246, 
resistor:  1


54.0503571429 103.324776921, 1.9116391155, 0.423268678341, 4.5244483294, 
resistor:  1


54.1516904762 103.521523183, 1.91169513404, 0.423280817343, 4.52444680657, 
resistor:  1


54.2531071429 103.717194311, 1.91172818984, 0.423287061931, 4.52445145839, 
resistor:  1


54.3542857143 103.911284136, 1.9117404041, 0.423288185947, 4.52446384286, 
resistor:  1


54.4555119048 104.108220602, 1.91180317585, 0.423302153252, 4.52445845693, 
resistor:  1


54.5567738095 104.302442722, 1.91181471041, 0.423304529359, 4.5244539623, 
resistor:  1


54.6580833333 104.503011568, 1.91194065351, 0.423335057949, 4.52441997714, 
resistor:  1


54.7594285714 104.704069978, 1.91207382381, 0.423368022313, 4.52438092082, 
resistor:  1


54.8606190476 104.894626196, 1.91202046234, 0.423354094874, 4.52439931529, 
resistor:  1


54.96175 105.088817583, 1.91203550802, 0.423358312861, 4.52438362755, 
resistor:  1


55.0629047619 105.279803, 1.91199144788, 0.423347404287, 4.52438978158, 
resistor:  1


55.1643095238 105.476400086, 1.91204061098, 0.423359157247, 4.52437457062, 
resistor:  1


55.2654404762 105.673982691, 1.91211689948, 0.423377061149, 4.52435622076, 
resistor:  1


55.3666190476 105.869539708, 1.91215467965, 0.423386058873, 4.52434249094, 
resistor:  1


55.4676547619 106.062003032, 1.91214147214, 0.423382356096, 4.52434316206, 
resistor:  1


55.5686904762 106.256954416, 1.91217308713, 0.423389931573, 4.52432968213, 
resistor:  1


55.6697619048 106.456754279, 1.91229045422, 0.423418181907, 4.52430271843, 
resistor:  1


55.7708571429 106.663233718, 1.91252634768, 0.423476872302, 4.52423547388, 
resistor:  1


55.871952381 106.857876506, 1.91254953429, 0.423481515772, 4.5242374741, 
resistor:  1


55.973 107.055307141, 1.91262407126, 0.423500500159, 4.52420985968, 
resistor:  1


56.0743809524 107.249947069, 1.91263720165, 0.423503392874, 4.52420730235, 
resistor:  1


56.1759047619 107.446367704, 1.91267711948, 0.423513014009, 4.5241992903, 
resistor:  1


56.2772738095 107.639523191, 1.9126641343, 0.423509527287, 4.52420269167, 
resistor:  1


56.3785357143 107.836585151, 1.91272412071, 0.423525098565, 4.52417415529, 
resistor:  1


56.4798571429 108.032621896, 1.91276372428, 0.423534176025, 4.52416430479, 
resistor:  1


56.5813571429 108.228399622, 1.91279257138, 0.423541769778, 4.52414511282, 
resistor:  1


56.6825952381 108.428601391, 1.91290820286, 0.423570650987, 4.52410911195, 
resistor:  1


56.7837142857 108.63431537, 1.9131245065, 0.423625404306, 4.52403618829, 
resistor:  1


56.8847738095 108.826531935, 1.91310476683, 0.423620435984, 4.5240406394, 
resistor:  1


56.9858452381 109.022268013, 1.9131464587, 0.423632627421, 4.52400316592, 
resistor:  1


57.086952381 109.213200822, 1.9131026665, 0.42362339264, 4.52399531746, 
resistor:  1


57.1881071429 109.408844566, 1.91313981232, 0.423634686138, 4.52396382059, 
resistor:  1


57.2892619048 109.604628671, 1.913179277, 0.423645442129, 4.52393541193, 
resistor:  1


57.3903333333 109.806350368, 1.91332484044, 0.423683336365, 4.52387260203, 
resistor:  1


57.4916190476 110.009808665, 1.91349296624, 0.42372497522, 4.52382159768, 
resistor:  1


57.5931190476 110.212479283, 1.91363970394, 0.423761224435, 4.52377900464, 
resistor:  1


57.6945 110.41621025, 1.91380825295, 0.423801234206, 4.52374691593, 
resistor:  1


57.7957261905 110.618396463, 1.91395460796, 0.423836330405, 4.52371441704, 
resistor:  1


57.896797619 110.812910889, 1.91397305976, 0.423838860693, 4.52372787896, 
resistor:  1


57.998047619 111.009069186, 1.91401389777, 0.423847515129, 4.52372750042, 
resistor:  1


58.099202381 111.203441217, 1.91402698592, 0.423850213617, 4.52372505532, 
resistor:  1


58.2002619048 111.396324142, 1.91401757478, 0.423846652957, 4.52373613406, 
resistor:  1


58.3013333333 111.590699452, 1.91403340322, 0.423848305809, 4.52375064994, 
resistor:  1


58.4023928571 111.785969544, 1.91406488801, 0.423854923531, 4.52375067277, 
resistor:  1


58.5034642857 111.982541732, 1.91411813128, 0.42386791071, 4.52373587375, 
resistor:  1


58.6045714286 112.174658824, 1.91409400478, 0.423861667555, 4.52374064312, 
resistor:  1


58.7056071429 112.373063879, 1.91417940037, 0.423882607123, 4.52371578809, 
resistor:  1


58.8068214286 112.577809954, 1.91436651768, 0.423930491325, 4.52364724858, 
resistor:  1


58.9079285714 112.769826703, 1.91434038571, 0.423924781018, 4.52364232287, 
resistor:  1


59.0089761905 112.960067674, 1.91428618095, 0.423912026876, 4.52364785308, 
resistor:  1


59.1102142857 113.15821387, 1.91435973017, 0.423931635482, 4.52361242571, 
resistor:  1


59.2116666667 113.355154239, 1.91440573489, 0.423943092146, 4.52359371038, 
resistor:  1


59.3129880952 113.551172404, 1.9144402609, 0.423951640024, 4.52357902498, 
resistor:  1


59.4144285714 113.745589057, 1.91444387823, 0.423952277811, 4.52357687203, 
resistor:  1


59.5160833333 113.942631975, 1.91448471729, 0.423960836288, 4.52357933902, 
resistor:  1


59.6172857143 114.151636353, 1.91474058212, 0.424023449142, 4.52351703301, 
resistor:  1


59.718797619 114.370011925, 1.91514257629, 0.424122912538, 4.52341233089, 
resistor:  1


59.8201785714 114.589018953, 1.91555795535, 0.424225143907, 4.5233094041, 
resistor:  1


59.9214047619 114.797635364, 1.91580347324, 0.424284061557, 4.52325594475, 
resistor:  1


60.0226785714 115.007107057, 1.91606089222, 0.424345979335, 4.52319880209, 
resistor:  1


60.1239166667 115.213753946, 1.91627159929, 0.424397695555, 4.52313984929, 
resistor:  1


60.225202381 115.417082785, 1.91642498857, 0.424433807011, 4.52310820734, 
resistor:  1


60.3263214286 115.624306889, 1.91664772774, 0.424487827806, 4.52305525391, 
resistor:  1


60.4277261905 115.835233533, 1.91692193031, 0.424554901828, 4.52298528146, 
resistor:  1


60.5288333333 116.03880914, 1.91708319407, 0.424593687011, 4.52294511509, 
resistor:  1


60.6301785714 116.239536611, 1.9171894154, 0.424618102221, 4.52292529746, 
resistor:  1


60.7315357143 116.446419825, 1.9173962663, 0.424668662096, 4.52287159403, 
resistor:  1


60.8327380952 116.649770839, 1.91754924225, 0.424704650249, 4.52284165708, 
resistor:  1


60.9338452381 116.850976547, 1.91766950027, 0.424732903662, 4.52281537134, 
resistor:  1


61.0351428571 117.05237292, 1.91778649873, 0.424760478862, 4.52279069414, 
resistor:  1


61.13625 117.27415057, 1.91824245958, 0.424875901661, 4.52265049496, 
resistor:  1


61.2373928571 117.493414747, 1.91865475104, 0.424978410222, 4.52254054003, 
resistor:  1


61.3384404762 117.711178385, 1.91904419921, 0.425074679394, 4.52243738416, 
resistor:  1


61.4395119048 117.94484278, 1.91969042597, 0.425236350151, 4.52226821618, 
resistor:  1


61.5405833333 118.190795935, 1.92053421553, 0.425448427429, 4.52205441833, 
resistor:  1


61.6417619048 118.42392529, 1.92116386085, 0.42560356835, 4.52190921109, 
resistor:  1


61.7428333333 118.656489829, 1.92178562958, 0.42575779852, 4.52175841769, 
resistor:  1


61.8439047619 118.884878855, 1.92233784902, 0.425894238085, 4.52162883577, 
resistor:  1


61.945047619 119.106353296, 1.92277442465, 0.426001369486, 4.52152659822, 
resistor:  1


62.0462380952 119.331232293, 1.92326297221, 0.42612253771, 4.52140458524, 
resistor:  1


62.1475595238 119.552923372, 1.92369457929, 0.426230335895, 4.52128943158, 
resistor:  1


62.248952381 119.773621376, 1.92410662019, 0.4263320058, 4.52119047059, 
resistor:  1


62.350297619 119.991594403, 1.92447508649, 0.426422074753, 4.52110355613, 
resistor:  1


62.4514880952 120.207127024, 1.92480805006, 0.426503222014, 4.52103104787, 
resistor:  1


62.5526666667 120.410966783, 1.92495337449, 0.426539578523, 4.52098979251, 
resistor:  1


62.653797619 120.60140027, 1.92488571888, 0.426522390441, 4.52100967046, 
resistor:  1


62.7550238095 120.794517003, 1.92485811765, 0.426515231101, 4.52101535454, 
resistor:  1


62.8561666667 120.986149268, 1.92480954032, 0.426502690943, 4.52103222, 
resistor:  1


62.9573214286 121.181041397, 1.92481253407, 0.426503589428, 4.52102703836, 
resistor:  1


63.0584404762 121.381140201, 1.92489917741, 0.426525030218, 4.52100408586, 
resistor:  1


63.1595714286 121.584036171, 1.92502946776, 0.426558419568, 4.52095717191, 
resistor:  1


63.2606190476 121.776320188, 1.92499412781, 0.426549916477, 4.52096002011, 
resistor:  1


63.3616904762 121.973970966, 1.92504287763, 0.426562956596, 4.5209348039, 
resistor:  1


63.4627738095 122.166794244, 1.92501504284, 0.426555124278, 4.52095049539, 
resistor:  1


63.5639166667 122.36050864, 1.9249995132, 0.426550214599, 4.52096196718, 
resistor:  1


63.6653333333 122.55575125, 1.92499975785, 0.426548355306, 4.52097945906, 
resistor:  1


63.7665952381 122.754223631, 1.92505532359, 0.426560872327, 4.52097299608, 
resistor:  1


63.86775 122.948378253, 1.92504633798, 0.426557033906, 4.52098768731, 
resistor:  1


63.9690833333 123.141753102, 1.92501981716, 0.426548925273, 4.52100707494, 
resistor:  1


64.0702619048 123.342946552, 1.9251200617, 0.426572234448, 4.52099329946, 
resistor:  1


64.1713690476 123.548217307, 1.92528567086, 0.426612614693, 4.52095210863, 
resistor:  1


64.2724642857 123.74286359, 1.92528581197, 0.426611563824, 4.52095821105, 
resistor:  1


64.3737738095 123.936722769, 1.92526731671, 0.426606874328, 4.5209606365, 
resistor:  1


64.4751547619 124.134021062, 1.92530008684, 0.426614603998, 4.52095481881, 
resistor:  1


64.5766309524 124.330904422, 1.92532348913, 0.426620660144, 4.52094305505, 
resistor:  1


64.6778690476 124.52422001, 1.9252987435, 0.426613750729, 4.52095564218, 
resistor:  1


64.779 124.72113989, 1.9253328994, 0.426622275265, 4.52094372998, 
resistor:  1


64.8801904762 124.913724388, 1.92529836105, 0.426612649626, 4.52096095815, 
resistor:  1


64.9813452381 125.111248801, 1.92534100891, 0.426623298216, 4.5209466935, 
resistor:  1


65.0826190476 125.310009805, 1.92539900267, 0.426636838568, 4.52093521369, 
resistor:  1


65.1839761905 125.514436184, 1.92554126825, 0.426672177529, 4.52089531936, 
resistor:  1


65.2851785714 125.709024772, 1.92553696754, 0.426671256886, 4.52089158094, 
resistor:  1


65.38625 125.902692259, 1.92552244943, 0.426668307557, 4.52088457622, 
resistor:  1


65.4875119048 126.099088472, 1.92554404351, 0.426672046257, 4.520889709, 
resistor:  1


65.5890595238 126.297111362, 1.92558198393, 0.426679988079, 4.52089032056, 
resistor:  1


65.6904285714 126.495877333, 1.92563635348, 0.426692021589, 4.52088803291, 
resistor:  1


65.7916071429 126.689934829, 1.92562456414, 0.426687892011, 4.52090201393, 
resistor:  1


65.8928095238 126.882987005, 1.92559685832, 0.426678817284, 4.5209285881, 
resistor:  1


65.9940833333 127.083987129, 1.92568758759, 0.426700148308, 4.52091304406, 
resistor:  1


66.0955238095 127.288571848, 1.92582741632, 0.426733036098, 4.52088954433, 
resistor:  1


66.1968452381 127.492540663, 1.92596097601, 0.426765366414, 4.52086118095, 
resistor:  1


66.2980595238 127.684706277, 1.92591920781, 0.426754288148, 4.52087751619, 
resistor:  1


66.3992261905 127.880840142, 1.92593871162, 0.42675852054, 4.52087699933, 
resistor:  1


66.5004285714 128.073393816, 1.92590328464, 0.426749599253, 4.52088540986, 
resistor:  1


66.602 128.271092489, 1.92593454384, 0.426758459595, 4.52085981584, 
resistor:  1


66.7035833333 128.470921874, 1.92599730711, 0.426774919064, 4.52082912462, 
resistor:  1


66.8049642857 128.664062064, 1.92596558413, 0.426767737259, 4.52082683845, 
resistor:  1


66.9061428571 128.859290781, 1.92597099875, 0.426769992346, 4.52081449806, 
resistor:  1


67.007452381 129.053659515, 1.92595979894, 0.426768341581, 4.52080295662, 
resistor:  1


67.1088214286 129.256769993, 1.9260771869, 0.426798593229, 4.52075687674, 
resistor:  1


67.210297619 129.460768138, 1.92620435744, 0.426830085855, 4.52072023679, 
resistor:  1


67.3116904762 129.654053282, 1.92617437424, 0.42682294555, 4.52072299977, 
resistor:  1


67.4128571429 129.849414915, 1.92618174661, 0.426825237871, 4.52071127871, 
resistor:  1


67.5141309524 130.04624756, 1.92620782829, 0.426830771643, 4.52070884463, 
resistor:  1


67.6155119048 130.237255899, 1.92614464093, 0.426814536348, 4.5207307561, 
resistor:  1


67.7168571429 130.435077637, 1.9261832746, 0.426823468537, 4.5207220594, 
resistor:  1


67.818202381 130.628651707, 1.92615915966, 0.426817129321, 4.52073221498, 
resistor:  1


67.919547619 130.823043937, 1.92614716269, 0.42681379208, 4.52073634539, 
resistor:  1


68.0207261905 131.016600137, 1.92612763013, 0.426807891319, 4.52074880022, 
resistor:  1


68.1260595238 131.226285628, 1.92622744579, 0.426831440157, 4.52073111905, 
resistor:  1


68.2275952381 131.433884995, 1.92640359867, 0.426873899484, 4.52069222642, 
resistor:  1


68.3290357143 131.625861801, 1.92635327611, 0.426860275832, 4.52071354029, 
resistor:  1


68.4302619048 131.819051011, 1.92632685221, 0.426852462785, 4.52072984348, 
resistor:  1


68.5314404762 132.015252838, 1.92634580451, 0.426857435381, 4.52071717582, 
resistor:  1


68.6328095238 132.212902004, 1.92638044285, 0.426865755816, 4.5207047805, 
resistor:  1


68.7340952381 132.404466763, 1.92632879366, 0.426852458466, 4.52072176317, 
resistor:  1


68.8353333333 132.597522067, 1.9263002828, 0.426844907995, 4.52073162688, 
resistor:  1


68.9366666667 132.794013866, 1.92631904453, 0.426849425045, 4.5207260617, 
resistor:  1


69.0379761905 132.989639167, 1.92632586448, 0.426850377202, 4.52072863267, 
resistor:  1


69.1393214286 133.186801175, 1.92635389562, 0.426856638516, 4.52072277771, 
resistor:  1


69.2404404762 133.386873511, 1.9264301699, 0.426875304168, 4.52070278929, 
resistor:  1


69.3416190476 133.586499173, 1.92649812635, 0.426892891891, 4.52067391961, 
resistor:  1


69.4428095238 133.782747759, 1.92651692344, 0.42689635382, 4.52067579628, 
resistor:  1


69.543952381 133.980195749, 1.9265542317, 0.426905498585, 4.52066276839, 
resistor:  1


69.6452261905 134.192658428, 1.92680339728, 0.426966284191, 4.52060307418, 
resistor:  1


69.7467619048 134.402014382, 1.92700006009, 0.427013846638, 4.52055774526, 
resistor:  1


69.8482142857 134.609393815, 1.92717015305, 0.427054509955, 4.52052234122, 
resistor:  1


69.9495 134.820527887, 1.92739802124, 0.427109983219, 4.52046665607, 
resistor:  1


70.0507619048 135.032758484, 1.92764153897, 0.427169003339, 4.5204106226, 
resistor:  1


70.152297619 135.246466551, 1.9278978899, 0.427232022636, 4.52034410095, 
resistor:  1


70.25375 135.469287826, 1.92828550541, 0.427327530694, 4.52025020638, 
resistor:  1


70.3551190476 135.676749856, 1.92845597723, 0.427369443483, 4.52020182045, 
resistor:  1


70.45625 135.886603499, 1.92866642063, 0.427420168469, 4.52015546119, 
resistor:  1


70.557452381 136.090088926, 1.92878405234, 0.427449559592, 4.52011336425, 
resistor:  1


70.6586190476 136.289815095, 1.92884911894, 0.427463931578, 4.52010500048, 
resistor:  1


70.7596190476 136.4897912, 1.92892207501, 0.427481201948, 4.5200859914, 
resistor:  1


70.860702381 136.703705974, 1.92918925979, 0.427547598839, 4.52001165508, 
resistor:  1


70.9629166667 136.926669288, 1.92955244401, 0.427638719423, 4.51990648709, 
resistor:  1


71.0645238095 137.146023783, 1.9298802895, 0.427719494864, 4.51982376265, 
resistor:  1


71.1659880952 137.364035669, 1.93019220762, 0.427797601131, 4.51973480502, 
resistor:  1


71.26725 137.581369938, 1.93049921161, 0.427873923128, 4.51965204283, 
resistor:  1


71.3684166667 137.792161366, 1.93071624399, 0.427927830647, 4.51958973635, 
resistor:  1


71.4695357143 137.998582432, 1.93087279849, 0.427965557163, 4.51955376614, 
resistor:  1


71.5705833333 138.204946083, 1.93103003561, 0.428003828052, 4.51951688224, 
resistor:  1


71.6717857143 138.400478333, 1.93103153429, 0.428002684696, 4.51952959183, 
resistor:  1


71.7728690476 138.59369644, 1.9310039891, 0.427994745362, 4.51954671493, 
resistor:  1


71.873952381 138.79256244, 1.93105510192, 0.428005872746, 4.51954477852, 
resistor:  1


71.9750238095 138.982670744, 1.93098471369, 0.427987006348, 4.51957613933, 
resistor:  1


72.0760952381 139.178905003, 1.93099951577, 0.42798938793, 4.51958401612, 
resistor:  1


72.1771428571 139.374352982, 1.93100401962, 0.42798935404, 4.51959588416, 
resistor:  1


72.2781428571 139.577965473, 1.93112274273, 0.428017251386, 4.51957520788, 
resistor:  1


72.3792857143 139.776320255, 1.93116468166, 0.42802689065, 4.51956934934, 
resistor:  1


72.4803690476 139.972282283, 1.93117507709, 0.428029170801, 4.51956822451, 
resistor:  1


72.5815595238 140.16501388, 1.9311380852, 0.428020517608, 4.51957049405, 
resistor:  1


72.6830357143 140.359849566, 1.93112255407, 0.428016307304, 4.51957564104, 
resistor:  1


72.7844880952 140.55834607, 1.93115799463, 0.428024563375, 4.51956606622, 
resistor:  1


72.8857380952 140.755110388, 1.93117493308, 0.42802845425, 4.51956241485, 
resistor:  1


72.9870833333 140.949046942, 1.93115056124, 0.42802186328, 4.51957126334, 
resistor:  1


73.0883928571 141.141273993, 1.93110381109, 0.428010285932, 4.51958055639, 
resistor:  1


73.1896785714 141.335039176, 1.93107883427, 0.428003293317, 4.51959252178, 
resistor:  1


73.2908333333 141.540287863, 1.93121406082, 0.428037059821, 4.51955459346, 
resistor:  1


73.3920595238 141.737910243, 1.93124312307, 0.428043969824, 4.51954564111, 
resistor:  1


73.4931428571 141.933087618, 1.93124259081, 0.428042281947, 4.51955828072, 
resistor:  1


73.594452381 142.125503365, 1.93119859944, 0.428030846048, 4.51957383905, 
resistor:  1


73.695797619 142.323090157, 1.9312239606, 0.428036279078, 4.51957311729, 
resistor:  1


73.7971071429 142.518533235, 1.93122113796, 0.428033839913, 4.51958846012, 
resistor:  1


73.8983690476 142.711948418, 1.93119212585, 0.428025520607, 4.51960474575, 
resistor:  1


73.9995 142.907471007, 1.93119508924, 0.428024728128, 4.51961829968, 
resistor:  1


74.1007619048 143.106909032, 1.93124747105, 0.428036310684, 4.51961513539, 
resistor:  1


74.2021428571 143.300358427, 1.93121590441, 0.428027004952, 4.51963519807, 
resistor:  1


74.30325 143.502484124, 1.93130830917, 0.428048381875, 4.51962077284, 
resistor:  1


74.4043452381 143.702739974, 1.93137564096, 0.428064681959, 4.5196069248, 
resistor:  1


74.5055714286 143.901211211, 1.93141544252, 0.428074392941, 4.51959541603, 
resistor:  1


74.606797619 144.094363134, 1.93138383811, 0.428066235473, 4.51960383961, 
resistor:  1


74.7079285714 144.294914397, 1.931453825, 0.428084067345, 4.51957791144, 
resistor:  1


74.8090833333 144.508501253, 1.9316972594, 0.428144513245, 4.51950992564, 
resistor:  1


74.9101428571 144.714009507, 1.93183464865, 0.428178258656, 4.51946984133, 
resistor:  1


75.0111904762 144.925603191, 1.93205310129, 0.428232624458, 4.51940683745, 
resistor:  1


75.1123333333 145.133415666, 1.93221817544, 0.428273444175, 4.51935967353, 
resistor:  1


75.2135238095 145.344493067, 1.93242499095, 0.428324749505, 4.5193014632, 
resistor:  1


75.3148809524 145.559698403, 1.93268178297, 0.428389024669, 4.5192271645, 
resistor:  1


75.4161309524 145.777368794, 1.93297331688, 0.428460845127, 4.51915543718, 
resistor:  1


75.5172380952 145.985406724, 1.9331401731, 0.428500764394, 4.51912017347, 
resistor:  1


75.6185952381 146.194074216, 1.93330851699, 0.42854048343, 4.51908945406, 
resistor:  1


75.7201190476 146.400760049, 1.93344598358, 0.428573382211, 4.51905901815, 
resistor:  1


75.8215119048 146.605256545, 1.93355754669, 0.428599015449, 4.51904348555, 
resistor:  1


75.9226666667 146.818842906, 1.93379460116, 0.428656389364, 4.51899217436, 
resistor:  1


76.0239642857 147.042055866, 1.9341540164, 0.428743977848, 4.5189146298, 
resistor:  1


76.1250952381 147.257518775, 1.93441490371, 0.428807236537, 4.51885720334, 
resistor:  1


76.2261785714 147.470688145, 1.93464621878, 0.428862928869, 4.51880978723, 
resistor:  1


76.3272619048 147.687646639, 1.93492656429, 0.42893194045, 4.51874140261, 
resistor:  1


76.4285 147.899988031, 1.93514183885, 0.428984605889, 4.51869562363, 
resistor:  1


76.5298690476 148.100659344, 1.93520074171, 0.428999574396, 4.51867491921, 
resistor:  1


76.631047619 148.294301029, 1.93517256564, 0.428992066753, 4.51868688472, 
resistor:  1


76.7323690476 148.488550096, 1.93514877671, 0.428986686377, 4.51868435501, 
resistor:  1


76.8335238095 148.681495336, 1.93511227865, 0.428977109042, 4.51869775037, 
resistor:  1


76.934702381 148.877063346, 1.93510936857, 0.428976350765, 4.51869689492, 
resistor:  1


77.0359047619 149.073950755, 1.93512299513, 0.428978606357, 4.51870101675, 
resistor:  1


77.13725 149.268081068, 1.93509725934, 0.428971824473, 4.51870817585, 
resistor:  1


77.2386071429 149.468094169, 1.93514745667, 0.428984577124, 4.51869143409, 
resistor:  1


77.3397857143 149.664053584, 1.93514957666, 0.428984817474, 4.51869049397, 
resistor:  1


77.4409880952 149.868666904, 1.93526284453, 0.429012248861, 4.51866218508, 
resistor:  1


77.5420952381 150.068212814, 1.93531284335, 0.429023510257, 4.51865903608, 
resistor:  1


77.6431309524 150.262076289, 1.93529130582, 0.429016492377, 4.51867987722, 
resistor:  1


77.7442380952 150.45471637, 1.93525231008, 0.429006671662, 4.51868956914, 
resistor:  1


77.8452857143 150.6499604, 1.93524834571, 0.42900403954, 4.51870316172, 
resistor:  1


77.9464285714 150.843574984, 1.93522112236, 0.428995902286, 4.51872233006, 
resistor:  1


78.0476428571 151.040691684, 1.93523707001, 0.428998252795, 4.51873148376, 
resistor:  1


78.149 151.233341844, 1.93519228454, 0.428985818191, 4.51875592412, 
resistor:  1


78.2501309524 151.429343282, 1.93519603659, 0.428985434957, 4.51876541085, 
resistor:  1


78.3513690476 151.625530571, 1.93519950467, 0.428985740567, 4.51876810446, 
resistor:  1


78.452547619 151.83518905, 1.93537614339, 0.429029331156, 4.51871992627, 
resistor:  1


78.553702381 152.031001611, 1.9353766532, 0.429028989871, 4.51872147687, 
resistor:  1


78.6550833333 152.227380301, 1.93537879371, 0.429029305595, 4.5187194101, 
resistor:  1


78.7564404762 152.421086407, 1.93534757901, 0.429022090733, 4.51871910688, 
resistor:  1


78.8575595238 152.612884472, 1.93529809181, 0.429009122841, 4.51873647968, 
resistor:  1


78.9587261905 152.80944555, 1.93530788708, 0.429011284903, 4.51873518701, 
resistor:  1


79.0599761905 153.007998514, 1.93534081196, 0.429019095349, 4.51872710847, 
resistor:  1


79.1611190476 153.20084565, 1.93530419344, 0.42900974994, 4.51873918887, 
resistor:  1


79.2622619048 153.398771079, 1.93533173786, 0.429016085945, 4.51873444518, 
resistor:  1


79.3633571429 153.587856434, 1.93524898597, 0.428995104648, 4.51875895568, 
resistor:  1


79.4644047619 153.798347436, 1.93543697831, 0.429040888317, 4.51871373974, 
resistor:  1


79.565452381 153.993369347, 1.93543007347, 0.429038030175, 4.51872533657, 
resistor:  1


79.6666785714 154.185685431, 1.93538488357, 0.429025215127, 4.51875152837, 
resistor:  1


79.7677261905 154.381135034, 1.93538342393, 0.429024611362, 4.51875166604, 
resistor:  1


79.8689166667 154.571634117, 1.93531652322, 0.429006311809, 4.51878410648, 
resistor:  1


79.9701309524 154.76999419, 1.93534751471, 0.429013294274, 4.51878244602, 
resistor:  1


80.0714285714 154.964208773, 1.93532464123, 0.429006226871, 4.51880155309, 
resistor:  1


80.1727619048 155.162014859, 1.93534576049, 0.429010381494, 4.5188052854, 
resistor:  1


80.2739642857 155.356071179, 1.93532327152, 0.429003564751, 4.51882307708, 
resistor:  1


80.3752619048 155.55166971, 1.93531773363, 0.429001490331, 4.51882909966, 
resistor:  1


80.4764047619 155.75987589, 1.93547259413, 0.429039758494, 4.51878782485, 
resistor:  1


80.5775595238 155.955289009, 1.93546801282, 0.429037957635, 4.51879301335, 
resistor:  1


80.6786785714 156.149717585, 1.93545209652, 0.429033355385, 4.51880167038, 
resistor:  1


80.7798333333 156.340853334, 1.93539460139, 0.429018990519, 4.51881439698, 
resistor:  1


80.8808690476 156.535362383, 1.93538180569, 0.429015421937, 4.51882021827, 
resistor:  1


80.981952381 156.727880645, 1.93534332079, 0.429005479305, 4.51883373132, 
resistor:  1


81.0830238095 156.925083532, 1.93536299165, 0.429009847561, 4.518831028, 
resistor:  1


81.1842619048 157.119437414, 1.93534354723, 0.429004661526, 4.51883737766, 
resistor:  1


81.2854285714 157.31317913, 1.93531832082, 0.428998098085, 4.51884513777, 
resistor:  1


81.3865357143 157.509046906, 1.93532069554, 0.428998516226, 4.51884256076, 
resistor:  1


81.4878452381 157.721672097, 1.93552390098, 0.429048414325, 4.51879439117, 
resistor:  1


81.5892738095 157.91838831, 1.93552878873, 0.429048490228, 4.51880359228, 
resistor:  1


81.6906071429 158.113702232, 1.935518755, 0.429044748963, 4.51881743593, 
resistor:  1


81.7918928571 158.308350928, 1.93550173981, 0.429039484468, 4.51882986117, 
resistor:  1


81.8930119048 158.501562649, 1.93547115881, 0.429030633717, 4.51884672776, 
resistor:  1


81.9941666667 158.696317136, 1.93545862575, 0.429026005413, 4.51886462133, 
resistor:  1


82.0952619048 158.893792843, 1.935480674, 0.42903061129, 4.51886649634, 
resistor:  1


82.1963690476 159.089749563, 1.9354839077, 0.429029721153, 4.51887856265, 
resistor:  1


82.2975357143 159.280996652, 1.93542850669, 0.429014789417, 4.51890515358, 
resistor:  1


82.3987261905 159.476929105, 1.93542954458, 0.429014450032, 4.51891009799, 
resistor:  1


82.4998095238 159.683928893, 1.93556724331, 0.429049474636, 4.51886682437, 
resistor:  1


82.6010833333 159.881638706, 1.93558767335, 0.429054279446, 4.51886216392, 
resistor:  1


82.7025238095 160.074531095, 1.9355459026, 0.429043885865, 4.51887382882, 
resistor:  1


82.8037619048 160.269112136, 1.9355293582, 0.429039793572, 4.51887722729, 
resistor:  1


82.9049166667 160.463013982, 1.93550660725, 0.429034746258, 4.51887594764, 
resistor:  1


83.0062142857 160.661560874, 1.93553654093, 0.429042077237, 4.5188675555, 
resistor:  1


83.1076666667 160.856855131, 1.93552365964, 0.429038331701, 4.51887278167, 
resistor:  1


83.2091547619 161.053385518, 1.93552483472, 0.429038329923, 4.51887222618, 
resistor:  1


83.31075 161.246662592, 1.93548446739, 0.429027927659, 4.51888488203, 
resistor:  1


83.4119285714 161.446282883, 1.93552991338, 0.429038722256, 4.51887460501, 
resistor:  1


83.5132857143 161.656430439, 1.9356971655, 0.429080141013, 4.51883455323, 
resistor:  1


83.6146428571 161.854882139, 1.93572413405, 0.429085806341, 4.51883622615, 
resistor:  1


83.7158809524 162.048824869, 1.93569992963, 0.429078590266, 4.51885321118, 
resistor:  1


83.8171547619 162.242778618, 1.93567509037, 0.429071112308, 4.51887129471, 
resistor:  1


83.9183928571 162.437160656, 1.93565623846, 0.429066150709, 4.5188786453, 
resistor:  1


84.0195357143 162.637452865, 1.9357099689, 0.429078610523, 4.51887212624, 
resistor:  1


84.1205833333 162.831686464, 1.93569373881, 0.429073738785, 4.51888643525, 
resistor:  1


84.2216547619 163.027629424, 1.93569729643, 0.429073576898, 4.51889429413, 
resistor:  1


84.322797619 163.217571762, 1.93562804331, 0.429055183207, 4.518923725, 
resistor:  1


84.424 163.414900502, 1.93564508317, 0.42905873804, 4.5189243325, 
resistor:  1


84.5251547619 163.623021717, 1.93579085632, 0.429094874391, 4.51888343041, 
resistor:  1


84.6263928571 163.818409184, 1.93578390445, 0.429092610543, 4.51888757443, 
resistor:  1


84.7279761905 164.015617079, 1.9357905671, 0.429094763082, 4.51887767788, 
resistor:  1


84.8293095238 164.208604724, 1.93575316887, 0.429085743536, 4.51888240248, 
resistor:  1


84.9305952381 164.405119307, 1.93575847251, 0.429088131663, 4.51886699704, 
resistor:  1


85.0318214286 164.596843601, 1.93570878332, 0.429076397699, 4.5188735436, 
resistor:  1


85.1329761905 164.793955136, 1.93572411667, 0.42908118518, 4.51885739686, 
resistor:  1


85.2341785714 164.986925875, 1.93568975075, 0.429073214098, 4.51885717445, 
resistor:  1


85.3353928571 165.182041565, 1.93568033186, 0.429071818061, 4.5188472372, 
resistor:  1


85.4365714286 165.374534051, 1.9356410409, 0.429062185039, 4.51885421632, 
resistor:  1


85.5378928571 165.585199251, 1.93581106245, 0.429104257622, 4.51880838321, 
resistor:  1


85.6393214286 165.784963323, 1.93585096843, 0.429113348443, 4.51880516047, 
resistor:  1


85.7406071429 165.979146347, 1.93582891326, 0.429107797239, 4.51880992325, 
resistor:  1


85.8417142857 166.172266153, 1.93579855127, 0.429099978836, 4.51881992022, 
resistor:  1


85.9428690476 166.36662661, 1.93578162393, 0.429096015742, 4.51881997355, 
resistor:  1


86.0440238095 166.560752423, 1.93576200936, 0.42909020465, 4.51883135909, 
resistor:  1


86.1454285714 166.758486322, 1.93577870686, 0.429094628263, 4.51882095073, 
resistor:  1


86.2468690476 166.953558264, 1.93576369911, 0.429090750705, 4.51882305183, 
resistor:  1


86.3481071429 167.146916155, 1.93573341311, 0.429083249674, 4.51882780524, 
resistor:  1


86.4492261905 167.341907349, 1.93572475687, 0.429082065502, 4.51881692414, 
resistor:  1


86.5504880952 167.550238706, 1.9358670574, 0.429118235483, 4.5187689235, 
resistor:  1


86.6518928571 167.752334889, 1.93593387701, 0.429134692651, 4.51875033745, 
resistor:  1


86.7532142857 167.943615124, 1.93587772518, 0.429121055276, 4.5187586422, 
resistor:  1


86.8545 168.140408779, 1.93588597919, 0.429123046404, 4.51875505274, 
resistor:  1


86.9556666667 168.335957038, 1.93588254212, 0.429122608552, 4.51875059265, 
resistor:  1


87.0570238095 168.532997879, 1.93589202231, 0.429124984194, 4.51874388666, 
resistor:  1


87.1583809524 168.724381391, 1.93583657185, 0.429111512806, 4.51875344173, 
resistor:  1


87.2596190476 168.923922114, 1.93587737326, 0.429121780245, 4.51873825788, 
resistor:  1


87.3609404762 169.115741073, 1.93582784425, 0.429109907208, 4.51874474388, 
resistor:  1


87.4622738095 169.312484206, 1.93583446704, 0.429111176326, 4.51874281323, 
resistor:  1


87.5635833333 169.514867492, 1.93590601297, 0.429128625676, 4.51872557622, 
resistor:  1


87.6649761905 169.72056371, 1.93601334405, 0.429154404488, 4.51870304146, 
resistor:  1


87.76625 169.914707874, 1.93599143035, 0.429147789504, 4.51871980886, 
resistor:  1


87.8673690476 170.109694383, 1.93598256357, 0.429144634029, 4.51873245107, 
resistor:  1


87.9685595238 170.309271274, 1.93602432729, 0.42915397046, 4.51873157503, 
resistor:  1


88.0699642857 170.504421825, 1.93601102496, 0.429149263421, 4.5187485265, 
resistor:  1


88.1713333333 170.699851963, 1.93600170837, 0.429146460189, 4.51875573059, 
resistor:  1


88.2725238095 170.893265024, 1.93597347905, 0.429139217323, 4.51876595575, 
resistor:  1


88.3736666667 171.09060388, 1.9359907802, 0.429143433122, 4.51876102386, 
resistor:  1


88.4747142857 171.285815072, 1.93598607755, 0.429143002549, 4.51875304295, 
resistor:  1


88.576 171.485082645, 1.93602197711, 0.429152348532, 4.51873761224, 
resistor:  1


88.6773690476 171.690745287, 1.93612809143, 0.429179072814, 4.51870328774, 
resistor:  1


88.7785238095 171.888047168, 1.93614446143, 0.429183331785, 4.51869361077, 
resistor:  1


88.8796904762 172.08271195, 1.9361308644, 0.429180583148, 4.51868758728, 
resistor:  1


88.9808690476 172.284612792, 1.9361983608, 0.429197803253, 4.51866328177, 
resistor:  1


89.0822380952 172.478844771, 1.93617547626, 0.429192679825, 4.5186595383, 
resistor:  1


89.1835952381 172.679331997, 1.9362230412, 0.429204522941, 4.51864295192, 
resistor:  1


89.284702381 172.874807616, 1.93621978913, 0.429204296229, 4.51863598275, 
resistor:  1


89.3858690476 173.071842806, 1.93623270267, 0.429207459584, 4.51863081077, 
resistor:  1


89.4869285714 173.265131475, 1.93620603859, 0.429200882851, 4.51863543054, 
resistor:  1


89.5881666667 173.46497444, 1.93624873567, 0.429210541994, 4.51863089121, 
resistor:  1


89.6893571429 173.669991126, 1.93635004931, 0.429235430391, 4.51860238968, 
resistor:  1


89.7905714286 173.863098987, 1.9363179922, 0.429226702176, 4.51861768325, 
resistor:  1


89.8917261905 174.061320192, 1.9363441728, 0.429233097437, 4.51860934568, 
resistor:  1


89.9927619048 174.256986588, 1.93634446704, 0.429232612394, 4.51861262021, 
resistor:  1


90.0940119048 174.448862927, 1.93629808728, 0.429220993768, 4.51862364654, 
resistor:  1


90.1953928571 174.639536118, 1.93623566111, 0.429205652923, 4.5186373264, 
resistor:  1


90.2967142857 174.827251127, 1.93614189077, 0.429181764165, 4.51866876028, 
resistor:  1


90.3978690476 175.018796381, 1.93609427108, 0.429169685873, 4.51868252856, 
resistor:  1


90.4990119048 175.206371158, 1.93600313937, 0.429148052906, 4.51869682887, 
resistor:  1


90.600297619 175.393524842, 1.93590451082, 0.429125264863, 4.51870572839, 
resistor:  1


90.7016428571 175.586543645, 1.935869496, 0.42911825328, 4.51870306417, 
resistor:  1


90.8028809524 175.756038388, 1.93557777622, 0.429047715478, 4.51877491711, 
resistor:  1


90.9041190476 175.919067776, 1.93521558339, 0.428961081546, 4.51885265128, 
resistor:  1


91.0053928571 176.084127193, 1.93487574378, 0.428879637949, 4.51892740127, 
resistor:  1


91.1065833333 176.254258714, 1.93459410139, 0.428812502142, 4.51898321298, 
resistor:  1


91.2077857143 176.422984918, 1.93429742358, 0.42874138521, 4.51904900368, 
resistor:  1


91.3089761905 176.586028326, 1.93393941859, 0.428655597001, 4.51912744987, 
resistor:  1


91.4102142857 176.751449643, 1.93360721255, 0.428575873799, 4.51920068551, 
resistor:  1


91.5113690476 176.914329748, 1.93324973268, 0.428489675726, 4.51928853608, 
resistor:  1


91.6125238095 177.08253574, 1.93295117715, 0.42841778001, 4.51935874577, 
resistor:  1


91.7136904762 177.268044095, 1.93284168562, 0.428390560656, 4.51939017035, 
resistor:  1


91.8150119048 177.436714057, 1.93254578283, 0.428319044704, 4.51946217291, 
resistor:  1


91.9165238095 177.60249832, 1.93221513347, 0.428239182607, 4.51954205987, 
resistor:  1


92.0177619048 177.768502658, 1.93189335383, 0.428160750892, 4.51962922126, 
resistor:  1


92.1190952381 177.930696569, 1.93152892036, 0.428072313824, 4.51972401322, 
resistor:  1


92.2204761905 178.092331334, 1.93115822744, 0.427981575013, 4.51983197148, 
resistor:  1


92.3216666667 178.253906011, 1.93079168138, 0.427892736309, 4.51992683203, 
resistor:  1


92.4228809524 178.416199393, 1.93043321691, 0.427806224538, 4.52001602678, 
resistor:  1


92.5240595238 178.576394666, 1.93005360536, 0.427714677918, 4.52010775235, 
resistor:  1


92.6252857143 178.743684479, 1.92975042507, 0.427641556965, 4.52018054684, 
resistor:  1


92.7265833333 178.915365622, 1.92949377827, 0.427579442655, 4.52024302558, 
resistor:  1


92.827952381 179.078079987, 1.92913961144, 0.427493952359, 4.52032906455, 
resistor:  1


92.9291547619 179.235541197, 1.92873314792, 0.427396309162, 4.52042456914, 
resistor:  1


93.0304880952 179.395729687, 1.92835417034, 0.42730526519, 4.52051280112, 
resistor:  1


93.1316666667 179.55435254, 1.92796241028, 0.427211175286, 4.5206034687, 
resistor:  1


93.2327261905 179.714750916, 1.92759300579, 0.427121798927, 4.52069804217, 
resistor:  1


93.333797619 179.872489212, 1.92719565474, 0.42702558275, 4.52080151632, 
resistor:  1


93.4348333333 180.031382953, 1.92681226615, 0.426932427953, 4.52090567924, 
resistor:  1


93.5358928571 180.189579771, 1.92642176459, 0.426837627259, 4.52101048376, 
resistor:  1


93.6372261905 180.359336491, 1.92614992807, 0.426771195501, 4.52108622815, 
resistor:  1


93.7386428571 180.525275457, 1.92583623951, 0.426694445188, 4.52117365302, 
resistor:  1


93.8400238095 180.684787378, 1.92545547244, 0.426601583861, 4.52128150223, 
resistor:  1


93.9411547619 180.844836505, 1.92508636884, 0.426511542666, 4.52138414194, 
resistor:  1


94.0423333333 181.004782333, 1.92471598606, 0.426421248267, 4.52148757249, 
resistor:  1


94.1433571429 181.162842628, 1.92432953451, 0.426327658964, 4.52158691264, 
resistor:  1


94.2445 181.322149445, 1.92395470765, 0.426236364564, 4.52169153324, 
resistor:  1


94.3457738095 181.480171218, 1.92356439393, 0.426141288041, 4.52180036388, 
resistor:  1


94.4468928571 181.641654562, 1.92321471959, 0.426056815196, 4.52188739846, 
resistor:  1


94.548202381 181.800707033, 1.92283620899, 0.425965394823, 4.52198220165, 
resistor:  1


94.6493928571 181.972304441, 1.92259346783, 0.425906495773, 4.52204219062, 
resistor:  1


94.7507261905 182.13658142, 1.92227108691, 0.425828416804, 4.52212384594, 
resistor:  1


94.8521666667 182.292429, 1.92185835502, 0.42572853394, 4.52223213233, 
resistor:  1


94.9533928571 182.455216123, 1.92152392487, 0.425647609079, 4.52231608774, 
resistor:  1


95.0547142857 182.613496973, 1.92114087497, 0.425554890928, 4.52241537791, 
resistor:  1


95.1560595238 182.774035808, 1.92078188948, 0.425468512024, 4.52249980368, 
resistor:  1


95.2574404762 182.930409605, 1.92037922383, 0.425371008391, 4.5226049536, 
resistor:  1


95.3585952381 183.087685875, 1.91999143253, 0.425277123503, 4.52270561852, 
resistor:  1


95.4596309524 183.24296523, 1.91958593808, 0.425178822123, 4.52281345856, 
resistor:  1


95.560702381 183.399973972, 1.91919868107, 0.425084430556, 4.52292219767, 
resistor:  1


95.661797619 183.570281496, 1.91895078354, 0.425023613161, 4.52299119102, 
resistor:  1


95.7628809524 183.72691419, 1.91856084908, 0.424928605317, 4.52310077384, 
resistor:  1


95.8639880952 183.88265592, 1.91816196649, 0.424831453334, 4.52321286028, 
resistor:  1


95.9651309524 184.03833041, 1.91776251002, 0.424734256121, 4.52332419176, 
resistor:  1


96.0662380952 184.193145548, 1.9173556621, 0.424635463274, 4.52343485406, 
resistor:  1


96.1674404762 184.346681194, 1.9169344664, 0.424533687857, 4.52354357501, 
resistor:  1


96.2685952381 184.500139306, 1.91651429887, 0.424432094501, 4.52365290311, 
resistor:  1


96.3698571429 184.654814802, 1.91610551553, 0.424333285922, 4.52375843163, 
resistor:  1


96.4712738095 184.808766341, 1.91568701276, 0.42423272551, 4.52385868194, 
resistor:  1


96.5728928571 184.963512786, 1.91527360643, 0.424132707336, 4.52396660683, 
resistor:  1


96.674297619 185.130569404, 1.91499265021, 0.424065184801, 4.52402865471, 
resistor:  1


96.7755595238 185.284554765, 1.91458004145, 0.423965633217, 4.52413267391, 
resistor:  1


96.8766785714 185.437033928, 1.91415557038, 0.423863280965, 4.5242401193, 
resistor:  1


96.9778214286 185.590456008, 1.91374123767, 0.423763209417, 4.52434633862, 
resistor:  1


97.0788690476 185.743541857, 1.91332618189, 0.423663233432, 4.52444955778, 
resistor:  1


97.1799404762 185.906807737, 1.91301627503, 0.423588562029, 4.52452270477, 
resistor:  1


97.281 186.059463975, 1.91259818438, 0.423487743259, 4.52462814803, 
resistor:  1


97.3820595238 186.212894574, 1.91218891328, 0.423388691078, 4.5247359068, 
resistor:  1


97.4831547619 186.366924033, 1.91178593356, 0.423291278204, 4.52483990594, 
resistor:  1


97.5842619048 186.521663888, 1.91139083544, 0.423195207595, 4.52494982965, 
resistor:  1


97.6853214286 186.688488672, 1.9111211996, 0.423129335309, 4.52502235892, 
resistor:  1


97.7863690476 186.841633905, 1.91071246151, 0.423030016641, 4.52513585512, 
resistor:  1


97.887452381 186.996771966, 1.91032422866, 0.422935914606, 4.52523903765, 
resistor:  1


97.9885238095 187.149618155, 1.90991363967, 0.42283624641, 4.52535309187, 
resistor:  1


98.0897738095 187.303620522, 1.90951220752, 0.422739139269, 4.52545663559, 
resistor:  1


98.1913452381 187.458559632, 1.90911489375, 0.42264264095, 4.52556530062, 
resistor:  1


98.292547619 187.612119934, 1.90871153998, 0.422544923736, 4.52567388165, 
resistor:  1


98.3937380952 187.765044249, 1.90830278313, 0.422445863622, 4.52578290316, 
resistor:  1


98.494952381 187.91919677, 1.90790687469, 0.422350731909, 4.52587717162, 
resistor:  1


98.5962857143 188.079710055, 1.90757398914, 0.422270114486, 4.52596208562, 
resistor:  1


98.697702381 188.240434788, 1.90724231919, 0.422190164438, 4.52604191688, 
resistor:  1


98.799 188.394564819, 1.90684687921, 0.422094620129, 4.5261435777, 
resistor:  1


98.9004166667 188.547947086, 1.90644239368, 0.421997179402, 4.52624405922, 
resistor:  1


99.0015238095 188.701542107, 1.90604684499, 0.421901611024, 4.52634585265, 
resistor:  1


99.1026785714 188.853994388, 1.90563965688, 0.421803952009, 4.52644141381, 
resistor:  1


99.2037261905 189.007431506, 1.90524528427, 0.421708671243, 4.52654292611, 
resistor:  1


99.3048809524 189.160911341, 1.90485008921, 0.421613394596, 4.52664180832, 
resistor:  1


99.406047619 189.314767761, 1.90445925872, 0.42151889274, 4.52674323083, 
resistor:  1


99.507202381 189.468195542, 1.90406514311, 0.421423424129, 4.52684839135, 
resistor:  1


99.6085714286 189.635059344, 1.90380262084, 0.421359099304, 4.52692168024, 
resistor:  1


99.7099761905 189.79025031, 1.90342288265, 0.421266985392, 4.52702412399, 
resistor:  1


99.8111309524 189.944187734, 1.90303612354, 0.421173024388, 4.52713052024, 
resistor:  1


99.9122261905 190.097462268, 1.90264464637, 0.421078114089, 4.52723591126, 
resistor:  1


100.013416667 190.250617397, 1.9022509553, 0.420982489514, 4.52734489777, 
resistor:  1


100.114511905 190.404406257, 1.90186619936, 0.420889724693, 4.52744146322, 
resistor:  1


100.215547619 190.557273446, 1.9014741522, 0.420794475007, 4.52754972124, 
resistor:  1


100.316690476 190.711175489, 1.90109118018, 0.420701672429, 4.52765286233, 
resistor:  1


100.417928571 190.864541831, 1.90070184226, 0.420607816743, 4.52774964069, 
resistor:  1


100.519059524 191.018383213, 1.90032003998, 0.4205158034, 4.52784454928, 
resistor:  1


100.62022619 191.185261371, 1.90006789499, 0.420454621259, 4.52790717034, 
resistor:  1


100.721333333 191.338341583, 1.89968038796, 0.420361192339, 4.52800463283, 
resistor:  1


100.822464286 191.491108114, 1.8992900984, 0.420267012926, 4.52810409451, 
resistor:  1


100.9235 191.645402314, 1.89891751985, 0.420177244481, 4.52819637355, 
resistor:  1


101.024559524 191.798358325, 1.8985319929, 0.420084195928, 4.52829468385, 
resistor:  1


101.126190476 191.951705503, 1.89814037886, 0.419990204623, 4.52838755133, 
resistor:  1


101.22752381 192.105587824, 1.89776041727, 0.41989856382, 4.52848300575, 
resistor:  1


101.328690476 192.258643458, 1.89737617801, 0.41980586964, 4.52858041931, 
resistor:  1


101.429821429 192.411776135, 1.89699413274, 0.419713568155, 4.52867901874, 
resistor:  1


101.530928571 192.565843285, 1.89662249715, 0.419623899474, 4.52877258204, 
resistor:  1


101.632047619 192.733116425, 1.8963813181, 0.419565157443, 4.52883401378, 
resistor:  1


101.733095238 192.886931869, 1.89600966547, 0.419475381178, 4.52892896966, 
resistor:  1


101.834238095 193.039958838, 1.89562923481, 0.419383547284, 4.52902744119, 
resistor:  1


101.935416667 193.19343609, 1.89525331241, 0.419292737034, 4.52912297797, 
resistor:  1


102.036619048 193.346553497, 1.89487416677, 0.419201409694, 4.52921720161, 
resistor:  1


102.137761905 193.500351419, 1.89450353924, 0.419112033284, 4.52931055661, 
resistor:  1


102.238809524 193.653371735, 1.89412780369, 0.419021306555, 4.52940633378, 
resistor:  1


102.339869048 193.806909643, 1.8937576474, 0.418931952533, 4.52950033095, 
resistor:  1


102.440940476 193.959642791, 1.89338014557, 0.418841292757, 4.529590658, 
resistor:  1


102.542035714 194.119189277, 1.89306939271, 0.418766488536, 4.52966418493, 
resistor:  1


102.643369048 194.28336566, 1.89279996811, 0.418701244415, 4.52973027647, 
resistor:  1


102.744642857 194.43695951, 1.89242917298, 0.41861226285, 4.52981732135, 
resistor:  1


102.845797619 194.590135114, 1.89205723149, 0.418522996801, 4.52990491411, 
resistor:  1


102.946964286 194.742455194, 1.89167749185, 0.418431565241, 4.5299998654, 
resistor:  1


103.048059524 194.895607504, 1.89130788493, 0.418342823859, 4.53008689388, 
resistor:  1


103.149202381 195.049205377, 1.89094244914, 0.418254683661, 4.53017873294, 
resistor:  1


103.25022619 195.20217007, 1.89057377666, 0.418165784187, 4.53027142482, 
resistor:  1


103.351452381 195.354806129, 1.89019894378, 0.418075401176, 4.53036634625, 
resistor:  1


103.452547619 195.508640302, 1.88983881791, 0.417988237189, 4.53046094197, 
resistor:  1


103.553583333 195.670729424, 1.88956019797, 0.417920152501, 4.53053887392, 
resistor:  1


103.654666667 195.829261031, 1.88924693242, 0.41784408405, 4.5306221727, 
resistor:  1


103.755738095 195.982545237, 1.88888391943, 0.417756477985, 4.53071440128, 
resistor:  1


103.856809524 196.135350053, 1.88851699713, 0.417668102068, 4.53080543736, 
resistor:  1


103.957857143 196.289627355, 1.88816538499, 0.417583275022, 4.53089406808, 
resistor:  1


104.059178571 196.443307449, 1.88780374923, 0.417496391307, 4.53098056019, 
resistor:  1


104.160607143 196.596921588, 1.88744024234, 0.417408615876, 4.53107372351, 
resistor:  1


104.261785714 196.750127197, 1.88707804925, 0.41732121861, 4.53116574596, 
resistor:  1


104.363035714 196.903590369, 1.88671773508, 0.417234257592, 4.53125739265, 
resistor:  1


104.464154762 197.057292661, 1.88636277305, 0.417148735165, 4.53134520349, 
resistor:  1


104.565297619 197.223861229, 1.88613111348, 0.417092447247, 4.53140329973, 
resistor:  1


104.666369048 197.378655099, 1.8857886912, 0.417009862932, 4.53148857789, 
resistor:  1


104.767452381 197.531271637, 1.88542593284, 0.416922272623, 4.53158202926, 
resistor:  1


104.868583333 197.684310012, 1.88506704037, 0.416835779531, 4.5316716904, 
resistor:  1


104.969797619 197.83777684, 1.88471142488, 0.416749894555, 4.53176288381, 
resistor:  1


105.070952381 197.990331118, 1.88434887694, 0.416663007978, 4.53184722384, 
resistor:  1


105.172119048 198.143794323, 1.88399545543, 0.416577612071, 4.53193831812, 
resistor:  1


105.273142857 198.296728331, 1.88364024241, 0.416492004613, 4.53202703653, 
resistor:  1


105.37425 198.449541078, 1.88328307037, 0.416405899521, 4.53211687378, 
resistor:  1


105.475309524 198.603485661, 1.88293816399, 0.416322175941, 4.53221080356, 
resistor:  1


105.576559524 198.771698576, 1.8827256682, 0.416269898086, 4.53227153967, 
resistor:  1


105.678166667 198.925965721, 1.88237525305, 0.416184898451, 4.53236652847, 
resistor:  1


105.779333333 199.079793004, 1.88202918973, 0.41610071652, 4.53246338182, 
resistor:  1


105.880559524 199.232582142, 1.88167292502, 0.416014403941, 4.53255922392, 
resistor:  1


105.981738095 199.386150795, 1.88132554135, 0.415930044067, 4.53265466149, 
resistor:  1


106.082869048 199.538855555, 1.8809715211, 0.41584466635, 4.5327443133, 
resistor:  1


106.184 199.693183708, 1.88063346369, 0.415762433256, 4.53283846325, 
resistor:  1


106.28525 199.846160988, 1.88028123364, 0.41567705534, 4.53293379094, 
resistor:  1


106.386452381 199.999622109, 1.87993506347, 0.415593473415, 4.53302216036, 
resistor:  1


106.487583333 200.153214239, 1.87959204232, 0.415511269159, 4.53310170367, 
resistor:  1


106.588797619 200.320901519, 1.87938044141, 0.415460182108, 4.53314955474, 
resistor:  1


106.689940476 200.473928411, 1.87903308893, 0.415376873979, 4.53323071385, 
resistor:  1


106.791142857 200.62816136, 1.87869664087, 0.415295630868, 4.53331679583, 
resistor:  1


106.892345238 200.783198982, 1.87836835776, 0.415216558704, 4.53339756609, 
resistor:  1


106.9935 200.936234027, 1.87802281472, 0.415133442145, 4.5334820242, 
resistor:  1


107.094845238 201.089982652, 1.87768124792, 0.415051339442, 4.53356408569, 
resistor:  1


107.19627381 201.246288101, 1.87736271933, 0.4149743497, 4.53364633985, 
resistor:  1


107.297452381 201.399599602, 1.87702126316, 0.414892009371, 4.53373175054, 
resistor:  1


107.398559524 201.552279304, 1.87667581575, 0.414808626338, 4.53382031069, 
resistor:  1


107.499714286 201.714780307, 1.87642154816, 0.414746617169, 4.53388991241, 
resistor:  1


107.600785714 201.877995551, 1.87617584956, 0.414686496807, 4.53395885773, 
resistor:  1


107.701809524 202.031504511, 1.8758413197, 0.414605312457, 4.53404983163, 
resistor:  1


107.802916667 202.185253702, 1.87550819545, 0.414524346641, 4.53414216869, 
resistor:  1


107.904 202.338085757, 1.8751676097, 0.414441754571, 4.53423470341, 
resistor:  1


108.005035714 202.490886652, 1.87482819957, 0.41435973281, 4.53432333625, 
resistor:  1


108.106178571 202.644574086, 1.8744957667, 0.414279151178, 4.53441199224, 
resistor:  1


108.207321429 202.79800618, 1.87416159556, 0.414197980853, 4.53450426394, 
resistor:  1


108.308392857 202.950962773, 1.87382489407, 0.414116486706, 4.53459335964, 
resistor:  1


108.409464286 203.104106757, 1.87349054896, 0.414035915148, 4.53467655705, 
resistor:  1


108.510464286 203.268109449, 1.87325813033, 0.413979805058, 4.53473180689, 
resistor:  1


108.611916667 203.424973454, 1.87295261604, 0.413905998989, 4.53480922044, 
resistor:  1


108.713333333 203.578896954, 1.87262123892, 0.413826154442, 4.53489139331, 
resistor:  1


108.814571429 203.731563608, 1.8722820017, 0.413744318324, 4.53497795505, 
resistor:  1


108.91572619 203.884591675, 1.87194814565, 0.413663845204, 4.53506166949, 
resistor:  1


109.016916667 204.037831521, 1.87161623865, 0.413584226696, 4.53513986056, 
resistor:  1


109.118380952 204.190961337, 1.87127924328, 0.413503021898, 4.5352238341, 
resistor:  1


109.219559524 204.344189053, 1.87094866472, 0.413423267126, 4.53530770807, 
resistor:  1


109.320761905 204.497004086, 1.87061451569, 0.413342944412, 4.53538872593, 
