time, energy_1, power_1, avg_current_1, avg_voltage_1, 
resistor:  1


0.000547619047619 0.000802041823523, 1.46459811252, 0.32266686481, 4.63998811141, 
resistor:  1


0.101714285714 0.153790971908, 1.51198989235, 0.326332280877, 4.6340695499, 
resistor:  1


0.20280952381 0.307618489781, 1.51678522785, 0.327488640783, 4.63230300907, 
resistor:  1


0.30394047619 0.461125498305, 1.51715725423, 0.327584744557, 4.63228874181, 
resistor:  1


0.405083333333 0.615808496015, 1.52020200621, 0.328304679808, 4.63112768789, 
resistor:  1


0.506202380952 0.769149269593, 1.51945012219, 0.328129905664, 4.6312121878, 
resistor:  1


0.607178571429 0.922575128256, 1.51944612618, 0.328122030276, 4.63124463497, 
resistor:  1


0.708202380952 1.07582601787, 1.51909404261, 0.328123276336, 4.63018092434, 
resistor:  1


0.80925 1.22962084753, 1.51945733398, 0.328333940156, 4.62830039681, 
resistor:  1


0.910202380952 1.38230053181, 1.51867382544, 0.32825222761, 4.62716064948, 
resistor:  1


1.01111904762 1.53556881556, 1.51868251238, 0.328323711279, 4.62603790954, 
resistor:  1


1.11201190476 1.68918879427, 1.51903840871, 0.328489096214, 4.62484781625, 
resistor:  1


1.21291666667 1.84413169618, 1.52041087971, 0.328868071232, 4.62376934051, 
resistor:  1


1.31398809524 1.99903382685, 1.52134850695, 0.329158662762, 4.62271626823, 
resistor:  1


1.41520238095 2.15716916837, 1.52428316784, 0.32989552177, 4.62142334405, 
resistor:  1


1.51627380952 2.30933103279, 1.52303035131, 0.329629236864, 4.62130398386, 
resistor:  1


1.61717857143 2.46200903889, 1.52241012983, 0.329488243695, 4.62135625095, 
resistor:  1


1.71810714286 2.61475413357, 1.52188071881, 0.329327145853, 4.62198007713, 
resistor:  1


1.81901190476 2.76807500649, 1.52174650382, 0.329255425244, 4.62254660378, 
resistor:  1


1.91978571429 2.93600975361, 1.52934243221, 0.331159230955, 4.62014524682, 
resistor:  1


2.02058333333 3.10335431346, 1.53587048961, 0.332691440174, 4.61907473699, 
resistor:  1


2.12148809524 3.25658609265, 1.53504801651, 0.332460643224, 4.61970146138, 
resistor:  1


2.22230952381 3.40893550483, 1.53396071443, 0.33216723395, 4.62041952722, 
resistor:  1


2.3231547619 3.56218052578, 1.53333759084, 0.331991870728, 4.62089605546, 
resistor:  1


2.42405952381 3.71486846188, 1.53249886209, 0.33176070534, 4.62151154471, 
resistor:  1


2.52485714286 3.86750568534, 1.53177208314, 0.331564675357, 4.62197678788, 
resistor:  1


2.62569047619 4.02021563437, 1.53110797743, 0.331379312464, 4.62248933139, 
resistor:  1


2.7265 4.17253839053, 1.53036434642, 0.33120494868, 4.62260808769, 
resistor:  1


2.82732142857 4.32484464732, 1.52966146814, 0.331033420605, 4.62282006924, 
resistor:  1


2.92829761905 4.48785710308, 1.53258230102, 0.331766551408, 4.62158029829, 
resistor:  1


3.02932142857 4.64480096346, 1.53328099146, 0.33192480341, 4.6215047603, 
resistor:  1


3.13028571429 4.79782819976, 1.53271255013, 0.331790855271, 4.62159755744, 
resistor:  1


3.23119047619 4.94978230733, 1.53187574171, 0.331585951604, 4.62187620892, 
resistor:  1


3.33210714286 5.10266370351, 1.53136243366, 0.331466425526, 4.62194056855, 
resistor:  1


3.433 5.25540298525, 1.53084852469, 0.331337931669, 4.62213590669, 
resistor:  1


3.53395238095 5.40807416405, 1.53031891239, 0.331213603101, 4.62222586731, 
resistor:  1


3.63507142857 5.56066572065, 1.52972667248, 0.331065987117, 4.62245489479, 
resistor:  1


3.73623809524 5.71456265519, 1.52949638367, 0.330998317125, 4.62266379598, 
resistor:  1


3.83726190476 5.86814200109, 1.5292524062, 0.330921682251, 4.62295665211, 
resistor:  1


3.93851190476 6.03678702251, 1.53275835353, 0.331767824454, 4.62189474762, 
resistor:  1


4.03954761905 6.1906890661, 1.53252038345, 0.331690907369, 4.62221259416, 
resistor:  1


4.1405952381 6.34492047351, 1.53236916643, 0.331646957593, 4.62234509266, 
resistor:  1


4.24169047619 6.49840169114, 1.53203109176, 0.331554008531, 4.62258406838, 
resistor:  1


4.34277380952 6.65101156246, 1.53151231314, 0.331422196062, 4.6228234459, 
resistor:  1


4.44405952381 6.80516727536, 1.53129525806, 0.331356066228, 4.62305876873, 
resistor:  1


4.54563095238 6.95847937305, 1.53080605222, 0.331231522364, 4.62328703797, 
resistor:  1


4.64704761905 7.11203210046, 1.53044097747, 0.331136114157, 4.62348532017, 
resistor:  1


4.74822619048 7.26465567995, 1.52997253891, 0.331030489084, 4.62351545488, 
resistor:  1


4.84932142857 7.41785761222, 1.5296691963, 0.330958615689, 4.62357223198, 
resistor:  1


4.95036904762 7.58540633882, 1.5322910809, 0.33160911031, 4.62256834925, 
resistor:  1


5.05144047619 7.73828649088, 1.53189699599, 0.331512227081, 4.62270413993, 
resistor:  1


5.15255952381 7.89109516017, 1.5314903445, 0.331418694648, 4.622749344, 
resistor:  1


5.25380952381 8.04585107963, 1.53143181974, 0.331406919157, 4.62273031646, 
resistor:  1


5.35527380952 8.20734753327, 1.53257290387, 0.331702037702, 4.62225113188, 
resistor:  1


5.45651190476 8.39690884459, 1.53887849805, 0.333247665788, 4.62031330559, 
resistor:  1


5.5576547619 8.57566726542, 1.5430370602, 0.334241334756, 4.61919876988, 
resistor:  1


5.6588452381 8.75484516532, 1.5471080754, 0.335207353106, 4.61818612921, 
resistor:  1


5.76 8.93165980347, 1.55063538255, 0.336045300923, 4.61726787809, 
resistor:  1


5.86123809524 9.11685270362, 1.55544827824, 0.337205685844, 4.61591956685, 
resistor:  1


5.96260714286 9.31606008632, 1.56241386748, 0.338883178387, 4.61419203683, 
resistor:  1


6.06391666667 9.5037737305, 1.56726654618, 0.340048343668, 4.61304342511, 
resistor:  1


6.16513095238 9.72369523473, 1.57720822312, 0.34248502786, 4.61041977377, 
resistor:  1


6.26633333333 9.93302731576, 1.58514186644, 0.344382186984, 4.6086538693, 
resistor:  1


6.36754761905 10.139000241, 1.59229280212, 0.346093197701, 4.60701279337, 
resistor:  1


6.4688452381 10.3540627891, 1.60060449864, 0.348107714015, 4.60498086144, 
resistor:  1


6.5701547619 10.5655945647, 1.60811958738, 0.349918549691, 4.60319056394, 
resistor:  1


6.67132142857 10.7729506147, 1.61481510523, 0.351530599666, 4.60156156943, 
resistor:  1


6.77254761905 10.9828954605, 1.62167858808, 0.353195307405, 4.59979437881, 
resistor:  1


6.87382142857 11.1972346993, 1.62896793519, 0.354975709411, 4.59786982913, 
resistor:  1


6.9751547619 11.4152286503, 1.63655560915, 0.356841243722, 4.59575719893, 
resistor:  1


7.07647619048 11.6227588463, 1.64245007451, 0.358263999976, 4.59429102401, 
resistor:  1


7.17779761905 11.8300848623, 1.64814968186, 0.359637271904, 4.59289280639, 
resistor:  1


7.27901190476 12.0383102941, 1.65383852253, 0.361015232642, 4.59143674824, 
resistor:  1


7.3803452381 12.2477478595, 1.65950879862, 0.362390751648, 4.5899966046, 
resistor:  1


7.48188095238 12.4542786542, 1.66459192995, 0.363614124495, 4.58874911176, 
resistor:  1


7.58325 12.6623076144, 1.66977319941, 0.364867883623, 4.58744300108, 
resistor:  1


7.68452380952 12.8682574899, 1.674567977, 0.366012652801, 4.58637225488, 
resistor:  1


7.78572619048 13.0773647984, 1.67965896545, 0.367233586143, 4.58521340053, 
resistor:  1


7.88686904762 13.2855648431, 1.6845169817, 0.368398174262, 4.58409413965, 
resistor:  1


7.98795238095 13.5030327059, 1.69042478747, 0.369841032808, 4.58256725486, 
resistor:  1


8.08905952381 13.7082427028, 1.69466458522, 0.370850183616, 4.58161141771, 
resistor:  1


8.19035714286 13.9119350666, 1.69857490021, 0.371778380227, 4.58075254844, 
resistor:  1


8.29152380952 14.1186473714, 1.70278077899, 0.37277842449, 4.57984792639, 
resistor:  1


8.39264285714 14.3252073593, 1.70687679711, 0.373760639579, 4.57888544609, 
resistor:  1


8.49371428571 14.53180863, 1.71088974048, 0.374719517506, 4.57797930854, 
resistor:  1


8.59485714286 14.7383074397, 1.71478213014, 0.375647594329, 4.57711639617, 
resistor:  1


8.69608333333 14.9440055418, 1.71847542957, 0.376533273619, 4.57623604593, 
resistor:  1


8.79720238095 15.1503385833, 1.72217688389, 0.377426017063, 4.5753133804, 
resistor:  1


8.89857142857 15.3623732143, 1.72638645851, 0.378454038773, 4.57419829063, 
resistor:  1


8.99996428571 15.6045293734, 1.73384347738, 0.380315206639, 4.57217400215, 
resistor:  1


9.10113095238 15.8287812246, 1.7392103583, 0.381630687246, 4.57079706084, 
resistor:  1


9.20252380952 16.0554123163, 1.744674901, 0.382974478, 4.56936264032, 
resistor:  1


9.30376190476 16.2797849439, 1.74980670298, 0.384234528953, 4.56802106269, 
resistor:  1


9.40491666667 16.5039897029, 1.75482572444, 0.385462133144, 4.56675326268, 
resistor:  1


9.50616666667 16.726921625, 1.75958640444, 0.386620101189, 4.56559549392, 
resistor:  1


9.60748809524 16.9491255876, 1.76415785475, 0.387730681427, 4.56449503763, 
resistor:  1


9.70863095238 17.1711077541, 1.7686435748, 0.388818855904, 4.56342140547, 
resistor:  1


9.80985714286 17.3958200698, 1.77330004061, 0.389954717743, 4.5622745515, 
resistor:  1


9.91128571429 17.6194488857, 1.77771576701, 0.39103371271, 4.56115270648, 
resistor:  1


10.0125833333 17.8553406781, 1.78329009444, 0.392418708899, 4.55966539259, 
resistor:  1


10.1139285714 18.0835965058, 1.78798934342, 0.393574046328, 4.55845729885, 
resistor:  1


10.2152857143 18.3094472335, 1.79235782, 0.394634542103, 4.55743433212, 
resistor:  1


10.3165 18.5387990506, 1.79700470611, 0.395772495752, 4.55628315239, 
resistor:  1


10.4177857143 18.7666751981, 1.8014072964, 0.396847828812, 4.55520463306, 
resistor:  1


10.5190952381 18.9802740522, 1.80436374256, 0.397558882208, 4.55452413541, 
resistor:  1


10.6203214286 19.1941550227, 1.80730452951, 0.398265695751, 4.55384708595, 
resistor:  1


10.7214642857 19.4014803915, 1.80959240963, 0.398817215643, 4.55325948216, 
resistor:  1


10.8225595238 19.6066034382, 1.8116420053, 0.399306725434, 4.55276023509, 
resistor:  1


10.9236666667 19.8131495226, 1.81378195868, 0.399827354774, 4.55216622658, 
resistor:  1


11.0248690476 20.033070573, 1.81708013823, 0.400643695093, 4.55122711972, 
resistor:  1


11.1260952381 20.2402684068, 1.81917087474, 0.401150281875, 4.55065691694, 
resistor:  1


11.2274761905 20.4483341585, 1.82127610975, 0.401654198141, 4.55015592706, 
resistor:  1


11.3286904762 20.6549660909, 1.82324392517, 0.402126195178, 4.54966370932, 
resistor:  1


11.4298690476 20.870215662, 1.82593655054, 0.402782295076, 4.54898459781, 
resistor:  1


11.5310357143 21.0760825166, 1.82777011873, 0.403222467512, 4.54851962987, 
resistor:  1


11.6323690476 21.2905584234, 1.83028567408, 0.40383263575, 4.54788526829, 
resistor:  1


11.7338095238 21.5008273866, 1.83238251337, 0.404335668005, 4.54739253879, 
resistor:  1


11.8350238095 21.7069669597, 1.83412955555, 0.404745104144, 4.54705514857, 
resistor:  1


11.9363214286 21.9146395181, 1.83596258272, 0.405186134857, 4.5466015092, 
resistor:  1


12.0376309524 22.1296038565, 1.83836869099, 0.405766487499, 4.54603184502, 
resistor:  1


12.1388214286 22.3417355523, 1.84051933573, 0.406287398689, 4.54549408091, 
resistor:  1


12.2400357143 22.5475205942, 1.84211232062, 0.406660705565, 4.5451757087, 
resistor:  1


12.3411904762 22.7559235321, 1.84390019553, 0.407087121855, 4.54476226253, 
resistor:  1


12.4423928571 22.962078957, 1.84547130288, 0.407455896747, 4.54444880055, 
resistor:  1


12.5437261905 23.171447957, 1.84725396626, 0.407880778733, 4.54404866469, 
resistor:  1


12.6450357143 23.3800467263, 1.8489506281, 0.408283750174, 4.54367169482, 
resistor:  1


12.7462142857 23.5863516035, 1.8504593658, 0.40864915642, 4.54326238449, 
resistor:  1


12.8475357143 23.7951253307, 1.85211591233, 0.409048800582, 4.54284114679, 
resistor:  1


12.9488809524 24.0060006833, 1.85390542793, 0.409489375784, 4.54232501732, 
resistor:  1


13.0508690476 24.2276984926, 1.85640499527, 0.410106337991, 4.54163365249, 
resistor:  1


13.1523214286 24.43593328, 1.85791789022, 0.41047264018, 4.5412339365, 
resistor:  1


13.2535238095 24.6448509955, 1.85949422582, 0.410851978414, 4.54084441148, 
resistor:  1


13.354797619 24.8496672725, 1.86072960305, 0.411146435241, 4.54053895139, 
resistor:  1


13.4561071429 25.0599036479, 1.86234424131, 0.411536667726, 4.54012854615, 
resistor:  1


13.5572857143 25.2651583114, 1.86358529604, 0.411835901604, 4.53980356424, 
resistor:  1


13.6584642857 25.473756556, 1.86505276312, 0.412186618625, 4.53945901394, 
resistor:  1


13.7599285714 25.6815744507, 1.86640318061, 0.412504031177, 4.53918993848, 
resistor:  1


13.8611071429 25.8910577884, 1.86789247941, 0.412857145531, 4.53888155295, 
resistor:  1


13.9622380952 26.0997650029, 1.86931098187, 0.413199035526, 4.5385287474, 
resistor:  1


14.063297619 26.3157526285, 1.87123627341, 0.413666820975, 4.53805619591, 
resistor:  1


14.1643452381 26.5238666017, 1.8725797879, 0.413987398161, 4.53774325932, 
resistor:  1


14.2654285714 26.7301523727, 1.87377142151, 0.414266578847, 4.53750408025, 
resistor:  1


14.3665833333 26.9386157417, 1.87508853822, 0.414579873157, 4.53722221968, 
resistor:  1


14.4679166667 27.1467588671, 1.87634194284, 0.414876120346, 4.53696653534, 
resistor:  1


14.5690833333 27.3526920612, 1.87744770452, 0.415134431598, 4.53675117821, 
resistor:  1


14.6703214286 27.560588475, 1.87866289156, 0.415426145651, 4.53645265267, 
resistor:  1


14.7715238095 27.7662268679, 1.87971310381, 0.415678187054, 4.53618894166, 
resistor:  1


14.8728452381 27.976541673, 1.88104839559, 0.416001680294, 4.53584747736, 
resistor:  1


14.9741785714 28.1855361429, 1.88227594645, 0.41630521484, 4.53546460727, 
resistor:  1


15.0753333333 28.404404811, 1.8841642956, 0.416772828018, 4.53492688666, 
resistor:  1


15.176547619 28.6109455973, 1.88520777686, 0.417025878496, 4.53463361713, 
resistor:  1


15.2777619048 28.8204895946, 1.88643400613, 0.417321825094, 4.53432401737, 
resistor:  1


15.3788928571 29.0280585088, 1.88752589529, 0.417586896189, 4.53402354055, 
resistor:  1


15.4800357143 29.2353826058, 1.88858625041, 0.41784810457, 4.5336913533, 
resistor:  1


15.5811666667 29.4408548585, 1.88951543157, 0.418072529678, 4.53343537998, 
resistor:  1


15.6823214286 29.6466304408, 1.89044910065, 0.418296012139, 4.53320551133, 
resistor:  1


15.7833214286 29.8443699923, 1.89088020081, 0.418392119111, 4.5331384798, 
resistor:  1


15.8844047619 30.028399567, 1.8904327872, 0.41827784529, 4.53324945992, 
resistor:  1


15.9855119048 30.2149554807, 1.89014625623, 0.418203611207, 4.53330987689, 
resistor:  1


16.0865357143 30.4062299923, 1.89016644307, 0.418202896005, 4.53330777381, 
resistor:  1


16.187702381 30.5921597396, 1.8898395226, 0.418119399158, 4.53336516735, 
resistor:  1


16.2889166667 30.793137729, 1.89043497239, 0.418259567024, 4.53320742945, 
resistor:  1


16.3902142857 31.0015180979, 1.89146508749, 0.418507127301, 4.53295964244, 
resistor:  1


16.4915833333 31.2133654089, 1.89268457601, 0.418807156512, 4.53260986962, 
resistor:  1


16.5927261905 31.4249545345, 1.89389942158, 0.419105139586, 4.53226354122, 
resistor:  1


16.694047619 31.632910808, 1.89486166146, 0.419347546915, 4.53191767299, 
resistor:  1


16.7952142857 31.8451105357, 1.89608241931, 0.419655591405, 4.53149767814, 
resistor:  1


16.8962261905 32.0561455943, 1.89723700623, 0.419945746607, 4.53111339486, 
resistor:  1


16.9974761905 32.2700829289, 1.8985220257, 0.420269030224, 4.53069132502, 
resistor:  1


17.0988333333 32.4861832723, 1.89990642279, 0.420615776865, 4.5302510486, 
resistor:  1


17.2001190476 32.6897319316, 1.90055265554, 0.420778623546, 4.52999414107, 
resistor:  1


17.30125 32.8890243861, 1.90096232273, 0.420883663524, 4.52978357177, 
resistor:  1


17.4025833333 33.1049646199, 1.9023017437, 0.421220291201, 4.52934729117, 
resistor:  1


17.5038095238 33.3088223992, 1.90294703298, 0.421384150418, 4.52907667023, 
resistor:  1


17.6049047619 33.5206874155, 1.90405389117, 0.42165937572, 4.52872458219, 
resistor:  1


17.7059761905 33.7286003114, 1.90492746339, 0.42187669521, 4.52844602382, 
resistor:  1


17.8070714286 33.9387793867, 1.90591583365, 0.422119047787, 4.52816138738, 
resistor:  1


17.9084166667 34.1485515185, 1.90684370116, 0.422345671981, 4.52789700874, 
resistor:  1


18.009797619 34.3584746614, 1.90776572775, 0.42257209487, 4.52763035589, 
resistor:  1


18.1110595238 34.5828853668, 1.90948990705, 0.423003045299, 4.52713039381, 
resistor:  1


18.2122619048 34.7914239458, 1.91032965195, 0.423206314437, 4.52691064939, 
resistor:  1


18.3136904762 35.0002751947, 1.91115358427, 0.423406652661, 4.52668520433, 
resistor:  1


18.4149285714 35.208418022, 1.91194974693, 0.423599024352, 4.52647507817, 
resistor:  1


18.5161071429 35.4215294593, 1.91301169225, 0.42386205363, 4.52616721437, 
resistor:  1


18.6173214286 35.6330194533, 1.91397132987, 0.424097778469, 4.52588985613, 
resistor:  1


18.7184880952 35.8438126524, 1.91488823616, 0.424325432643, 4.52560273495, 
resistor:  1


18.8197738095 36.0567095419, 1.91589494682, 0.424572297264, 4.52533350991, 
resistor:  1


18.9209642857 36.2665408621, 1.91673850838, 0.424778538282, 4.52509875689, 
resistor:  1


19.0220714286 36.4738187134, 1.91744725859, 0.424950779778, 4.52490246843, 
resistor:  1


19.1231547619 36.6936047645, 1.9188049891, 0.425286035004, 4.52453993571, 
resistor:  1


19.22425 36.9007971734, 1.91949216086, 0.425447900457, 4.52439272714, 
resistor:  1


19.3253214286 37.1098442366, 1.92027047901, 0.425635318177, 4.52419646962, 
resistor:  1


19.4266309524 37.3135371763, 1.92074154637, 0.42574681633, 4.52408132902, 
resistor:  1


19.5280119048 37.5111991823, 1.92089186371, 0.425781837538, 4.52401234084, 
resistor:  1


19.6292261905 37.7183306215, 1.9215393544, 0.425939349887, 4.5238348576, 
resistor:  1


19.7303571429 37.9235555422, 1.92209169189, 0.426068712207, 4.52371926069, 
resistor:  1


19.8313571429 38.1308092038, 1.92275339147, 0.426226104417, 4.52356675413, 
resistor:  1


19.9324404762 38.3357815275, 1.92328589032, 0.426351910005, 4.52344471956, 
resistor:  1


20.033547619 38.5443456766, 1.92399001962, 0.42652026807, 4.52328798447, 
resistor:  1


20.1346071429 38.764579931, 1.92527123355, 0.426832526237, 4.52298200676, 
resistor:  1


20.2356666667 38.9719463106, 1.92590374968, 0.426980149498, 4.52286057013, 
resistor:  1


20.3370714286 39.1796367119, 1.92651320764, 0.427126483631, 4.522704405, 
resistor:  1


20.4384642857 39.3883249741, 1.92716656318, 0.427283293615, 4.52254516416, 
resistor:  1


20.5396547619 39.5967566623, 1.92781997172, 0.427441838402, 4.52236913503, 
resistor:  1


20.640952381 39.8027606766, 1.92833934898, 0.427569612859, 4.52220732915, 
resistor:  1


20.74225 40.0113028635, 1.92897602061, 0.42772845139, 4.52200036164, 
resistor:  1


20.8436785714 40.2160453109, 1.92941208401, 0.427834496153, 4.52186807063, 
resistor:  1


20.9450833333 40.4234725472, 1.92997430012, 0.427972575973, 4.52169130659, 
resistor:  1


21.0462142857 40.6276991563, 1.93040413847, 0.428079732644, 4.52153656106, 
resistor:  1


21.1473809524 40.8477309016, 1.93157398515, 0.428371618067, 4.52119533201, 
resistor:  1


21.2486071429 41.0536184908, 1.93206162714, 0.428486070383, 4.52109041503, 
resistor:  1


21.3499285714 41.259187516, 1.9325211032, 0.42859646956, 4.52096179689, 
resistor:  1


21.4512738095 41.4672832357, 1.93309188088, 0.42873320758, 4.52082805102, 
resistor:  1


21.5524642857 41.6756890083, 1.9336855617, 0.428879755558, 4.52065060994, 
resistor:  1


21.6535952381 41.8839968444, 1.93427448809, 0.429022934836, 4.52048973734, 
resistor:  1


21.754797619 42.0886174449, 1.9346820955, 0.429116980822, 4.52041547715, 
resistor:  1


21.8559880952 42.2920667099, 1.93503338882, 0.429199673227, 4.52033198606, 
resistor:  1


21.9571309524 42.50177217, 1.93567056926, 0.42935420985, 4.52017231513, 
resistor:  1


22.0581904762 42.7094584272, 1.93621768174, 0.429482008869, 4.5200702539, 
resistor:  1


22.1592857143 42.9323857467, 1.93744447814, 0.429785664316, 4.51975674817, 
resistor:  1


22.2603928571 43.1383518192, 1.93789714746, 0.429890776621, 4.51967363935, 
resistor:  1


22.3617738095 43.3488162265, 1.93852315097, 0.430042494713, 4.51951961738, 
resistor:  1


22.463297619 43.5553290545, 1.93895525907, 0.430143942774, 4.51943186577, 
resistor:  1


22.5645595238 43.7601560214, 1.93933127634, 0.430230721472, 4.51936545149, 
resistor:  1


22.6657261905 43.9678233009, 1.93983739729, 0.43035483531, 4.51921758629, 
resistor:  1


22.7671428571 44.1761209244, 1.94034540046, 0.430478193464, 4.51907879785, 
resistor:  1


22.86875 44.3831511977, 1.94077731392, 0.430584996511, 4.51893785093, 
resistor:  1


22.9703214286 44.5888654699, 1.94115113315, 0.430675994537, 4.51882364535, 
resistor:  1


23.0715 44.7981451869, 1.94170925977, 0.430812361748, 4.51866833594, 
resistor:  1


23.1727380952 45.0153850543, 1.94260103702, 0.431032040648, 4.51843539246, 
resistor:  1


23.2738928571 45.2213209737, 1.94300632263, 0.431130164072, 4.51832108135, 
resistor:  1


23.3751904762 45.4308139779, 1.94354839693, 0.431262897533, 4.51816378766, 
resistor:  1


23.4765595238 45.6379545515, 1.94397967493, 0.43136787136, 4.51803869278, 
resistor:  1


23.5777261905 45.8438771019, 1.94437227456, 0.431464064346, 4.51791456447, 
resistor:  1


23.6788571429 46.0487757843, 1.94472121296, 0.43154699794, 4.51782593824, 
resistor:  1


23.7800238095 46.2550639814, 1.94512269424, 0.431640129464, 4.51774916847, 
resistor:  1


23.88125 46.4604290198, 1.94547726856, 0.43172298003, 4.51767665752, 
resistor:  1


23.9826547619 46.6669671529, 1.94586327561, 0.431813500892, 4.5175944848, 
resistor:  1


24.0838333333 46.8751234928, 1.94633150147, 0.431923596912, 4.51750595163, 
resistor:  1


24.1852738095 47.0957614706, 1.94729081182, 0.432157038165, 4.51728420923, 
resistor:  1


24.286452381 47.2985356189, 1.94752757121, 0.432212328433, 4.51722807389, 
resistor:  1


24.3876666667 47.5046192915, 1.94789521854, 0.432298713841, 4.51714513758, 
resistor:  1


24.4888690476 47.7100833149, 1.94823547066, 0.432379270971, 4.51706070541, 
resistor:  1


24.589952381 47.9187935738, 1.94871437046, 0.432493803332, 4.51695337273, 
resistor:  1


24.6910238095 48.1252244281, 1.94909797177, 0.432587774613, 4.51682837577, 
resistor:  1


24.7920833333 48.3281671644, 1.94933868665, 0.432645521545, 4.51675790647, 
resistor:  1


24.8931666667 48.5357021525, 1.94976006076, 0.432748545105, 4.51663827514, 
resistor:  1


24.9942738095 48.7406820446, 1.95007394158, 0.432823910445, 4.51655587286, 
resistor:  1


25.0953928571 48.9474145417, 1.95045420569, 0.432917025408, 4.51644106651, 
resistor:  1


25.1965 49.1716440204, 1.95152676048, 0.433182457923, 4.51616634146, 
resistor:  1


25.2976428571 49.3767613708, 1.95183249482, 0.433257019756, 4.51606895615, 
resistor:  1


25.3989285714 49.5840893278, 1.95221184974, 0.433348835567, 4.51596847703, 
resistor:  1


25.5003095238 49.7911489995, 1.95257037774, 0.433437675734, 4.51584695305, 
resistor:  1


25.6015119048 49.9988955959, 1.9529665194, 0.43353305998, 4.51574560089, 
resistor:  1


25.7026071429 50.2040727138, 1.95326771462, 0.433603600122, 4.51568155373, 
resistor:  1


25.8036666667 50.4128088112, 1.953707179, 0.433707617038, 4.51558744652, 
resistor:  1


25.9047738095 50.6187515359, 1.95403178997, 0.433782005406, 4.51553098957, 
resistor:  1


26.0059761905 50.8245821458, 1.95434240859, 0.433855269815, 4.51545865491, 
resistor:  1


26.1071071429 51.0318491467, 1.95471098607, 0.433941978904, 4.51538134532, 
resistor:  1


26.20825 51.2513319879, 1.95554193767, 0.434142855562, 4.51519571857, 
resistor:  1


26.3093809524 51.4596992506, 1.95594489067, 0.434238709756, 4.51510691023, 
resistor:  1


26.4104047619 51.6648238875, 1.95622991595, 0.434304329237, 4.51505751039, 
resistor:  1


26.5115 51.8717863111, 1.95657681803, 0.434386795362, 4.51497407651, 
resistor:  1


26.6126309524 52.075681242, 1.95680319376, 0.43443900639, 4.51492619323, 
resistor:  1


26.7138333333 52.2782080693, 1.95697140942, 0.434480030075, 4.51486028334, 
resistor:  1


26.8150238095 52.4852065031, 1.95730598175, 0.434562490764, 4.5147522809, 
resistor:  1


26.9163571429 52.6918278272, 1.95761363797, 0.434637246644, 4.51465928498, 
resistor:  1


27.01775 52.8999009143, 1.95796840648, 0.434723210521, 4.51456218274, 
resistor:  1


27.1191904762 53.1059100446, 1.95824097667, 0.43478856531, 4.51448871571, 
resistor:  1


27.2203809524 53.3244766081, 1.95899082755, 0.434974808202, 4.51427457918, 
resistor:  1


27.3215 53.5317269398, 1.95932605969, 0.435056373065, 4.51417819708, 
resistor:  1


27.4226190476 53.7366565691, 1.95957419223, 0.435116801369, 4.5140954248, 
resistor:  1


27.5239642857 53.9413295283, 1.95979507052, 0.435171111871, 4.51401389825, 
resistor:  1


27.6251309524 54.1461347022, 1.96003178394, 0.435227064817, 4.5139507112, 
resistor:  1


27.7262380952 54.3557475571, 1.96044437657, 0.43532610961, 4.51386169259, 
resistor:  1


27.8273452381 54.5615966875, 1.96071871825, 0.43538994415, 4.51380878234, 
resistor:  1


27.9285 54.7654673712, 1.96091689032, 0.435435843056, 4.51376035154, 
resistor:  1


28.0295714286 54.9740738911, 1.96128842109, 0.435523750531, 4.51368516912, 
resistor:  1


28.1306666667 55.1781898263, 1.9614959887, 0.435570023568, 4.51365528939, 
resistor:  1


28.2320119048 55.3947070364, 1.96212396138, 0.435721886107, 4.5135109951, 
resistor:  1


28.3331428571 55.5999990749, 1.9623661009, 0.435777889921, 4.51346220029, 
resistor:  1


28.4344166667 55.80607435, 1.96262420306, 0.43583802039, 4.51341259658, 
resistor:  1


28.5358333333 56.0112412789, 1.96283881479, 0.435887403408, 4.5133695163, 
resistor:  1


28.6371547619 56.2161897927, 1.96305080795, 0.435938097381, 4.51330660849, 
resistor:  1


28.7383809524 56.4205077578, 1.96324587148, 0.435986180873, 4.51323373775, 
resistor:  1


28.8396071429 56.6226366662, 1.96336366115, 0.436014918803, 4.51318223686, 
resistor:  1


28.9411547619 56.8253517214, 1.96347907293, 0.436042776232, 4.51313497304, 
resistor:  1


29.0425119048 57.0284183698, 1.96361866208, 0.436076093783, 4.51308527945, 
resistor:  1


29.1436309524 57.2304087983, 1.9637363955, 0.436103011033, 4.51305211919, 
resistor:  1


29.2447738095 57.4436173112, 1.96423530869, 0.436225415716, 4.51291185871, 
resistor:  1


29.3457857143 57.6506021315, 1.96452746888, 0.436296038449, 4.51282898398, 
resistor:  1


29.4469047619 57.8543776732, 1.96470149039, 0.436338305682, 4.51276724078, 
resistor:  1


29.5480357143 58.0577345243, 1.96485935937, 0.436376635786, 4.51270879041, 
resistor:  1


29.6492857143 58.2627932059, 1.96506566018, 0.436425272489, 4.51265441223, 
resistor:  1


29.7503452381 58.4656260314, 1.96520832157, 0.436457269092, 4.51262454305, 
resistor:  1


29.8516309524 58.6701435028, 1.96539155922, 0.436499087746, 4.51258898345, 
resistor:  1


29.9531428571 58.8751747317, 1.96557586669, 0.436541566867, 4.51254973251, 
resistor:  1


30.0544642857 59.0815117512, 1.96581483501, 0.436597606582, 4.51249763323, 
resistor:  1


30.1556904762 59.2826991916, 1.96588764029, 0.436610879444, 4.51250234036, 
resistor:  1


30.2569761905 59.4940495939, 1.96629197906, 0.436707802726, 4.51240890984, 
resistor:  1


30.358202381 59.7052611572, 1.96669290256, 0.436803246323, 4.51232798597, 
resistor:  1


30.4594047619 59.9093798333, 1.9668598353, 0.436841785028, 4.51229010714, 
resistor:  1


30.5605952381 60.1143870294, 1.96705550272, 0.43688668821, 4.51225236354, 
resistor:  1


30.6616904762 60.3166971094, 1.9671680254, 0.436913244382, 4.51221397541, 
resistor:  1


30.7627619048 60.5188343205, 1.96727571172, 0.436939420106, 4.51216828408, 
resistor:  1


30.8639285714 60.7252121438, 1.96751401894, 0.436998132938, 4.51208790382, 
resistor:  1


30.9650357143 60.9262877648, 1.96758331968, 0.437014083055, 4.51205818623, 
resistor:  1


31.0661071429 61.130117994, 1.96774310064, 0.43705279832, 4.51200339937, 
resistor:  1


31.1671904762 61.3349901743, 1.96793452465, 0.437098748627, 4.51194694398, 
resistor:  1


31.2682857143 61.5395079028, 1.96811262584, 0.437142409911, 4.51188294577, 
resistor:  1


31.3695952381 61.7496529111, 1.96845552014, 0.437225710693, 4.51179551592, 
resistor:  1


31.4711309524 61.953313408, 1.96857601024, 0.437255127223, 4.51174506602, 
resistor:  1


31.5725 62.1571541223, 1.96871182587, 0.437287268271, 4.51170257872, 
resistor:  1


31.6736309524 62.3583244894, 1.96877726406, 0.437300896224, 4.51169002886, 
resistor:  1


31.7748095238 62.5622129102, 1.96892487627, 0.43733427901, 4.5116601773, 
resistor:  1


31.8760119048 62.7656550259, 1.96905607933, 0.437364105731, 4.51163110014, 
resistor:  1


31.9771904762 62.9712067744, 1.96925389118, 0.437409171584, 4.51159881544, 
resistor:  1


32.078297619 63.1729931873, 1.96933746103, 0.437428339866, 4.51157174684, 
resistor:  1


32.1796190476 63.3795369286, 1.96955522795, 0.437477700164, 4.51154165057, 
resistor:  1


32.2808095238 63.5847710672, 1.96973904946, 0.437521904722, 4.51148534419, 
resistor:  1


32.3819047619 63.8005248732, 1.97025237837, 0.437644184621, 4.51138454293, 
resistor:  1


32.4832619048 64.0041632937, 1.97037364909, 0.43767196471, 4.51135364041, 
resistor:  1


32.584547619 64.2039954786, 1.97038167383, 0.437670875514, 4.51136075007, 
resistor:  1


32.6856904762 64.407008564, 1.97049557851, 0.437699404206, 4.5113097656, 
resistor:  1


32.786797619 64.6124648911, 1.97068544607, 0.437745690078, 4.5112460232, 
resistor:  1


32.8880833333 64.8153242342, 1.97078448073, 0.43777071884, 4.51119493481, 
resistor:  1


32.9894285714 65.0173636099, 1.97085449568, 0.437786482149, 4.51117420009, 
resistor:  1


33.0906547619 65.223030351, 1.97104079143, 0.437833899694, 4.51109241147, 
resistor:  1


33.1919047619 65.426937832, 1.97117153418, 0.437864171243, 4.51106084648, 
resistor:  1


33.2931071429 65.633809906, 1.97139334651, 0.437919966806, 4.51097964325, 
resistor:  1


33.394297619 65.8495367912, 1.97187967666, 0.438038010263, 4.51086621272, 
resistor:  1


33.4956428571 66.0544082921, 1.97202987188, 0.438075244207, 4.51080797764, 
resistor:  1


33.5970119048 66.2565216986, 1.97209566989, 0.438090399034, 4.51078217306, 
resistor:  1


33.6981785714 66.4594783671, 1.9721979402, 0.438114406578, 4.51075049673, 
resistor:  1


33.7993333333 66.6585541092, 1.9721854704, 0.43810864681, 4.51076279626, 
resistor:  1


33.9005595238 66.8803435512, 1.97283892923, 0.438271150074, 4.51059038253, 
resistor:  1


34.0016785714 67.1096067985, 1.97371452287, 0.438487464277, 4.51037916575, 
resistor:  1


34.1027261905 67.3197653985, 1.97402885102, 0.43856517369, 4.51028677414, 
resistor:  1


34.2037857143 67.5229083811, 1.97413552246, 0.438587925107, 4.51027636389, 
resistor:  1


34.3048690476 67.7257038509, 1.97423006504, 0.438609189955, 4.51025455184, 
resistor:  1


34.4061309524 67.9406959838, 1.97466829612, 0.438714545299, 4.51015486648, 
resistor:  1


34.5075119048 68.1439580464, 1.97475721328, 0.43873377262, 4.51014064056, 
resistor:  1


34.6086309524 68.3468084436, 1.9748486595, 0.438754634391, 4.51011696814, 
resistor:  1


34.7097738095 68.5502356489, 1.97495483621, 0.438781241241, 4.51006800216, 
resistor:  1


34.8108690476 68.751354099, 1.97499677486, 0.438790931303, 4.51004548968, 
resistor:  1


34.9119642857 68.9543292637, 1.97509165338, 0.438814677591, 4.51000082428, 
resistor:  1


35.0131309524 69.1550141949, 1.97511654382, 0.438820192416, 4.50998279912, 
resistor:  1


35.114202381 69.3584067265, 1.9752237563, 0.438846211221, 4.50994062183, 
resistor:  1


35.215297619 69.5601900866, 1.97528332258, 0.438859538343, 4.50992438233, 
resistor:  1


35.316452381 69.7631097482, 1.97537139336, 0.438881491861, 4.50988062214, 
resistor:  1


35.4178095238 69.9789188547, 1.97581159862, 0.438992747294, 4.50973422354, 
resistor:  1


35.5192261905 70.1836261507, 1.97593342193, 0.439021813952, 4.50969549065, 
resistor:  1


35.6203928571 70.3890160453, 1.97608758352, 0.439058858982, 4.5096505877, 
resistor:  1


35.7215595238 70.5903784744, 1.97612812585, 0.439066816698, 4.50964286684, 
resistor:  1


35.8227261905 70.7932231238, 1.97620981573, 0.439083491374, 4.50964100988, 
resistor:  1


35.9240595238 70.9967675475, 1.97630135593, 0.439102080085, 4.50964008585, 
resistor:  1


36.0253928571 71.1993746993, 1.97636636418, 0.439115118205, 4.50963830295, 
resistor:  1


36.1268095238 71.4021254991, 1.97643042495, 0.439129104663, 4.5096231253, 
resistor:  1


36.2280714286 71.6016729327, 1.97641414818, 0.439123088145, 4.50963391047, 
resistor:  1


36.3291904762 71.8000807845, 1.97637436572, 0.439108353063, 4.50967602784, 
resistor:  1


36.4303809524 72.0117118655, 1.97669390171, 0.439182949419, 4.50962367725, 
resistor:  1


36.531547619 72.218435596, 1.97687862417, 0.439223254538, 4.50961388126, 
resistor:  1


36.6325952381 72.4219828582, 1.97698203983, 0.439246682027, 4.50959185704, 
resistor:  1


36.7339166667 72.625491115, 1.97706908779, 0.439268075865, 4.50955410981, 
resistor:  1


36.8350833333 72.826531461, 1.97709696492, 0.439275107087, 4.50952855686, 
resistor:  1


36.9361904762 73.0290596491, 1.97716815697, 0.439292874217, 4.50949192821, 
resistor:  1


37.0372619048 73.2311011782, 1.97722772721, 0.439307983837, 4.50945670671, 
resistor:  1


37.1384166667 73.4366076664, 1.97737583499, 0.439344437126, 4.50940561148, 
resistor:  1


37.2395833333 73.6376627986, 1.97740297305, 0.439350079702, 4.5093922515, 
resistor:  1


37.3409285714 73.840542813, 1.97746937845, 0.439366553624, 4.50935991406, 
resistor:  1


37.4423452381 74.0537737758, 1.97780810216, 0.439450137893, 4.5092643836, 
resistor:  1


37.5437380952 74.2584620447, 1.97791871061, 0.439476258546, 4.509232963, 
resistor:  1


37.6448452381 74.4618614051, 1.97800949729, 0.439497813346, 4.50920309294, 
resistor:  1


37.7459642857 74.6654542002, 1.97810429838, 0.4395183706, 4.50919174033, 
resistor:  1


37.847297619 74.8692177009, 1.97819190301, 0.439538376663, 4.50916960626, 
resistor:  1


37.9483928571 75.0711220039, 1.97824245908, 0.439548613531, 4.50916435236, 
resistor:  1


38.0494047619 75.2746519851, 1.97833980469, 0.43957101253, 4.50914167775, 
resistor:  1


38.1505 75.4782574475, 1.97843429175, 0.439591066256, 4.50913510045, 
resistor:  1


38.2515595238 75.6807840236, 1.97850192164, 0.439606397211, 4.50911737198, 
resistor:  1


38.3528095238 75.8842992666, 1.97858514692, 0.439624130229, 4.50910960352, 
resistor:  1


38.4539285714 76.1013110867, 1.97902565261, 0.43973087577, 4.50901526019, 
resistor:  1


38.5551547619 76.3077200225, 1.97918334121, 0.439767854866, 4.50898131393, 
resistor:  1


38.6609166667 76.5219598213, 1.9793105394, 0.439799296596, 4.50893401654, 
resistor:  1


38.7625 76.7189155313, 1.97920452838, 0.439772178456, 4.50895338476, 
resistor:  1


38.8639761905 76.9243291378, 1.97932215584, 0.439802079621, 4.50890416578, 
resistor:  1


38.965297619 77.1245428992, 1.97931358444, 0.439799257828, 4.50889900304, 
resistor:  1


39.0665238095 77.3276701892, 1.97938446139, 0.439817536212, 4.50885909413, 
resistor:  1


39.1676785714 77.5288031577, 1.97940766431, 0.439821726532, 4.50885339375, 
resistor:  1


39.268797619 77.7337673188, 1.97953011123, 0.439853083713, 4.50879754493, 
resistor:  1


39.3700238095 77.9359069425, 1.97957479832, 0.439862917967, 4.50878359705, 
resistor:  1


39.4713452381 78.1505324939, 1.9799308086, 0.439951956953, 4.508675441, 
resistor:  1


39.572547619 78.3539281177, 1.98000717245, 0.439969540003, 4.50865503309, 
resistor:  1


39.6739166667 78.558496697, 1.98010439345, 0.439992229999, 4.50863172431, 
resistor:  1


39.775297619 78.7640851336, 1.9802261667, 0.440019721411, 4.50861361446, 
resistor:  1


39.8765357143 78.9669207388, 1.98028538147, 0.440033235799, 4.50859512457, 
resistor:  1


39.9776309524 79.1698095737, 1.98035270444, 0.440047406748, 4.50858904699, 
resistor:  1


40.0788571429 79.3734560566, 1.98043212095, 0.44006605179, 4.50856531798, 
resistor:  1


40.179952381 79.5788781205, 1.9805617828, 0.44009533409, 4.50854715936, 
resistor:  1


40.2811547619 79.7808700634, 1.98060037094, 0.440104011257, 4.50853161651, 
resistor:  1


40.3825 79.9856704347, 1.98070130464, 0.440129282794, 4.50848976735, 
resistor:  1


40.4840119048 80.2015211582, 1.98106653429, 0.440220789936, 4.50837833505, 
resistor:  1


40.5854404762 80.4075302837, 1.9811915145, 0.440249333448, 4.50835662346, 
resistor:  1


40.6868095238 80.6120037381, 1.9812810265, 0.440272077138, 4.50831430406, 
resistor:  1


40.7881190476 80.8152631883, 1.98134322139, 0.440285854723, 4.50830154812, 
resistor:  1


40.8893214286 81.0149168289, 1.98132211537, 0.440279904419, 4.50829965079, 
resistor:  1


40.9904761905 81.2213137033, 1.9814679226, 0.440317008178, 4.50823918027, 
resistor:  1


41.0915 81.4239382329, 1.98152752352, 0.440331549318, 4.50821269845, 
resistor:  1


41.1925952381 81.6215823953, 1.98146249158, 0.440314043386, 4.50822921193, 
resistor:  1


41.2939047619 81.8228530225, 1.98147531686, 0.440316003007, 4.50822405029, 
resistor:  1


41.3952380952 82.0341840658, 1.98172997283, 0.440380992384, 4.50813339706, 
resistor:  1


41.4964880952 82.2473403002, 1.98203134953, 0.440455848338, 4.50804412389, 
resistor:  1


41.5976309524 82.4527301689, 1.98214966288, 0.440483952549, 4.50801223104, 
resistor:  1


41.6991309524 82.6591995459, 1.98227631267, 0.440513034224, 4.50799004275, 
resistor:  1


41.8005119048 82.8640126179, 1.98236836924, 0.440531313893, 4.50799914917, 
resistor:  1


41.9018571429 83.0683551347, 1.98245044012, 0.440548133238, 4.50800055361, 
resistor:  1


42.0031666667 83.2733880524, 1.98255023754, 0.440569802721, 4.50799377832, 
resistor:  1


42.104297619 83.4784526884, 1.98265871678, 0.440595275869, 4.50796691112, 
resistor:  1


42.2055119048 83.682858967, 1.9827471624, 0.440614488119, 4.50795901056, 
resistor:  1


42.3066666667 83.8851921359, 1.98278897264, 0.440622970432, 4.50795492645, 
resistor:  1


42.408 84.0930094348, 1.98295155241, 0.440661455294, 4.50791874734, 
resistor:  1


42.5094404762 84.3052960853, 1.9832134966, 0.440724053792, 4.50786331619, 
resistor:  1


42.610702381 84.5121227869, 1.98335437026, 0.440757472447, 4.50783041279, 
resistor:  1


42.71175 84.7132990718, 1.98337223532, 0.44076227348, 4.50780776266, 
resistor:  1


42.812797619 84.9180933073, 1.98347452234, 0.440787957678, 4.50776670948, 
resistor:  1


42.9140833333 85.1205174522, 1.98351009367, 0.440796745531, 4.50774552505, 
resistor:  1


43.0152261905 85.322151116, 1.98353370823, 0.440802502246, 4.50772731684, 
resistor:  1


43.116297619 85.5245294706, 1.98357776974, 0.440813814548, 4.50770127303, 
resistor:  1


43.2173452381 85.7307833564, 1.98371239335, 0.440846654955, 4.5076605961, 
resistor:  1


43.3184285714 85.9320541224, 1.98372971865, 0.440850435058, 4.50764820996, 
resistor:  1


43.419797619 86.1360262328, 1.98379612426, 0.440867126232, 4.50761715995, 
resistor:  1


43.5212738095 86.3448212022, 1.98396815268, 0.440909782777, 4.50756108849, 
resistor:  1


43.6226547619 86.5586415799, 1.98425891437, 0.440981169355, 4.50749219449, 
resistor:  1


43.7239285714 86.7661756308, 1.98440941758, 0.441016685023, 4.50746079767, 
resistor:  1


43.8254166667 86.9781841574, 1.98465161938, 0.441075333723, 4.50740721224, 
resistor:  1


43.9267857143 87.2076797142, 1.98529617627, 0.441234590805, 4.50725442583, 
resistor:  1


44.028047619 87.4357273198, 1.98590971093, 0.441386390273, 4.50710684189, 
resistor:  1


44.129202381 87.6632159405, 1.98651258601, 0.441536305674, 4.50695331604, 
resistor:  1


44.2303809524 87.8911225758, 1.98712108472, 0.441686822707, 4.50680712349, 
resistor:  1


44.3315595238 88.1162832532, 1.98766486448, 0.441819546528, 4.50668842752, 
resistor:  1


44.4327261905 88.3445709634, 1.98827707723, 0.441972307232, 4.50652936257, 
resistor:  1


44.5338214286 88.5800865758, 1.9890519999, 0.442167326118, 4.50632783636, 
resistor:  1


44.6349642857 88.8070221195, 1.9896290619, 0.442311102556, 4.50617888696, 
resistor:  1


44.736 89.0359335315, 1.9902524484, 0.442466968791, 4.50601488102, 
resistor:  1


44.8373690476 89.2639459659, 1.99083817498, 0.442614119524, 4.50585490347, 
resistor:  1


44.9387261905 89.4906975869, 1.99139373038, 0.442752510231, 4.50571021667, 
resistor:  1


45.0401071429 89.7219897009, 1.99204654235, 0.442917142428, 4.5055290201, 
resistor:  1


45.1413333333 89.946801215, 1.99255969138, 0.443046510873, 4.5053821053, 
resistor:  1


45.2424404762 90.1761929843, 1.9931770266, 0.443201290344, 4.50521661357, 
resistor:  1


45.3436309524 90.4032018663, 1.99373539277, 0.443340917012, 4.5050668205, 
resistor:  1


45.4450119048 90.6088318901, 1.99381248001, 0.443358775972, 4.50504903156, 
resistor:  1


45.5463214286 90.8129881246, 1.993859993, 0.443368732502, 4.50504404792, 
resistor:  1


45.6475 91.0174034627, 1.99391869133, 0.443380693605, 4.50504283327, 
resistor:  1


45.7486666667 91.222301984, 1.9939882106, 0.443394616237, 4.50504847211, 
resistor:  1


45.8497738095 91.4240468017, 1.99399122843, 0.443394583784, 4.50504399834, 
resistor:  1


45.9571190476 91.641307847, 1.99406119761, 0.443410560218, 4.50503130945, 
resistor:  1


46.0583690476 91.8444163879, 1.99408746525, 0.443415436469, 4.50502825846, 
resistor:  1


46.1595833333 92.0524452147, 1.99422175348, 0.44344745491, 4.50499712474, 
resistor:  1


46.26075 92.2562028823, 1.99426517906, 0.443457600314, 4.50498114231, 
resistor:  1


46.3621190476 92.4704836424, 1.99452668562, 0.443521504639, 4.50491518518, 
resistor:  1


46.4635119048 92.6773302885, 1.99462602996, 0.443546021696, 4.50487911211, 
resistor:  1


46.5647380952 92.8798992206, 1.99464021532, 0.44354777553, 4.50488083787, 
resistor:  1


46.6658452381 93.0828206011, 1.99466698023, 0.443555646167, 4.50485013669, 
resistor:  1


46.7669047619 93.2860437856, 1.99470211382, 0.443565253607, 4.50482166915, 
resistor:  1


46.8681309524 93.4886731444, 1.99471733232, 0.443570011695, 4.50479653212, 
resistor:  1


46.9694285714 93.6945702872, 1.99479902432, 0.443591124589, 4.50475616844, 
resistor:  1


47.0705952381 93.896659503, 1.99480501634, 0.443593952454, 4.50473050174, 
resistor:  1


47.1717380952 94.1001273403, 1.9948412151, 0.443603177488, 4.5047079438, 
resistor:  1


47.2729404762 94.3021200694, 1.99484354304, 0.443604765124, 4.5046861438, 
resistor:  1


47.3740714286 94.5174507834, 1.99513041487, 0.443677627901, 4.50459094858, 
resistor:  1


47.475297619 94.723694186, 1.99522065024, 0.44370053564, 4.50455138414, 
resistor:  1


47.5763928571 94.9274557348, 1.995263828, 0.443712032837, 4.50452176253, 
resistor:  1


47.6775952381 95.1312828823, 1.99530371461, 0.443721571476, 4.5045053591, 
resistor:  1


47.778797619 95.3357600132, 1.99535703626, 0.443733863022, 4.50449054606, 
resistor:  1


47.8801666667 95.5401219989, 1.99540078179, 0.443743834638, 4.50447850146, 
resistor:  1


47.9815119048 95.7443539861, 1.99544262332, 0.443753368378, 4.50446670913, 
resistor:  1


48.0826785714 95.9487115838, 1.99549431177, 0.443765717309, 4.50444745167, 
resistor:  1


48.1839404762 96.1541891028, 1.99556508149, 0.443782446894, 4.50442865899, 
resistor:  1


48.2851428571 96.3548959852, 1.99553921318, 0.44377514671, 4.50443539459, 
resistor:  1


48.3863095238 96.5666104267, 1.99574241923, 0.443824789846, 4.50438319258, 
resistor:  1


48.4873690476 96.7755230187, 1.99589140264, 0.443860826087, 4.50434300128, 
resistor:  1


48.588452381 96.980824072, 1.99596445904, 0.443879058603, 4.50431321461, 
resistor:  1


48.6895119048 97.18465495, 1.99600799326, 0.443890965482, 4.50428048356, 
resistor:  1


48.7905952381 97.3868225035, 1.996016282, 0.443894076286, 4.50425743373, 
resistor:  1


48.8916428571 97.5905029682, 1.99605693867, 0.443904948935, 4.50423046931, 
resistor:  1


48.9927142857 97.7939848251, 1.99609240376, 0.443915306074, 4.50419609407, 
resistor:  1


49.093797619 98.000247949, 1.99618389087, 0.443939745125, 4.50414682331, 
resistor:  1


49.1948928571 98.2023477662, 1.99618989011, 0.443941187768, 4.50413530164, 
resistor:  1


49.2960595238 98.4076648622, 1.99625823672, 0.44395947926, 4.50409732412, 
resistor:  1


49.3973333333 98.6252300646, 1.99656992411, 0.444038085627, 4.5040016159, 
resistor:  1


49.4987261905 98.8379006044, 1.99677664884, 0.444088878539, 4.50394401609, 
resistor:  1


49.5999642857 99.0415241012, 1.99680635919, 0.444097133131, 4.50391805307, 
resistor:  1


49.7011190476 99.2462096691, 1.99686066573, 0.444109502578, 4.50390496243, 
resistor:  1


49.802452381 99.4521092539, 1.99693196819, 0.444127101214, 4.50387894929, 
resistor:  1


49.9038095238 99.6563696162, 1.99696918065, 0.444135581816, 4.50386703871, 
resistor:  1


50.0049642857 99.858973655, 1.9969812014, 0.444137809431, 4.50386337235, 
resistor:  1


50.1061428571 100.063802159, 1.99703661972, 0.444151156354, 4.50384156206, 
resistor:  1


50.2073571429 100.268440217, 1.99708660091, 0.444162707041, 4.50382814826, 
resistor:  1


50.3085357143 100.472061802, 1.99711759398, 0.444169664347, 4.50381794342, 
resistor:  1


50.4097380952 100.678152691, 1.997196504, 0.444188483578, 4.5037964483, 
resistor:  1


50.5108928571 100.89225405, 1.9974355697, 0.444247158871, 4.50373457882, 
resistor:  1


50.6121547619 101.095832771, 1.99746154351, 0.444254270638, 4.50371131339, 
resistor:  1


50.7133214286 101.299693644, 1.99749672847, 0.444262869429, 4.50369572422, 
resistor:  1


50.8144761905 101.502119927, 1.99750400941, 0.444264958072, 4.5036803066, 
resistor:  1


50.9157261905 101.704867141, 1.99751382826, 0.444266991119, 4.50367286164, 
resistor:  1


51.0170833333 101.909818748, 1.99756262197, 0.444279467905, 4.5036476629, 
resistor:  1


51.1186190476 102.117055513, 1.99764894701, 0.444302250746, 4.5036047197, 
resistor:  1


51.2200952381 102.318866802, 1.99763132665, 0.444297720014, 4.50360172734, 
resistor:  1


51.3213571429 102.527171329, 1.99774863793, 0.444327202384, 4.50356211793, 
resistor:  1


51.4225714286 102.732151707, 1.9978026935, 0.444340522046, 4.50354106322, 
resistor:  1


51.5237261905 102.948959457, 1.99808839672, 0.444411850397, 4.50346057102, 
resistor:  1


51.6248214286 103.153255238, 1.99813292101, 0.444420727875, 4.50346307826, 
resistor:  1


51.7259404762 103.358221021, 1.99818930442, 0.444431290175, 4.50347644501, 
resistor:  1


51.8270833333 103.562558722, 1.99823243102, 0.444439471598, 4.50347949849, 
resistor:  1


51.9293452381 103.768278145, 1.99825893565, 0.444443018781, 4.50349377894, 
resistor:  1


52.0304761905 103.971669483, 1.99828402688, 0.444447132468, 4.50349938676, 
resistor:  1


52.1318214286 104.180936202, 1.9984135092, 0.444476086222, 4.50348782615, 
resistor:  1


52.233202381 104.384518889, 1.99843230227, 0.444478408079, 4.5034989962, 
resistor:  1


52.334547619 104.588862113, 1.99846691854, 0.444483752088, 4.50351624118, 
resistor:  1


52.4360595238 104.79455118, 1.99852071516, 0.44449516148, 4.50351075067, 
resistor:  1


52.5372857143 105.010276839, 1.99877621029, 0.444556422452, 4.50345884009, 
resistor:  1


52.6385595238 105.216684122, 1.9988518887, 0.444575140682, 4.5034317038, 
resistor:  1


52.7398928571 105.42047918, 1.99887549005, 0.444579977276, 4.50342641782, 
resistor:  1


52.8410833333 105.624485983, 1.99890841217, 0.444588424761, 4.50340665357, 
resistor:  1


52.9421666667 105.826556106, 1.99890867278, 0.444588263232, 4.5034010447, 
resistor:  1


53.0432261905 106.029287065, 1.9989222881, 0.444592121249, 4.50338417746, 
resistor:  1


53.144452381 106.231988271, 1.9989290229, 0.44459332951, 4.50337966257, 
resistor:  1


53.2455238095 106.435734177, 1.9989611626, 0.444601326204, 4.50336196671, 
resistor:  1


53.3465714286 106.640234317, 1.99900821104, 0.444612475697, 4.50334719513, 
resistor:  1


53.4476904762 106.844004928, 1.99903876063, 0.444620370671, 4.50332707739, 
resistor:  1


53.5488571429 107.058767745, 1.99927269147, 0.444677337528, 4.50327201858, 
resistor:  1


53.6500952381 107.263803885, 1.99932177956, 0.444688389518, 4.50326208513, 
resistor:  1


53.7515 107.470473678, 1.99939487601, 0.444704060922, 4.50325923473, 
resistor:  1


53.8528809524 107.674436932, 1.99941832318, 0.444708388067, 4.50325971428, 
resistor:  1


53.9542619048 107.877990456, 1.99943408821, 0.444710276151, 4.5032675365, 
resistor:  1


54.0553571429 108.081168387, 1.99945341405, 0.444713897545, 4.50326623847, 
resistor:  1


54.1566904762 108.287874222, 1.99952901978, 0.444730910764, 4.50325596153, 
resistor:  1


54.2580833333 108.490279522, 1.99952288871, 0.444727469044, 4.50326871279, 
resistor:  1


54.35925 108.698853677, 1.99963858362, 0.444754909368, 4.50324545752, 
resistor:  1


54.4603928571 108.902044288, 1.99965587053, 0.444758146148, 4.50324311314, 
resistor:  1


54.5616428571 109.121531707, 1.99996785274, 0.444833921437, 4.50317483778, 
resistor:  1


54.66275 109.324604525, 1.99998361819, 0.444837992713, 4.50316135644, 
resistor:  1


54.7638095238 109.526516214, 1.999979862, 0.444836767078, 4.50315731375, 
resistor:  1


54.8648809524 109.730754038, 2.0000180832, 0.444847166787, 4.5031308577, 
resistor:  1


54.9660952381 109.934880281, 2.00004893571, 0.444854342543, 4.50311974226, 
resistor:  1


55.0675 110.138850221, 2.00006991821, 0.444859704826, 4.50310447742, 
resistor:  1


55.1688809524 110.341890769, 2.00007484046, 0.444861930188, 4.50308422105, 
resistor:  1


55.2701904762 110.541941635, 2.00002823734, 0.444849715053, 4.50309436843, 
resistor:  1


55.3715595238 110.745551051, 2.00004392153, 0.44485404398, 4.50307808226, 
resistor:  1


55.4729285714 110.951970656, 2.00011020715, 0.444870459105, 4.50305275733, 
resistor:  1


55.5741071429 111.167073459, 2.0003393518, 0.444925656173, 4.50300260672, 
resistor:  1


55.6753809524 111.372942664, 2.00039839439, 0.444939061459, 4.50299204324, 
resistor:  1


55.77675 111.577391585, 2.00042834308, 0.444945240793, 4.50298982766, 
resistor:  1


55.8779166667 111.782597692, 2.00047897919, 0.444956379884, 4.50298368899, 
resistor:  1


55.9792380952 111.986005332, 2.00049177413, 0.444958134711, 4.50298633854, 
resistor:  1


56.0803809524 112.190350803, 2.00052761585, 0.444965209024, 4.50298791274, 
resistor:  1


56.1815714286 112.396639925, 2.00059622875, 0.444981065682, 4.50297455638, 
resistor:  1


56.282797619 112.600534807, 2.00062078593, 0.444985333246, 4.50297950778, 
resistor:  1


56.3841428571 112.805551831, 2.00066093258, 0.444993666159, 4.50297810378, 
resistor:  1


56.4855357143 113.011356697, 2.00071319619, 0.445005566905, 4.5029678755, 
resistor:  1


56.5867738095 113.229158465, 2.00098275343, 0.445071397002, 4.5029041392, 
resistor:  1


56.6879642857 113.432585388, 2.00099945054, 0.445075505035, 4.50289293066, 
resistor:  1


56.7891190476 113.636063133, 2.00101824151, 0.445080381387, 4.50287975007, 
resistor:  1


56.8904404762 113.837911591, 2.00100246436, 0.445076491969, 4.50287617874, 
resistor:  1


56.9918571429 114.044735779, 2.00107070548, 0.445093971795, 4.50284623547, 
resistor:  1


57.0930119048 114.248246789, 2.0010898528, 0.44509801365, 4.50284175588, 
resistor:  1


57.194202381 114.451484827, 2.00110291013, 0.445101417389, 4.50283004803, 
resistor:  1


57.2953333333 114.656779279, 2.00115389174, 0.445113775502, 4.5028127029, 
resistor:  1


57.3965357143 114.861322901, 2.00118912181, 0.445122858734, 4.50279351589, 
resistor:  1


57.4977261905 115.064803585, 2.00120615559, 0.445126659115, 4.50278616778, 
resistor:  1


57.5988452381 115.283381518, 2.00148772152, 0.445195572704, 4.50272083984, 
resistor:  1


57.6999404762 115.484091057, 2.00145944872, 0.445186685121, 4.50273975901, 
resistor:  1


57.801 115.690177642, 2.00152553835, 0.445202338005, 4.50272374855, 
resistor:  1


57.9020714286 115.894288762, 2.0015568684, 0.445208588179, 4.5027244589, 
resistor:  1


58.0031309524 116.097273051, 2.001569073, 0.445210681297, 4.50272363221, 
resistor:  1


58.1042857143 116.30182394, 2.00160491623, 0.445217774302, 4.50272572116, 
resistor:  1


58.2054642857 116.507770988, 2.00166380284, 0.445230520852, 4.50272292238, 
resistor:  1


58.3066309524 116.712296303, 2.00169851004, 0.445237680994, 4.50272209945, 
resistor:  1


58.4078571429 116.915089888, 2.00170140812, 0.445237015699, 4.50272902081, 
resistor:  1


58.50925 117.120193439, 2.00173807456, 0.445245000633, 4.50272541881, 
resistor:  1


58.6103928571 117.338437782, 2.00200735846, 0.445311224589, 4.50265672669, 
resistor:  1


58.7115714286 117.542773113, 2.00203759247, 0.445318084841, 4.50264817619, 
resistor:  1


58.8128095238 117.746395481, 2.00205357361, 0.445322758078, 4.50262980922, 
resistor:  1


58.9139047619 117.950376032, 2.00208043431, 0.445329163475, 4.50261840116, 
resistor:  1


59.0150238095 118.15430358, 2.00210549709, 0.445336122955, 4.50259815033, 
resistor:  1


59.1161904762 118.357941667, 2.00212396492, 0.445340309128, 4.50259130522, 
resistor:  1


59.21725 118.561961089, 2.00215243175, 0.445347535282, 4.502576108, 
resistor:  1


59.3183214286 118.766642831, 2.00219156528, 0.445356794045, 4.5025628406, 
resistor:  1


59.4193928571 118.972937271, 2.00225770662, 0.445373515001, 4.50253686472, 
resistor:  1


59.5204761905 119.175687276, 2.00226367301, 0.445374289749, 4.50253558203, 
resistor:  1


59.6215238095 119.392588861, 2.00250817545, 0.445434161394, 4.50247778676, 
resistor:  1


59.7226071429 119.597954141, 2.00255748807, 0.445444001047, 4.50248321651, 
resistor:  1


59.8241190476 119.802429947, 2.00257741951, 0.445448133067, 4.50247954246, 
resistor:  1


59.9254880952 120.007301055, 2.002608654, 0.445454623694, 4.50247728329, 
resistor:  1


60.0266785714 120.20844631, 2.00258367063, 0.445447843815, 4.50248328623, 
resistor:  1


60.1278095238 120.413393756, 2.00262398896, 0.445456012191, 4.50248444366, 
resistor:  1


60.229 120.619340066, 2.0026787771, 0.445467983927, 4.5024799392, 
resistor:  1


60.3302380952 120.823514253, 2.00270242696, 0.445472708769, 4.50247893473, 
resistor:  1


60.4313690476 121.026780511, 2.00271452424, 0.445474901892, 4.50247722275, 
resistor:  1


60.5327619048 121.233249652, 2.00277082752, 0.445487746897, 4.50246823144, 
resistor:  1


60.6341309524 121.45105767, 2.00301473382, 0.445549873294, 4.50238779304, 
resistor:  1


60.7353333333 121.655078509, 2.00303631893, 0.445555102833, 4.50237806645, 
resistor:  1


60.8364642857 121.856718907, 2.00302105551, 0.445551377635, 4.5023754547, 
resistor:  1


60.937547619 122.06251755, 2.0030756458, 0.44556494068, 4.50235572103, 
resistor:  1


61.038702381 122.265825929, 2.00308691306, 0.445567752427, 4.50234636453, 
resistor:  1


61.1398690476 122.47249561, 2.00315273025, 0.445583466326, 4.50232894814, 
resistor:  1


61.2410238095 122.673600666, 2.00312785508, 0.445576888065, 4.50233225546, 
resistor:  1


61.3422857143 122.883187535, 2.00323783348, 0.445604270608, 4.5022990196, 
resistor:  1


61.443702381 123.086099835, 2.00323377442, 0.445603610616, 4.50229028371, 
resistor:  1


61.544952381 123.289813707, 2.00324817774, 0.445606971739, 4.50228246429, 
resistor:  1


61.6460595238 123.506897464, 2.00348405751, 0.445664349468, 4.50222854583, 
resistor:  1


61.7472142857 123.713169807, 2.003542528, 0.445677088635, 4.50222496335, 
resistor:  1


61.8483571429 123.918119801, 2.00357981239, 0.445685419978, 4.50221936518, 
resistor:  1


61.9495 124.121500276, 2.00359163958, 0.445686932263, 4.50222459648, 
resistor:  1


62.0507380952 124.327339814, 2.00363998286, 0.445697985283, 4.50221542939, 
resistor:  1


62.152 124.53003944, 2.00363688119, 0.445695596979, 4.50222662469, 
resistor:  1


62.2531428571 124.733979693, 2.00365754993, 0.445699562268, 4.50222591421, 
resistor:  1


62.3543452381 124.938188544, 2.0036805465, 0.4457039402, 4.50222921802, 
resistor:  1


62.4555357143 125.141817753, 2.00369456962, 0.445706746941, 4.50222681636, 
resistor:  1


62.5566785714 125.345749001, 2.00371490085, 0.445710829843, 4.50222619795, 
resistor:  1


62.6577857143 125.561185546, 2.00391992973, 0.4457616007, 4.50216887191, 
resistor:  1


62.758952381 125.766173177, 2.00395590439, 0.445770490105, 4.50215410405, 
resistor:  1


62.8601785714 125.970411093, 2.00397793891, 0.445776233319, 4.50213893756, 
resistor:  1


62.9615238095 126.174971804, 2.00400124028, 0.445782196537, 4.50212492565, 
resistor:  1


63.0627142857 126.376569227, 2.00398239528, 0.4457779158, 4.5021202647, 
resistor:  1


63.1638809524 126.581890175, 2.00402331627, 0.44578826568, 4.50210140109, 
resistor:  1


63.2650952381 126.785274787, 2.00403199126, 0.445789891878, 4.50209874069, 
resistor:  1


63.3662261905 126.988380322, 2.00403886986, 0.445791695971, 4.50209172489, 
resistor:  1


63.4672857143 127.191296149, 2.00404499291, 0.445793316533, 4.5020809467, 
resistor:  1


63.5683333333 127.396003875, 2.00407966034, 0.445801602828, 4.50206909296, 
resistor:  1


63.6694761905 127.608697546, 2.0042366481, 0.445838951089, 4.50203982378, 
resistor:  1


63.7705833333 127.816571133, 2.00431867566, 0.445857499439, 4.50203097738, 
resistor:  1


63.8717142857 128.019497825, 2.00432224588, 0.44585735058, 4.50203431409, 
resistor:  1


63.9728095238 128.224884329, 2.00436537465, 0.445866966507, 4.50202794364, 
resistor:  1


64.0739761905 128.430804818, 2.00441446674, 0.445878266299, 4.50201841591, 
resistor:  1


64.1750595238 128.63406622, 2.00442457201, 0.445879295991, 4.50202433409, 
resistor:  1


64.2761071429 128.837926144, 2.00444507098, 0.445882693339, 4.5020299027, 
resistor:  1


64.3775714286 129.048488494, 2.00455664342, 0.445909709154, 4.50200451858, 
resistor:  1


64.4788571429 129.253699055, 2.00459041587, 0.445916901665, 4.50200160186, 
resistor:  1


64.580047619 129.455795441, 2.00457881674, 0.445913681669, 4.50200340172, 
resistor:  1


64.6811785714 129.668319186, 2.00473031027, 0.445951449226, 4.50195807448, 
resistor:  1


64.7823333333 129.875693729, 2.00480110928, 0.445968696386, 4.50193681778, 
resistor:  1


64.8833809524 130.081071063, 2.00484421671, 0.445979281915, 4.50192138674, 
resistor:  1


64.9844166667 130.282218944, 2.00482247324, 0.445974065393, 4.5019193832, 
resistor:  1


65.0857380952 130.488911568, 2.00487718795, 0.445987791811, 4.50189873416, 
resistor:  1


65.1871190476 130.692779096, 2.00488656356, 0.445990206234, 4.50189027169, 
resistor:  1


65.28825 130.895920155, 2.00489246005, 0.445990868382, 4.50188992335, 
resistor:  1


65.3893809524 131.100257557, 2.00491663399, 0.445996635626, 4.50188072601, 
resistor:  1


65.4905119048 131.3048508, 2.00494463979, 0.446003845622, 4.50186517382, 
resistor:  1


65.5916190476 131.50827999, 2.00495554005, 0.446005929624, 4.50186285312, 
resistor:  1


65.6927142857 131.719579789, 2.00508657955, 0.446037217877, 4.50183669539, 
resistor:  1


65.7937738095 131.929660904, 2.00519978206, 0.446063876791, 4.5018176229, 
resistor:  1


65.8950238095 132.134466624, 2.00522678322, 0.446069298244, 4.50181772584, 
resistor:  1


65.9965833333 132.342395779, 2.00529162413, 0.446084373951, 4.50180615654, 
resistor:  1


66.0981071429 132.548702753, 2.00533280728, 0.44609333563, 4.50180268691, 
resistor:  1


66.1994880952 132.752933933, 2.00534683503, 0.446096040518, 4.50180181258, 
resistor:  1


66.3007142857 132.958980494, 2.00539288191, 0.446106149064, 4.50179857686, 
resistor:  1


66.4018809524 133.163166806, 2.00541257109, 0.446110207893, 4.50179600052, 
resistor:  1


66.5032738095 133.368024069, 2.0054354685, 0.446114738644, 4.50179618894, 
resistor:  1


66.6045714286 133.571947144, 2.00544713793, 0.446117670474, 4.50178723545, 
resistor:  1


66.7058928571 133.78294652, 2.00556413819, 0.446147294684, 4.50174750319, 
resistor:  1


66.807202381 133.995708435, 2.00570752343, 0.446182618866, 4.50170836369, 
resistor:  1


66.9083690476 134.197974259, 2.00569788457, 0.446180067876, 4.50170671968, 
resistor:  1


67.0112857143 134.407055566, 2.00573760275, 0.44619066323, 4.5016840334, 
resistor:  1


67.1127857143 134.610234371, 2.00573158956, 0.446189156812, 4.50168100654, 
resistor:  1


67.2140357143 134.81334398, 2.00573202527, 0.446189794034, 4.50167038264, 
resistor:  1


67.3154166667 135.017738331, 2.00574764321, 0.446193130697, 4.50166621934, 
resistor:  1


67.4171785714 135.221044936, 2.00573574571, 0.4461903453, 4.50166228627, 
resistor:  1


67.5184880952 135.425412218, 2.00575303208, 0.446194836403, 4.50165025975, 
resistor:  1


67.6196904762 135.628703519, 2.00575753251, 0.446195106028, 4.50165215964, 
resistor:  1


67.7208928571 135.835664771, 2.00581621182, 0.446208465225, 4.50164424617, 
resistor:  1


67.8220833333 136.047132351, 2.00594151144, 0.446237637064, 4.50162635272, 
resistor:  1


67.9232738095 136.250093838, 2.00594120684, 0.446236387341, 4.50163304255, 
resistor:  1


68.0244285714 136.455292801, 2.00597484855, 0.446243987048, 4.50162596048, 
resistor:  1


68.125797619 136.66117633, 2.00601212912, 0.446251938337, 4.50162419641, 
resistor:  1


68.2271428571 136.864472665, 2.00601207867, 0.446251461194, 4.50162328365, 
resistor:  1


68.3283690476 137.070025055, 2.00604854126, 0.446259340941, 4.50162024919, 
resistor:  1


68.429547619 137.27305684, 2.00604945694, 0.446258799314, 4.50162313611, 
resistor:  1


68.5306666667 137.477482442, 2.00607245091, 0.446263718472, 4.5016192212, 
resistor:  1


68.6316904762 137.67902575, 2.00605616436, 0.446260297123, 4.50161169396, 
resistor:  1


68.7327619048 137.886614877, 2.00612649711, 0.446278027538, 4.50158633827, 
resistor:  1


68.8341071429 138.109030204, 2.00640403335, 0.44634813755, 4.50151219121, 
resistor:  1


68.9355952381 138.311504047, 2.00638731804, 0.446344166449, 4.5015095779, 
resistor:  1


69.037202381 138.517075784, 2.0064120649, 0.446350776804, 4.50149367774, 
resistor:  1


69.1384880952 138.722932316, 2.00645018625, 0.446360281526, 4.50147808972, 
resistor:  1


69.2397142857 138.924122549, 2.00642252762, 0.446353767739, 4.50147678411, 
resistor:  1


69.3408333333 139.12607613, 2.00640905858, 0.446350121351, 4.50147815166, 
resistor:  1


69.4420357143 139.330701357, 2.00643169405, 0.446356172785, 4.50146514184, 
resistor:  1


69.543202381 139.535557737, 2.00645861795, 0.446362838429, 4.50145320676, 
resistor:  1


69.644297619 139.737453534, 2.00644501146, 0.446358642474, 4.50145968761, 
resistor:  1


69.7454047619 139.948005522, 2.0065552132, 0.446385166915, 4.50143690237, 
resistor:  1


69.846547619 140.159090666, 2.0066717031, 0.446412694189, 4.50141649034, 
resistor:  1


69.9475714286 140.362803174, 2.00668586925, 0.446415307755, 4.50141751153, 
resistor:  1


70.0486190476 140.566799861, 2.00670336935, 0.446418695084, 4.50141705429, 
resistor:  1


70.1497261905 140.772302821, 2.00674058853, 0.446426962884, 4.50141159773, 
resistor:  1


70.2508214286 140.976482373, 2.00675920234, 0.446431379852, 4.50140378126, 
resistor:  1


70.3521071429 141.180008057, 2.00676303512, 0.446432283163, 4.50139856189, 
resistor:  1


70.4534642857 141.383145526, 2.00675931212, 0.446430169288, 4.50140669866, 
resistor:  1


70.5545833333 141.589749593, 2.00681150541, 0.446441208697, 4.5014079679, 
resistor:  1


70.6557380952 141.791878072, 2.00679919133, 0.446438306592, 4.50140425609, 
resistor:  1


70.75675 141.999599221, 2.00687000492, 0.446456385031, 4.50137721931, 
resistor:  1


70.8578214286 142.211795747, 2.00700209066, 0.446489437276, 4.50133879185, 
resistor:  1


70.9589404762 142.416708534, 2.00702980595, 0.446495988661, 4.5013298623, 
resistor:  1


71.0602619048 142.619492448, 2.00702176751, 0.446493812089, 4.50132902182, 
resistor:  1


71.1613809524 142.822876538, 2.00702789388, 0.446494908837, 4.50132683998, 
resistor:  1


71.2625119048 143.027332391, 2.00704870721, 0.446500408026, 4.50131311576, 
resistor:  1


71.3635357143 143.234165494, 2.00710578674, 0.446515721901, 4.50128268253, 
resistor:  1


71.4646309524 143.43541235, 2.00708253074, 0.446509306164, 4.50129007017, 
resistor:  1


71.5656904762 143.639699373, 2.00710282283, 0.446513663205, 4.50128683784, 
resistor:  1


71.6667738095 143.842499501, 2.00710164355, 0.446511612731, 4.50129955268, 
resistor:  1


71.7678333333 144.053915404, 2.00722118411, 0.44653920588, 4.50128444302, 
resistor:  1


71.8691190476 144.2631332, 2.007303486, 0.446556754612, 4.50128606432, 
resistor:  1


71.9704761905 144.466625424, 2.00730400952, 0.446554808564, 4.50130142607, 
resistor:  1


72.0716547619 144.669626686, 2.00730269291, 0.446552512765, 4.5013159603, 
resistor:  1


72.1728333333 144.873320831, 2.00731098032, 0.446553829723, 4.50131675084, 
resistor:  1


72.2739880952 145.078001374, 2.00733355385, 0.446558388056, 4.50131660946, 
resistor:  1


72.3750119048 145.282740723, 2.00736050882, 0.446563876379, 4.50131733055, 
resistor:  1


72.4760595238 145.485146001, 2.00735452447, 0.446561338915, 4.50132459529, 
resistor:  1


72.5773095238 145.68924922, 2.00736635425, 0.446563859016, 4.50132097848, 
resistor:  1


72.6783928571 145.894336433, 2.00739629342, 0.44657161507, 4.50130647732, 
resistor:  1


72.7796547619 146.102812307, 2.00746778458, 0.446589709629, 4.50128081157, 
resistor:  1


72.8810357143 146.314930391, 2.00758577258, 0.446618621962, 4.50125112157, 
resistor:  1


72.9821904762 146.518449688, 2.00759183484, 0.446620336688, 4.50124237832, 
resistor:  1


73.0833571429 146.723050302, 2.00761234895, 0.446625370901, 4.50123288311, 
resistor:  1


73.1845238095 146.927450498, 2.00763006781, 0.446630106544, 4.50122021377, 
resistor:  1


73.285797619 147.12905421, 2.00760664399, 0.446624248097, 4.50122171233, 
resistor:  1


73.3870595238 147.335244661, 2.00764611114, 0.446634104266, 4.50120595606, 
resistor:  1


73.4884166667 147.538496162, 2.00764287563, 0.446632804953, 4.5012069778, 
resistor:  1


73.5898214286 147.741911969, 2.00764058263, 0.446631545713, 4.50120931326, 
resistor:  1


73.6910238095 147.94558029, 2.00764723629, 0.446631851864, 4.5012163842, 
resistor:  1


73.7923690476 148.157041006, 2.00775558392, 0.446658357836, 4.5011902252, 
resistor:  1


73.8937261905 148.369305304, 2.00787418572, 0.446685989314, 4.50117287624, 
resistor:  1


73.9948690476 148.575808625, 2.0079204212, 0.446696637235, 4.50116504231, 
resistor:  1


74.0960238095 148.77877828, 2.0079185175, 0.446695141623, 4.50117170988, 
resistor:  1


74.1972738095 148.980030644, 2.00789089672, 0.446687667472, 4.50118243966, 
resistor:  1


74.298547619 149.183809537, 2.0078967129, 0.446688174584, 4.50118578382, 
resistor:  1


74.3998571429 149.392594542, 2.00796883595, 0.44670549526, 4.50117091137, 
resistor:  1


74.5011309524 149.596339513, 2.00797407504, 0.446705253652, 4.50118041862, 
resistor:  1


74.6022857143 149.798443786, 2.00796051156, 0.446701895528, 4.5011794083, 
resistor:  1


74.703452381 150.002642335, 2.00797469935, 0.446705138657, 4.50117396894, 
resistor:  1


74.8045833333 150.209170111, 2.00802094494, 0.44671707455, 4.50115388355, 
resistor:  1


74.9058928571 150.423348935, 2.00816442068, 0.446752201246, 4.50111801161, 
resistor:  1


75.00725 150.627020979, 2.00816615699, 0.446752639293, 4.50111275911, 
resistor:  1


75.1083690476 150.828063094, 2.00813923942, 0.446745733407, 4.50111842419, 
resistor:  1


75.2094880952 151.034236137, 2.00818061606, 0.44675658208, 4.50109652149, 
resistor:  1


75.3106309524 151.237000399, 2.00817598374, 0.446756223264, 4.50108538417, 
resistor:  1


75.4119285714 151.439337746, 2.00816158153, 0.446752570545, 4.50108513338, 
resistor:  1


75.5130952381 151.643021841, 2.00816853505, 0.446753374037, 4.50108844442, 
resistor:  1


75.614202381 151.847801898, 2.00819154494, 0.446757821565, 4.50109070648, 
resistor:  1


75.7153571429 152.050829287, 2.00819008223, 0.446756253799, 4.50109852122, 
resistor:  1


75.8165833333 152.258395109, 2.00824659216, 0.446769474261, 4.50108839493, 
resistor:  1


75.9181190476 152.478859785, 2.00846466822, 0.446823956819, 4.50102936302, 
resistor:  1


76.0193928571 152.683987708, 2.00848733422, 0.446827853699, 4.50103653305, 
resistor:  1


76.120797619 152.889684619, 2.00851395941, 0.446831777953, 4.5010519621, 
resistor:  1


76.2220714286 153.093884852, 2.00852432874, 0.446833617106, 4.5010533283, 
resistor:  1


76.3233333333 153.299529643, 2.00855391068, 0.446839743714, 4.50105261739, 
resistor:  1


76.4246904762 153.503462646, 2.00855851283, 0.446840160216, 4.50105433809, 
resistor:  1


76.5258571429 153.708170028, 2.00857822136, 0.446843652453, 4.5010590407, 
resistor:  1


76.6270238095 153.907392934, 2.00852630421, 0.446830963831, 4.50106662819, 
resistor:  1


76.7281547619 154.111845974, 2.00854362329, 0.446835451807, 4.50105629508, 
resistor:  1


76.8291785714 154.317786125, 2.00858305392, 0.446845530353, 4.50103871391, 
resistor:  1


76.93025 154.53363902, 2.00874999132, 0.446886482293, 4.50099762682, 
resistor:  1


77.0313928571 154.735310325, 2.00873052642, 0.446881888117, 4.50099589201, 
resistor:  1


77.1325 154.940020574, 2.00875144166, 0.446886926288, 4.50098809359, 
resistor:  1


77.2336547619 155.143246401, 2.00875184372, 0.446887248571, 4.50098128047, 
resistor:  1


77.33475 155.347203072, 2.00876324126, 0.44688991015, 4.50097601861, 
resistor:  1


77.435952381 155.551021249, 2.00877004112, 0.446891538245, 4.50097104907, 
resistor:  1


77.5371666667 155.752721, 2.00874919339, 0.446886361889, 4.50097284899, 
resistor:  1


77.6382857143 155.95930735, 2.00879380469, 0.446896592197, 4.50096501624, 
resistor:  1


77.7394047619 156.162842862, 2.00879905551, 0.446896987704, 4.50096890671, 
resistor:  1


77.8407380952 156.36678038, 2.00880392717, 0.446897282475, 4.50097278058, 
resistor:  1


77.9421071429 156.583119303, 2.00896697616, 0.446936458251, 4.50093976005, 
resistor:  1


78.04325 156.787569581, 2.00898309054, 0.446939673969, 4.50093976104, 
resistor:  1


78.1509166667 157.003637706, 2.00898011696, 0.446937877683, 4.5009473103, 
resistor:  1


78.2522142857 157.206128025, 2.00896715141, 0.446933829984, 4.50095477685, 
resistor:  1


78.3533214286 157.410462816, 2.00898264356, 0.446936426418, 4.50095905318, 
resistor:  1


78.4545119048 157.615824733, 2.00900905386, 0.44694232202, 4.50095503662, 
resistor:  1


78.5557380952 157.819325084, 2.00901078534, 0.446942544284, 4.50095291054, 
resistor:  1


78.6568690476 158.023162574, 2.0090192311, 0.446944916455, 4.50094386287, 
resistor:  1


78.7579047619 158.231658178, 2.00908922928, 0.446962777544, 4.50091842972, 
resistor:  1


78.8590119048 158.459937338, 2.00940810074, 0.447042777761, 4.50083377178, 
resistor:  1


78.9601071429 158.695244112, 2.00981546068, 0.447146321927, 4.50072204143, 
resistor:  1


79.061297619 158.900170269, 2.00983509068, 0.447150112865, 4.50072482464, 
resistor:  1


79.1624404762 159.102917762, 2.00982835806, 0.447147738538, 4.50072937098, 
resistor:  1


79.2634642857 159.306257571, 2.00983213397, 0.447148429949, 4.50072646284, 
resistor:  1


79.3647380952 159.509852892, 2.00983278873, 0.447148221238, 4.50072584279, 
resistor:  1


79.4660357143 159.71579607, 2.00986238504, 0.447155631855, 4.50071395812, 
resistor:  1


79.5671547619 159.918257078, 2.00985265286, 0.447153262834, 4.50071166892, 
resistor:  1


79.668297619 160.12221027, 2.00986107467, 0.447154045168, 4.5007184929, 
resistor:  1


79.7693571429 160.3261226, 2.00987106255, 0.447156208759, 4.50071514872, 
resistor:  1


79.8703809524 160.527855184, 2.00985463284, 0.447150736953, 4.50072956232, 
resistor:  1


79.9714761905 160.743586023, 2.0100114901, 0.447188856615, 4.50069325974, 
resistor:  1


80.072702381 160.949609013, 2.01004342587, 0.447195463788, 4.5006942576, 
resistor:  1


80.1738452381 161.151483375, 2.0100256249, 0.447190483924, 4.50070007411, 
resistor:  1


80.2750119048 161.355569367, 2.01003482327, 0.447191861211, 4.50070260027, 
resistor:  1


80.3761547619 161.559840907, 2.01004690241, 0.447193989142, 4.50070380115, 
resistor:  1


80.4773809524 161.765016755, 2.01006810659, 0.447198439534, 4.50070283832, 
resistor:  1


80.5786666667 161.968024992, 2.01006087209, 0.447196459537, 4.50070240523, 
resistor:  1


80.6798452381 162.170672143, 2.01005184956, 0.447193870822, 4.50070419679, 
resistor:  1


80.7811190476 162.374267584, 2.01005221886, 0.44719455265, 4.500694511, 
resistor:  1


80.8824642857 162.577619091, 2.01004779623, 0.447193513604, 4.50069101774, 
resistor:  1


80.9838333333 162.791749973, 2.01017589897, 0.447225422875, 4.50065358489, 
resistor:  1


81.0849880952 162.993916958, 2.01016144649, 0.447221382833, 4.50065768529, 
resistor:  1


81.1861428571 163.195820346, 2.0101437832, 0.447217416782, 4.50065332576, 
resistor:  1


81.2873333333 163.400320062, 2.01015722083, 0.447220766248, 4.50064626662, 
resistor:  1


81.3884880952 163.605620255, 2.01018134239, 0.447226908782, 4.50063762327, 
resistor:  1


81.4896785714 163.807764459, 2.01016579438, 0.447222870797, 4.50064059572, 
resistor:  1


81.5907261905 164.010525465, 2.0101613642, 0.447221294861, 4.50064176827, 
resistor:  1


81.6918571429 164.214046443, 2.01016419734, 0.447220490857, 4.50065061807, 
resistor:  1


81.7930238095 164.416661381, 2.01015506853, 0.447217065875, 4.50066059584, 
resistor:  1


81.8940833333 164.619135709, 2.01014687519, 0.447213448227, 4.50067430375, 
resistor:  1


81.9951547619 164.832226547, 2.01026788749, 0.447242864446, 4.50064659212, 
resistor:  1


82.0962142857 165.040595058, 2.01033137148, 0.447257285404, 4.50064034717, 
resistor:  1


82.1972738095 165.241568678, 2.01030473421, 0.447250002395, 4.50064934628, 
resistor:  1


82.2985595238 165.443279444, 2.01028159425, 0.447243477683, 4.50065895369, 
resistor:  1


82.3999047619 165.647097677, 2.01028263511, 0.447242755216, 4.50066466981, 
resistor:  1


82.5012619048 165.850258067, 2.01027540959, 0.447240189374, 4.50067064636, 
resistor:  1


82.6024285714 166.052894737, 2.01026649711, 0.447238396352, 4.5006645714, 
resistor:  1


82.7037380952 166.25507883, 2.01024866178, 0.447234358621, 4.50066120944, 
resistor:  1


82.8053214286 166.460493595, 2.0102632382, 0.447238101346, 4.50065198753, 
resistor:  1


82.9065357143 166.660593413, 2.01022261969, 0.44722775901, 4.50066114026, 
resistor:  1


83.0076547619 166.873812198, 2.01034245187, 0.447257854873, 4.50062354824, 
resistor:  1


83.1089642857 167.081031965, 2.01038520213, 0.447268092078, 4.50061249249, 
resistor:  1


83.2101309524 167.284366023, 2.01038460232, 0.447268004355, 4.50060781351, 
resistor:  1


83.3111666667 167.486661021, 2.01037469191, 0.447265559427, 4.50060660583, 
resistor:  1


83.4123333333 167.68958404, 2.0103691785, 0.447263516842, 4.50061121256, 
resistor:  1


83.5135595238 167.88878777, 2.0103177104, 0.447249681705, 4.50063135979, 
resistor:  1


83.6146904762 168.092440628, 2.01032186654, 0.447249153631, 4.50064184877, 
resistor:  1


83.7159285714 168.294230449, 2.01030118546, 0.447243295445, 4.50065099403, 
resistor:  1


83.817202381 168.515146276, 2.01050788488, 0.447294408817, 4.50060006903, 
resistor:  1


83.9185714286 168.745274449, 2.01082158068, 0.447373282483, 4.50051689129, 
resistor:  1


84.01975 168.96915778, 2.01106475299, 0.44743378681, 4.50045404048, 
resistor:  1


84.1209166667 169.174162138, 2.01108319835, 0.44743698613, 4.50045911176, 
resistor:  1


84.2220714286 169.375966826, 2.01106389279, 0.447430836108, 4.50047520406, 
resistor:  1


84.3231190476 169.577586547, 2.01104499527, 0.447424722138, 4.50048913385, 
resistor:  1


84.4243809524 169.784072678, 2.01107868086, 0.447432224284, 4.50048519429, 
resistor:  1


84.5256190476 169.98495499, 2.01104655494, 0.447422919127, 4.50050295365, 
resistor:  1


84.6267619048 170.187374918, 2.01103493844, 0.447419549861, 4.50050689194, 
resistor:  1


84.7279761905 170.390914662, 2.01103487092, 0.447420029916, 4.50049799645, 
resistor:  1


84.8291071429 170.594039304, 2.01103188576, 0.447418714225, 4.50050066644, 
resistor:  1


84.9301309524 170.793602902, 2.01098951558, 0.447407451084, 4.5005152057, 
resistor:  1


85.0311785714 171.008268162, 2.01112428447, 0.447441392165, 4.50047528132, 
resistor:  1


85.132297619 171.212293738, 2.01113206769, 0.447442862694, 4.50047400947, 
resistor:  1


85.2334047619 171.416784462, 2.01114557069, 0.447446269624, 4.50046626947, 
resistor:  1


85.3346071429 171.61770013, 2.01111490257, 0.447439745933, 4.50045936532, 
resistor:  1


85.4358690476 171.82120488, 2.01111321036, 0.447440336921, 4.50044641852, 
resistor:  1


85.5369880952 172.023794778, 2.01110418556, 0.447438694075, 4.50043875403, 
resistor:  1


85.638 172.226373205, 2.01109756422, 0.447436878205, 4.50043834158, 
resistor:  1


85.7390595238 172.430352582, 2.01110618124, 0.447439816787, 4.50042447733, 
resistor:  1


85.8401071429 172.631452649, 2.01108151417, 0.447432296356, 4.50044088013, 
resistor:  1


85.9412261905 172.830687915, 2.01103353508, 0.447418688344, 4.5004669763, 
resistor:  1


86.0423690476 173.04347805, 2.01114264944, 0.447444751029, 4.50044543452, 
resistor:  1


86.1435595238 173.24662542, 2.01113845745, 0.447442333461, 4.50045679796, 
resistor:  1


86.24475 173.447030848, 2.01110248274, 0.447431572884, 4.50048086782, 
resistor:  1


86.3459047619 173.646663911, 2.01105847915, 0.447419901093, 4.50049742119, 
resistor:  1


86.4469404762 173.846165071, 2.01101582211, 0.447407634838, 4.50052066228, 
resistor:  1


86.5479880952 174.049281167, 2.01101475606, 0.447406758911, 4.50052382844, 
resistor:  1


86.6490595238 174.25227592, 2.01101173951, 0.447405454379, 4.50052658309, 
resistor:  1


86.7502738095 174.454885391, 2.01100097705, 0.447403329996, 4.50052006634, 
resistor:  1


86.8515595238 174.657973204, 2.01099409339, 0.447401095683, 4.50052346432, 
resistor:  1


86.9529047619 174.85979491, 2.01097128829, 0.447394919198, 4.50053078326, 
resistor:  1


87.0540714286 175.071039543, 2.01106090353, 0.447417115476, 4.50050576532, 
resistor:  1


87.155297619 175.280612753, 2.01112975965, 0.447434367893, 4.50048376363, 
resistor:  1


87.256452381 175.48125205, 2.01109771555, 0.44742544439, 4.50049826606, 
resistor:  1


87.3578571429 175.685499918, 2.01110129831, 0.447426803806, 4.50048891745, 
resistor:  1


87.459 175.883972575, 2.01104486188, 0.447411898977, 4.50050883716, 
resistor:  1


87.5600595238 176.086275109, 2.01103420974, 0.447408324033, 4.50051747385, 
resistor:  1


87.6611428571 176.290742093, 2.01104772705, 0.447410074498, 4.50052735311, 
resistor:  1


87.7622261905 176.493015674, 2.01103622065, 0.447406671504, 4.50053118434, 
resistor:  1


87.863297619 176.696248348, 2.01103592895, 0.447405045426, 4.50054308414, 
resistor:  1


87.9644047619 176.898191594, 2.0110201629, 0.447399813321, 4.50055705103, 
resistor:  1


88.0654761905 177.11063985, 2.01112453496, 0.447424673599, 4.50053908032, 
resistor:  1


88.166547619 177.320972216, 2.01120466894, 0.447443635614, 4.50052384375, 
resistor:  1


88.2675952381 177.524035294, 2.01120280682, 0.447441655967, 4.50053758631, 
resistor:  1


88.3688452381 177.724689313, 2.01116908152, 0.447432395945, 4.50055083323, 
resistor:  1


88.4702142857 177.928293242, 2.01116607073, 0.447429838375, 4.50056666475, 
resistor:  1


88.5714285714 178.126181908, 2.01110205381, 0.447413286212, 4.50058651438, 
resistor:  1


88.672547619 178.32764202, 2.01108061974, 0.44740728626, 4.5005955555, 
resistor:  1


88.7736785714 178.526070862, 2.01102481879, 0.447393845314, 4.50060311629, 
resistor:  1


88.8747738095 178.725661206, 2.01098302189, 0.447382231752, 4.50062301, 
resistor:  1


88.9758928571 178.926019199, 2.01094940948, 0.44737345699, 4.50063244243, 
resistor:  1


89.077047619 179.131014961, 2.01096713181, 0.447377141533, 4.50063150047, 
resistor:  1


89.1780833333 179.338640498, 2.01101698752, 0.447388967135, 4.50062160851, 
resistor:  1


89.2791071429 179.537258468, 2.01096610633, 0.447376112746, 4.50063358028, 
resistor:  1


89.3801904762 179.73790562, 2.01093670379, 0.447368684088, 4.50063929463, 
resistor:  1


89.481297619 179.93056853, 2.01081760455, 0.447338760861, 4.50067397188, 
resistor:  1


89.5823928571 180.110734681, 2.01055954118, 0.447275154897, 4.50074184632, 
resistor:  1


89.6834166667 180.290937055, 2.01030406463, 0.447211845201, 4.50081260097, 
resistor:  1


89.7844761905 180.470436405, 2.01004053331, 0.447148287857, 4.50087345475, 
resistor:  1


89.8857857143 180.628616207, 2.0095348199, 0.447025162972, 4.5010096303, 
resistor:  1


89.9871190476 180.790047099, 2.00906584201, 0.446911625065, 4.50112530119, 
resistor:  1


90.0883095238 180.956396387, 2.00865569954, 0.446812471268, 4.50122272486, 
resistor:  1


90.1895 181.126185532, 2.00828461774, 0.446721799777, 4.50132312187, 
resistor:  1


90.2907261905 181.284048973, 2.00778149231, 0.446600202828, 4.50144711518, 
resistor:  1


90.3919404762 181.441888535, 2.00727949394, 0.44647907585, 4.50156855431, 
resistor:  1


90.493202381 181.598856101, 2.00676792646, 0.446355377531, 4.50169591002, 
resistor:  1


90.5943809524 181.756570802, 2.00626759509, 0.446235235367, 4.50180911936, 
resistor:  1


90.6955714286 181.912391423, 2.00574723283, 0.446110114604, 4.5019314618, 
resistor:  1


90.7967619048 182.070001912, 2.00524774334, 0.445990245101, 4.50204193157, 
resistor:  1


90.8979047619 182.226797472, 2.00474145086, 0.445868608299, 4.50215859187, 
resistor:  1


90.999 182.38220721, 2.00422210365, 0.445743705279, 4.50227994885, 
resistor:  1


91.1000714286 182.548388906, 2.00382267592, 0.445646412291, 4.50238413336, 
resistor:  1


91.2011428571 182.704348115, 2.00331204622, 0.445522899085, 4.50251267882, 
resistor:  1


91.3023333333 182.860418062, 2.00280114852, 0.445399336359, 4.50264183564, 
resistor:  1


91.4039761905 183.015532781, 2.00227102155, 0.445271577126, 4.50276986648, 
resistor:  1


91.5052619048 183.168701033, 2.00172861342, 0.445140436762, 4.50290805133, 
resistor:  1


91.606452381 183.32264267, 2.00119792771, 0.445011517933, 4.50305097139, 
resistor:  1


91.7076071429 183.476703533, 2.00067049233, 0.444883426098, 4.50319217433, 
resistor:  1


91.8086071429 183.630422274, 2.00014386438, 0.44475603096, 4.50332621471, 
resistor:  1


91.9097619048 183.783945033, 1.99961289447, 0.444627064075, 4.50346926332, 
resistor:  1


92.0111071429 183.937727609, 1.99908177742, 0.444498085908, 4.50361202878, 
resistor:  1


92.112297619 184.115533459, 1.99881599111, 0.444433171266, 4.50368135887, 
resistor:  1


92.2135 184.288309509, 1.99849598496, 0.444355099015, 4.50376673578, 
resistor:  1


92.3146904762 184.44149852, 1.99796476128, 0.444226305818, 4.50390704478, 
resistor:  1


92.4158809524 184.595857986, 1.99744736601, 0.444100898507, 4.50404193925, 
resistor:  1


92.5170119048 184.749636105, 1.99692610366, 0.443974512406, 4.50417888596, 
resistor:  1


92.6182738095 184.90273108, 1.99639578104, 0.443846913203, 4.50430547478, 
resistor:  1


92.7194642857 185.0562955, 1.9958732174, 0.443720727535, 4.50443562639, 
resistor:  1


92.8208214286 185.209993218, 1.99534964642, 0.443594652238, 4.5045615653, 
resistor:  1


92.9221428571 185.363819048, 1.99482936304, 0.443468931011, 4.50469249763, 
resistor:  1


93.0233690476 185.516637792, 1.99430142867, 0.443341315472, 4.50482678587, 
resistor:  1


93.1245357143 185.684224021, 1.99393449425, 0.4432524052, 4.50491620661, 
resistor:  1


93.2256428571 185.837673577, 1.99341798974, 0.44312746057, 4.50504779685, 
resistor:  1


93.326797619 185.99074545, 1.99289754063, 0.443001986157, 4.50517531457, 
resistor:  1


93.4279047619 186.144782713, 1.99238956699, 0.442879248017, 4.50530250052, 
resistor:  1


93.528952381 186.297737679, 1.9918723875, 0.442754097194, 4.50543600604, 
resistor:  1


93.6300714286 186.451410365, 1.99136247062, 0.442630178643, 4.50557405018, 
resistor:  1


93.7310833333 186.604755821, 1.99085243854, 0.442506694007, 4.50570600644, 
resistor:  1


93.8321428571 186.758547707, 1.99034725223, 0.442384155148, 4.5058393282, 
resistor:  1


93.933297619 186.91122752, 1.98982929651, 0.442258460206, 4.50597826699, 
resistor:  1


94.0344404762 187.066783331, 1.9893432915, 0.442140308162, 4.50610921241, 
resistor:  1


94.1355952381 187.235152286, 1.98899419303, 0.442055009049, 4.50620151039, 
resistor:  1


94.2367619048 187.389604449, 1.98849791378, 0.441934382899, 4.5063354211, 
resistor:  1


94.3381071429 187.543157838, 1.98798940871, 0.441811400694, 4.5064652883, 
resistor:  1


94.4394880952 187.700605901, 1.9875224833, 0.441697788446, 4.50659235388, 
resistor:  1


94.5406547619 187.85436498, 1.98702204309, 0.441576687048, 4.50672093738, 
resistor:  1


94.6418095238 188.007715349, 1.98651860415, 0.441454899664, 4.50684931041, 
resistor:  1


94.7429642857 188.161055064, 1.98601612777, 0.441334054032, 4.5069680065, 
resistor:  1


94.8440714286 188.314458443, 1.98551639135, 0.441213219978, 4.50709498765, 
resistor:  1


94.9452142857 188.468048322, 1.98501893687, 0.441093105618, 4.50721925503, 
resistor:  1


95.0463214286 188.625353963, 1.98456238104, 0.440982572874, 4.50733553548, 
resistor:  1


95.147547619 188.788992701, 1.98417087382, 0.440887822865, 4.50743116907, 
resistor:  1


95.2487380952 188.942794208, 1.98367766321, 0.440768737624, 4.50755387711, 
resistor:  1


95.3498690476 189.095177829, 1.98317186712, 0.440647007655, 4.50767559646, 
resistor:  1


95.4509404762 189.249216342, 1.98268571685, 0.440529381359, 4.50779969116, 
resistor:  1


95.5519880952 189.402092706, 1.98218892648, 0.440409114206, 4.50792924237, 
resistor:  1


95.653202381 189.555732217, 1.98169771109, 0.440289676868, 4.50806289325, 
resistor:  1


95.7543095238 189.709466319, 1.98121073884, 0.440172106177, 4.50818386704, 
resistor:  1


95.8556785714 189.863504707, 1.98072255642, 0.440054065262, 4.50830765149, 
resistor:  1


95.9570238095 190.016694536, 1.98022705366, 0.439934439953, 4.50843159395, 
resistor:  1


96.058202381 190.180224517, 1.97984367605, 0.439840804926, 4.50853617605, 
resistor:  1


96.1593452381 190.338352954, 1.97940566757, 0.439734403198, 4.5086518393, 
resistor:  1


96.2605357143 190.492788218, 1.97892923413, 0.439618528683, 4.50878162223, 
resistor:  1


96.3617619048 190.646754734, 1.97844820358, 0.439502181485, 4.50890397664, 
resistor:  1


96.4628809524 190.800344629, 1.97796647524, 0.439385220377, 4.50903316673, 
resistor:  1


96.5641904762 190.954077362, 1.97748333435, 0.439268430981, 4.5091555725, 
resistor:  1


96.6653214286 191.10734569, 1.97700005406, 0.439151493347, 4.50927985134, 
resistor:  1


96.766452381 191.259890743, 1.97651030949, 0.439033871367, 4.50939380938, 
resistor:  1


96.8675714286 191.413300997, 1.97603076215, 0.438917810369, 4.50951740266, 
resistor:  1


96.9687380952 191.565849188, 1.97554235469, 0.438799884896, 4.50964022371, 
resistor:  1


97.0698690476 191.735300815, 1.97522982875, 0.438723982297, 4.5097162051, 
resistor:  1


97.1710357143 191.888406255, 1.97474900669, 0.438607857961, 4.50983766526, 
resistor:  1


97.2722261905 192.042422845, 1.97427806853, 0.43849401837, 4.50995593128, 
resistor:  1


97.3735833333 192.195617821, 1.97379629302, 0.438377848999, 4.51007446829, 
resistor:  1


97.475 192.349551822, 1.9733218961, 0.438263046643, 4.51019646929, 
resistor:  1


97.5762261905 192.503734542, 1.97285488544, 0.438149614168, 4.5103217892, 
resistor:  1


97.6773452381 192.656878428, 1.97238037089, 0.438034294168, 4.51045098671, 
resistor:  1


97.7785 192.810692295, 1.97191296957, 0.437921196372, 4.51057064403, 
resistor:  1


97.8796190476 192.964642658, 1.9714486482, 0.437808283993, 4.51069713798, 
resistor:  1


97.9806309524 193.118187138, 1.97098329803, 0.437695230166, 4.51082318672, 
resistor:  1


98.08175 193.285578428, 1.97065793002, 0.437615462914, 4.51091208403, 
resistor:  1


98.1828690476 193.439957888, 1.97020070572, 0.437504349568, 4.51103531672, 
resistor:  1


98.2840714286 193.59380315, 1.9697373169, 0.437392086762, 4.51115615312, 
