time, energy_1, power_1, avg_current_1, avg_voltage_1, 
resistor:  1


0.000904761904762 0.00138934631518, 1.53559329572, 0.327238384046, 4.81704230058, 
resistor:  1


0.102369047619 0.157588278876, 1.53941335337, 0.319927803197, 4.81301525341, 
resistor:  1


0.203607142857 0.312512610151, 1.53488038664, 0.318966930144, 4.81273844501, 
resistor:  1


0.305023809524 0.468861129805, 1.53712961141, 0.319440904057, 4.81245702622, 
resistor:  1


0.406369047619 0.623792999406, 1.53504063132, 0.319009771061, 4.81231387094, 
resistor:  1


0.507595238095 0.779541821255, 1.53575479585, 0.319151827137, 4.81246129296, 
resistor:  1


0.609023809524 0.941442955475, 1.54582290668, 0.321458062522, 4.80982046621, 
resistor:  1


0.710452380952 1.09724173415, 1.54442685191, 0.321133106722, 4.8102144268, 
resistor:  1


0.811726190476 1.25198749415, 1.54237661522, 0.320683125412, 4.81047890161, 
resistor:  1


0.912833333333 1.43263290355, 1.56943535171, 0.32684992227, 4.804706451, 
resistor:  1


1.01403571429 1.59102093241, 1.56899891197, 0.326734330517, 4.80487008096, 
resistor:  1


1.11527380952 1.74648749534, 1.56597194377, 0.326090461608, 4.80483161862, 
resistor:  1


1.21642857143 1.90090746775, 1.56269551078, 0.325394765212, 4.80483427109, 
resistor:  1


1.31788095238 2.06227281237, 1.56483998698, 0.325911148991, 4.80379269115, 
resistor:  1


1.41930952381 2.21737216083, 1.56228935523, 0.325364498802, 4.80387097029, 
resistor:  1


1.52057142857 2.37290428741, 1.56053457459, 0.324989852705, 4.80387222995, 
resistor:  1


1.62186904762 2.53033594973, 1.56013579114, 0.324938393635, 4.80334530628, 
resistor:  1


1.72323809524 2.686108376, 1.55875638046, 0.324656467937, 4.80315750576, 
resistor:  1


1.8245952381 2.84120038241, 1.55716748739, 0.324327905865, 4.80302726219, 
resistor:  1


1.926 3.01162319567, 1.56366728747, 0.325803833279, 4.80143909146, 
resistor:  1


2.0271547619 3.16719724417, 1.5623855187, 0.325498120741, 4.80192954337, 
resistor:  1


2.12829761905 3.32366418434, 1.56165385639, 0.325328759891, 4.80211577034, 
resistor:  1


2.22945238095 3.47836424505, 1.56018772806, 0.324997425543, 4.80242783886, 
resistor:  1


2.33077380952 3.63751597929, 1.56064735429, 0.32509301847, 4.80240347052, 
resistor:  1


2.43213095238 3.7933981808, 1.5597014532, 0.32487704908, 4.80263231344, 
resistor:  1


2.53342857143 3.9493719593, 1.5589040101, 0.324685005729, 4.80295689485, 
resistor:  1


2.63444047619 4.10480639576, 1.55813214717, 0.324501895889, 4.80323250603, 
resistor:  1


2.73536904762 4.25939337039, 1.55715491995, 0.324273214044, 4.80356014198, 
resistor:  1


2.83632142857 4.41440368517, 1.55638343409, 0.324088250374, 4.80387333653, 
resistor:  1


2.93725 4.58410560146, 1.56067941151, 0.325048941523, 4.80301454465, 
resistor:  1


3.03828571429 4.73952199543, 1.55993294941, 0.324888696073, 4.80303773706, 
resistor:  1


3.13939285714 4.89362684444, 1.55878128897, 0.324641060539, 4.80310750024, 
resistor:  1


3.24058333333 5.04894176946, 1.55803485055, 0.324482007764, 4.80311742454, 
resistor:  1


3.34194047619 5.20362740213, 1.55706764953, 0.324273537382, 4.80318181931, 
resistor:  1


3.4434047619 5.35963964727, 1.55649423111, 0.324150149629, 4.80320319901, 
resistor:  1


3.54461904762 5.51399708767, 1.55559652916, 0.323955680826, 4.80327823951, 
resistor:  1


3.64576190476 5.66938889456, 1.55506284905, 0.323841450835, 4.80328971751, 
resistor:  1


3.74716666667 5.84295856614, 1.5593004224, 0.324824519883, 4.80221849353, 
resistor:  1


3.84860714286 6.04543443835, 1.57081100096, 0.327414506625, 4.80012293282, 
resistor:  1


3.94989285714 6.24648424564, 1.58143131259, 0.329760231156, 4.79862679844, 
resistor:  1


4.05107142857 6.42652479219, 1.58637656864, 0.330836460262, 4.79800197706, 
resistor:  1


4.1523452381 6.6054004573, 1.59076379216, 0.331787444931, 4.7974840941, 
resistor:  1


4.25370238095 6.79038106788, 1.59634606744, 0.333003378064, 4.79681325407, 
resistor:  1


4.35508333333 6.97703762153, 1.60204457355, 0.334257579829, 4.79604054649, 
resistor:  1


4.4563452381 7.17449770992, 1.6099510533, 0.336014018653, 4.79488645392, 
resistor:  1


4.55773809524 7.40592210906, 1.62491173347, 0.339365553987, 4.79258728609, 
resistor:  1


4.65897619048 7.63798975494, 1.63941377734, 0.342604531719, 4.79044932311, 
resistor:  1


4.76013095238 7.87031796603, 1.65338265791, 0.345710832217, 4.78854439807, 
resistor:  1


4.86155952381 8.11359711812, 1.66892888555, 0.349161138525, 4.78656999156, 
resistor:  1


4.96295238095 8.36444234273, 1.6853763044, 0.352842916405, 4.7842745906, 
resistor:  1


5.06413095238 8.60920740833, 1.70003648983, 0.356112181332, 4.78229676167, 
resistor:  1


5.16530952381 8.84622030702, 1.71262153144, 0.358910727568, 4.78061118058, 
resistor:  1


5.26646428571 9.08806169144, 1.72564764487, 0.361812695656, 4.77884828247, 
resistor:  1


5.3676547619 9.32742463433, 1.73770949289, 0.364493751662, 4.77725429879, 
resistor:  1


5.46880952381 9.56387798216, 1.74880436785, 0.366958292248, 4.77578532096, 
resistor:  1


5.57005952381 9.80574880966, 1.76043878306, 0.36955719496, 4.77415781568, 
resistor:  1


5.67125 10.0424284, 1.77076101388, 0.371850225404, 4.77280546336, 
resistor:  1


5.77242857143 10.2908427139, 1.78275791316, 0.374540350759, 4.77110156658, 
resistor:  1


5.87358333333 10.5355452773, 1.79371682998, 0.376988248361, 4.76960673363, 
resistor:  1


5.97473809524 10.7810653052, 1.80444148904, 0.37938128024, 4.76815802794, 
resistor:  1


6.07610714286 11.0215529778, 1.81391682514, 0.381482016681, 4.76700541813, 
resistor:  1


6.17735714286 11.2463034742, 1.82056876657, 0.382944279421, 4.76621433582, 
resistor:  1


6.27866666667 11.4899155565, 1.8299929215, 0.38503657384, 4.76500686513, 
resistor:  1


6.38 11.741711859, 1.84039370831, 0.387361675148, 4.76360148914, 
resistor:  1


6.48136904762 11.9858340002, 1.8492750393, 0.389332085535, 4.76248905153, 
resistor:  1


6.58254761905 12.2347098912, 1.85865877457, 0.391425793295, 4.76124130583, 
resistor:  1


6.68371428571 12.4834111959, 1.8677356126, 0.393443402248, 4.76010323476, 
resistor:  1


6.7849047619 12.732560056, 1.87660114663, 0.395422665623, 4.75891806209, 
resistor:  1


6.88607142857 12.9740344542, 1.88409815216, 0.397083045456, 4.75798685113, 
resistor:  1


6.98754761905 13.2230379915, 1.89237178942, 0.398943334465, 4.75675772984, 
resistor:  1


7.08892857143 13.4718425659, 1.90040602471, 0.40074598128, 4.75559712647, 
resistor:  1


7.19005952381 13.7143704025, 1.90740707459, 0.402313329124, 4.75459788873, 
resistor:  1


7.29122619048 13.9617506858, 1.91487005355, 0.403986780534, 4.75351031808, 
resistor:  1


7.39244047619 14.2098945055, 1.92221967174, 0.405637200013, 4.75244214854, 
resistor:  1


7.49360714286 14.456608261, 1.9291921748, 0.40719701355, 4.75146148182, 
resistor:  1


7.59480952381 14.7041270082, 1.936075811, 0.408744527972, 4.75043497216, 
resistor:  1


7.69613095238 14.9467585918, 1.94211334036, 0.41009119528, 4.74959494579, 
resistor:  1


7.79753571429 15.1983441473, 1.94912145378, 0.411671061334, 4.74854494733, 
resistor:  1


7.89889285714 15.444947218, 1.95533063903, 0.413059010269, 4.7476868871, 
resistor:  1


8.0003452381 15.6819518355, 1.96015938923, 0.414127386436, 4.74707739591, 
resistor:  1


8.10175 15.9221245028, 1.96526978774, 0.415259814632, 4.74643128388, 
resistor:  1


8.2030952381 16.171196212, 1.97135297624, 0.416620951176, 4.74559258109, 
resistor:  1


8.30472619048 16.416298894, 1.97674173927, 0.417817845807, 4.74490901892, 
resistor:  1


8.4061547619 16.6595879132, 1.98183216763, 0.418953970242, 4.74420556187, 
resistor:  1


8.50752380952 16.9001324013, 1.98649251882, 0.419982737018, 4.74364504514, 
resistor:  1


8.60870238095 17.1513325422, 1.99232495018, 0.421289754883, 4.74284136909, 
resistor:  1


8.71003571429 17.3980583681, 1.9974726785, 0.422432544506, 4.74219900824, 
resistor:  1


8.81138095238 17.64376041, 2.00238311172, 0.423526564191, 4.74155803974, 
resistor:  1


8.91271428571 17.8833834948, 2.00650249986, 0.424439420426, 4.74103658488, 
resistor:  1


9.01396428571 18.1275708527, 2.011054213, 0.425463947184, 4.74033747876, 
resistor:  1


9.11519047619 18.3714057357, 2.01547140279, 0.426452473145, 4.73971315972, 
resistor:  1


9.21655952381 18.6170288568, 2.01995427998, 0.427463977442, 4.73899073431, 
resistor:  1


9.31795238095 18.8616991724, 2.02423219193, 0.428426271256, 4.73834842152, 
resistor:  1


9.41927380952 19.1029627072, 2.02807170632, 0.429286137143, 4.73777604594, 
resistor:  1


9.52045238095 19.3476491675, 2.03221951997, 0.430221985281, 4.73711501493, 
resistor:  1


9.62170238095 19.5921298838, 2.03624359891, 0.431124941935, 4.7365244765, 
resistor:  1


9.7229047619 19.8263390263, 2.03913742979, 0.431766457126, 4.73613033595, 
resistor:  1


9.82410714286 20.0664487229, 2.04257225936, 0.432537440783, 4.7356012263, 
resistor:  1


9.92548809524 20.3107057382, 2.0463180796, 0.433374497727, 4.73506968692, 
resistor:  1


10.0268571429 20.5530807874, 2.04980289383, 0.434145596581, 4.73465394705, 
resistor:  1


10.1281666667 20.7956503592, 2.05324922502, 0.434907240142, 4.73423850651, 
resistor:  1


10.2293928571 21.042579089, 2.05707018812, 0.435756060461, 4.73376464119, 
resistor:  1


10.3305595238 21.2870043195, 2.06058580568, 0.43653814794, 4.73330374121, 
resistor:  1


10.43175 21.5345543686, 2.06432807233, 0.437370567329, 4.73283058731, 
resistor:  1


10.532952381 21.779814259, 2.06777866939, 0.438137895087, 4.73239114771, 
resistor:  1


10.6341904762 22.0251766143, 2.07116626918, 0.438890972402, 4.73195174977, 
resistor:  1


10.7353333333 22.2703079932, 2.07448686516, 0.439631715702, 4.73150893094, 
resistor:  1


10.8366904762 22.5122720276, 2.07741211, 0.440279287464, 4.7311529044, 
resistor:  1


10.9380595238 22.7644677904, 2.08121630175, 0.441135473248, 4.73060370217, 
resistor:  1


11.0393452381 23.0048298205, 2.08389440899, 0.441735704794, 4.73020397746, 
resistor:  1


11.1405119048 23.2453066897, 2.08655642474, 0.442332610064, 4.72979922348, 
resistor:  1


11.2416785714 23.49031059, 2.08957322883, 0.443013576374, 4.72932574494, 
resistor:  1


11.3428214286 23.7356959068, 2.09257423792, 0.443693231899, 4.72883286891, 
resistor:  1


11.4438452381 23.9659186806, 2.09421904805, 0.444056212362, 4.72861739634, 
resistor:  1


11.5449285714 24.2075054599, 2.09680859524, 0.444641761814, 4.72818922556, 
resistor:  1


11.6460833333 24.449198787, 2.09934946258, 0.445210737538, 4.72781378559, 
resistor:  1


11.7472619048 24.6959407564, 2.1022720832, 0.445870592747, 4.72735542843, 
resistor:  1


11.8483690476 24.9371091039, 2.10468706737, 0.446409724211, 4.72701308363, 
resistor:  1


11.9496666667 25.1748054523, 2.10673704586, 0.446868724647, 4.72669152114, 
resistor:  1


12.051 25.4207620052, 2.10943174884, 0.447466153312, 4.72637032503, 
resistor:  1


12.1522380952 25.6596848582, 2.1115192656, 0.447924949815, 4.72613073146, 
resistor:  1


12.2533928571 25.9025217606, 2.1139060881, 0.448453287469, 4.72584266817, 
resistor:  1


12.3547619048 26.1470577478, 2.11635464522, 0.448998260975, 4.72552342128, 
resistor:  1


12.4562738095 26.3933493502, 2.11887999202, 0.449558788352, 4.72521605125, 
resistor:  1


12.557547619 26.6328461748, 2.12086364175, 0.449993903625, 4.72499852187, 
resistor:  1


12.6587261905 26.8803049723, 2.1234604942, 0.45057375018, 4.72465470022, 
resistor:  1


12.7599166667 27.1198356743, 2.12539285191, 0.451002726426, 4.72439579475, 
resistor:  1


12.8612619048 27.3684137033, 2.12797265976, 0.451580883777, 4.72404367037, 
resistor:  1


12.962797619 27.6121388333, 2.13010645115, 0.452057045958, 4.72374646101, 
resistor:  1


13.0641785714 27.8583220358, 2.13242048733, 0.452578334624, 4.72339272913, 
resistor:  1


13.1656547619 28.0996168878, 2.13431214748, 0.453003834159, 4.72309068638, 
resistor:  1


13.2670119048 28.3393960187, 2.13607979115, 0.453400222237, 4.72282673987, 
resistor:  1


13.3683928571 28.5745380933, 2.13746995608, 0.453711427718, 4.72260162026, 
resistor:  1


13.4696428571 28.8151871102, 2.1392688296, 0.454113916152, 4.7223317472, 
resistor:  1


13.5707857143 29.0622635158, 2.14153138423, 0.454626522605, 4.72196501146, 
resistor:  1


13.6719761905 29.2985530002, 2.14296401574, 0.454945659569, 4.72175291102, 
resistor:  1


13.7733690476 29.5369372225, 2.14449617377, 0.455291082785, 4.72149351556, 
resistor:  1


13.8747380952 29.7817052926, 2.14646972708, 0.455735153151, 4.72119338958, 
resistor:  1


13.9763095238 30.0268064409, 2.1484073739, 0.456170002328, 4.72091220991, 
resistor:  1


14.077797619 30.2669294287, 2.14997617154, 0.456515666275, 4.72072433746, 
resistor:  1


14.1789761905 30.5124041207, 2.15194691851, 0.456954594492, 4.72046702049, 
resistor:  1


14.2803571429 30.7598957815, 2.15400045487, 0.457411928082, 4.72020882302, 
resistor:  1


14.3816428571 31.0014960132, 2.15562966771, 0.457772347747, 4.72000885271, 
resistor:  1


14.4829642857 31.2490733875, 2.15764347485, 0.458221400012, 4.71974751707, 
resistor:  1


14.5841071429 31.4859134703, 2.15891951162, 0.458503012946, 4.71957923574, 
resistor:  1


14.6854285714 31.7292333194, 2.16059294185, 0.45887337459, 4.71937517128, 
resistor:  1


14.786702381 31.972198503, 2.16222641664, 0.459237975973, 4.71915095629, 
resistor:  1


14.8878214286 32.2141095937, 2.16378935953, 0.459585750686, 4.71894611533, 
resistor:  1


14.9890357143 32.4563139094, 2.16533701888, 0.459935300038, 4.71869346104, 
resistor:  1


15.0903571429 32.682646537, 2.16579675534, 0.460037881463, 4.71861400744, 
resistor:  1


15.1917380952 32.9242895552, 2.16724968195, 0.46036653121, 4.71836527781, 
resistor:  1


15.2930119048 33.1669380759, 2.16876428806, 0.460708735289, 4.71811771715, 
resistor:  1


15.3943571429 33.4069193293, 2.17007563351, 0.46100553961, 4.71789179169, 
resistor:  1


15.4955119048 33.649095921, 2.17153819299, 0.461334229458, 4.71766444759, 
resistor:  1


15.5966309524 33.8887357411, 2.17282410827, 0.461622864972, 4.71746147563, 
resistor:  1


15.6977380952 34.1288856492, 2.17412759992, 0.461914537669, 4.71726607802, 
resistor:  1


15.798952381 34.3773860648, 2.17592820307, 0.462324561556, 4.71696533658, 
resistor:  1


15.9002261905 34.6178414511, 2.17719176045, 0.462607379621, 4.7167753611, 
resistor:  1


16.0015119048 34.8675002418, 2.17901286137, 0.463015033192, 4.71653139607, 
resistor:  1


16.1029404762 35.1076187172, 2.18019924802, 0.463277436875, 4.71638475879, 
resistor:  1


16.2041428571 35.3566216537, 2.18194951534, 0.46366965419, 4.71615371601, 
resistor:  1


16.3054880952 35.6129044413, 2.18410539036, 0.464155709367, 4.7158500512, 
resistor:  1


16.406797619 35.8762514538, 2.18666995759, 0.464740151063, 4.71545935481, 
resistor:  1


16.5080119048 36.1293972208, 2.18859772026, 0.465174399218, 4.71519084173, 
resistor:  1


16.6091904762 36.3886177641, 2.19087244597, 0.465691191366, 4.71484619251, 
resistor:  1


16.7103095238 36.6516422736, 2.19335507947, 0.466258766497, 4.71445374343, 
resistor:  1


16.8117619048 36.8508968687, 2.19197113767, 0.46593896108, 4.71474173009, 
resistor:  1


16.9132142857 37.0331823577, 2.18960049415, 0.465396204709, 4.71516967157, 
resistor:  1


17.0145595238 37.2233576777, 2.18773560524, 0.464972908493, 4.71544547179, 
resistor:  1


17.11575 37.4082615259, 2.18560457624, 0.464489462162, 4.71576879468, 
resistor:  1


17.2169047619 37.587382072, 2.18316721802, 0.463934998861, 4.71617234527, 
resistor:  1


17.3181547619 37.7661858785, 2.18072805086, 0.463381580993, 4.71656094123, 
resistor:  1


17.4194761905 37.954658337, 2.17886335513, 0.462962994781, 4.71680259227, 
resistor:  1


17.5209642857 38.2039211689, 2.18046909667, 0.463335350926, 4.71647075002, 
resistor:  1


17.62225 38.4509598221, 2.18195518859, 0.463674613364, 4.71620710545, 
resistor:  1


17.723452381 38.7027434285, 2.18370228309, 0.464077390779, 4.7158767687, 
resistor:  1


17.8246547619 38.9504143874, 2.18519881073, 0.46442020743, 4.71560234824, 
resistor:  1


17.9259047619 39.2064299787, 2.18713813888, 0.464864853568, 4.71526801798, 
resistor:  1


18.027202381 39.4631203098, 2.18908732902, 0.465304413856, 4.71499926572, 
resistor:  1


18.1285 39.7070766259, 2.19031230526, 0.465576788064, 4.71484450545, 
resistor:  1


18.2296071429 39.9358102056, 2.19071151082, 0.465658429103, 4.71482652051, 
resistor:  1


18.3314285714 40.1683569115, 2.19122894623, 0.465768627443, 4.71477505311, 
resistor:  1


18.4330357143 40.4007282105, 2.19175662852, 0.465883707235, 4.71469969881, 
resistor:  1


18.5344166667 40.6325365418, 2.19227490525, 0.465998180503, 4.71461241425, 
resistor:  1


18.6356309524 40.8736948038, 2.1933088774, 0.466228966619, 4.71446046217, 
resistor:  1


18.7368809524 41.1123792845, 2.19419546877, 0.466426388719, 4.71432942684, 
resistor:  1


18.8380357143 41.3485975551, 2.19495271069, 0.466591956375, 4.71424037114, 
resistor:  1


18.939297619 41.5880188511, 2.19585856285, 0.466795647377, 4.7140892011, 
resistor:  1


19.0404166667 41.830181977, 2.19691526238, 0.467036645656, 4.71389391819, 
resistor:  1


19.1415714286 42.0749771705, 2.1980942018, 0.467303591927, 4.71369881846, 
resistor:  1


19.2426428571 42.3104176711, 2.19878412675, 0.467456011459, 4.71359864523, 
resistor:  1


19.3438571429 42.53697327, 2.19899128472, 0.467498884597, 4.71357296115, 
resistor:  1


19.4450238095 42.7704687755, 2.19955857059, 0.467626620526, 4.71346828805, 
resistor:  1


19.5460952381 43.0100316009, 2.20044111507, 0.467828284324, 4.71330688569, 
resistor:  1


19.6471190476 43.2457183543, 2.20112263022, 0.467980352004, 4.71319717928, 
resistor:  1


19.748202381 43.4920185002, 2.202327972, 0.468256683314, 4.71297479922, 
resistor:  1


19.8495119048 43.7336249989, 2.20325946596, 0.468468635199, 4.71280818327, 
resistor:  1


19.9508809524 43.9737826573, 2.20410230316, 0.468658486883, 4.71266983332, 
resistor:  1


20.0521428571 44.2063876158, 2.20457174731, 0.468758020732, 4.71263868088, 
resistor:  1


20.1533452381 44.444354949, 2.20530906527, 0.468921113218, 4.71253688868, 
resistor:  1


20.2544880952 44.6862405603, 2.2062389506, 0.469127008854, 4.71241992055, 
resistor:  1


20.3556904762 44.9188815806, 2.20669898833, 0.46922432095, 4.7123863741, 
resistor:  1


20.4570833333 45.158626263, 2.20748117056, 0.469394914, 4.71230817629, 
resistor:  1


20.5584047619 45.3919150665, 2.20794928362, 0.469496274436, 4.71225452729, 
resistor:  1


20.659547619 45.6241181499, 2.20837934069, 0.469586754858, 4.7122310364, 
resistor:  1


20.7609047619 45.8550435028, 2.20872086399, 0.469658947224, 4.71220362706, 
resistor:  1


20.8620833333 46.0904311024, 2.20929187014, 0.469782732753, 4.71215344365, 
resistor:  1


20.9632857143 46.3247403644, 2.20980341516, 0.469895822331, 4.71208367138, 
resistor:  1


21.0644285714 46.5624542545, 2.21047792, 0.470047685631, 4.71196646669, 
resistor:  1


21.1656547619 46.7949468336, 2.21089058477, 0.470139690707, 4.71189927028, 
resistor:  1


21.2668095238 47.0380331265, 2.21180488187, 0.47034687478, 4.71174243706, 
resistor:  1


21.3681785714 47.2778500774, 2.21253533236, 0.470511008519, 4.71162576708, 
resistor:  1


21.4697619048 47.5142764951, 2.21307887371, 0.470629928027, 4.71156503966, 
resistor:  1


21.5711547619 47.7579323493, 2.21397198604, 0.470834945526, 4.71140811209, 
resistor:  1


21.6726071429 47.997862827, 2.21467876526, 0.470992797628, 4.71130876588, 
resistor:  1


21.7738571429 48.236819353, 2.21535481916, 0.471145139874, 4.71118899286, 
resistor:  1


21.8750238095 48.480183071, 2.21623452816, 0.471344928457, 4.71103894839, 
resistor:  1


21.9764285714 48.7208279558, 2.21695840148, 0.471504815618, 4.71094815135, 
resistor:  1


22.0778214286 48.9639391597, 2.21778853127, 0.471689156308, 4.71084554251, 
resistor:  1


22.178952381 49.2035611956, 2.21847995119, 0.471840163527, 4.71077391758, 
resistor:  1


22.2801309524 49.4482561697, 2.2193880402, 0.472040921299, 4.71066897115, 
resistor:  1


22.3813333333 49.6942767544, 2.22034478529, 0.472252713713, 4.71055808621, 
resistor:  1


22.4824285714 49.938969876, 2.22124445841, 0.472452639595, 4.7104443479, 
resistor:  1


22.5835595238 50.183681806, 2.22213339545, 0.472649921403, 4.71034080492, 
resistor:  1


22.6847261905 50.4312717482, 2.2231377767, 0.472873870053, 4.71020956179, 
resistor:  1


22.786047619 50.6725112951, 2.22383943641, 0.473028957075, 4.71012209908, 
resistor:  1


22.8874285714 50.919910586, 2.22479823048, 0.473242852055, 4.70999917267, 
resistor:  1


22.9889166667 51.1606880892, 2.22545015196, 0.473389639502, 4.70989094766, 
resistor:  1


23.0901190476 51.3987584378, 2.22600664517, 0.473515213142, 4.70979217703, 
resistor:  1


23.1912619048 51.6389666551, 2.22665618055, 0.473662260777, 4.70967953962, 
resistor:  1


23.292452381 51.8786864644, 2.22727455297, 0.473803136475, 4.70956514755, 
resistor:  1


23.3936190476 52.1174089015, 2.22784720891, 0.473931305183, 4.70947681433, 
resistor:  1


23.4946190476 52.3609581934, 2.22863618632, 0.474109916773, 4.70934722236, 
resistor:  1


23.5957380952 52.6045328604, 2.22940823669, 0.474283873366, 4.70922507704, 
resistor:  1


23.6968333333 52.8468765892, 2.23012399361, 0.474445772741, 4.70910409814, 
resistor:  1


23.7979285714 53.095274294, 2.23108806023, 0.474665815495, 4.70894034406, 
resistor:  1


23.8993452381 53.3384943077, 2.23179730559, 0.474825231434, 4.70882945577, 
resistor:  1


24.000797619 53.5823590885, 2.23252409937, 0.474985602673, 4.7087455577, 
resistor:  1


24.1019642857 53.8262176267, 2.23327098939, 0.47515141782, 4.70865017963, 
resistor:  1


24.203047619 54.0717320217, 2.2340877427, 0.475335076792, 4.70853305728, 
resistor:  1


24.3044642857 54.3184699879, 2.23491739416, 0.475520167678, 4.70842433877, 
resistor:  1


24.4058690476 54.5646762956, 2.23571945704, 0.475696301491, 4.70834508998, 
resistor:  1


24.5071785714 54.8102440997, 2.2364975201, 0.475869530865, 4.70824655052, 
resistor:  1


24.6083809524 55.0540970115, 2.23720923039, 0.476027503995, 4.70815799005, 
resistor:  1


24.7095833333 55.2969061711, 2.23787287002, 0.476174096067, 4.70808017445, 
resistor:  1


24.8108928571 55.5402948519, 2.23854478642, 0.47632195922, 4.70800914794, 
resistor:  1


24.9123690476 55.789134822, 2.23941507591, 0.476516703706, 4.70789246683, 
resistor:  1


25.0137619048 56.0219118203, 2.23964360233, 0.476566753425, 4.7078577793, 
resistor:  1


25.115047619 56.2632549204, 2.24022091353, 0.476697998982, 4.70775243568, 
resistor:  1


25.2162380952 56.5025990341, 2.24072277636, 0.476810199131, 4.70767789133, 
resistor:  1


25.3173690476 56.7377626734, 2.241060774, 0.476886592246, 4.70761310089, 
resistor:  1


25.4185 56.9783571197, 2.24160973778, 0.477009584445, 4.70752683642, 
resistor:  1


25.5195714286 57.2185232346, 2.24214279596, 0.477130548322, 4.70743103794, 
resistor:  1


25.6206309524 57.4630325024, 2.24284220827, 0.477289974544, 4.70730990523, 
resistor:  1


25.7216904762 57.7091720499, 2.24359950616, 0.477462574516, 4.70717916589, 
resistor:  1


25.8230238095 57.9486548738, 2.2440692965, 0.477569316509, 4.7070904218, 
resistor:  1


25.9243928571 58.1915451297, 2.24466375935, 0.477704526789, 4.70698448113, 
resistor:  1


26.0257738095 58.4372513515, 2.24536076349, 0.477859017183, 4.70690265121, 
resistor:  1


26.1270357143 58.6815577717, 2.24600901585, 0.478002915838, 4.70682431364, 
resistor:  1


26.230297619 58.9269259704, 2.24652143968, 0.478113863745, 4.70678226068, 
resistor:  1


26.3316666667 59.1712055137, 2.247150029, 0.478253424596, 4.70670643036, 
resistor:  1


26.432952381 59.410018037, 2.24757405759, 0.478343404991, 4.70668529102, 
resistor:  1


26.534202381 59.6560781753, 2.24827101711, 0.478498599948, 4.706596642, 
resistor:  1


26.6355238095 59.8981458253, 2.24880675348, 0.478615640965, 4.70654424217, 
resistor:  1


26.7368214286 60.133146491, 2.24907611593, 0.47867486645, 4.70651901878, 
resistor:  1


26.8382619048 60.3776672073, 2.24968619136, 0.478809307671, 4.70645243737, 
resistor:  1


26.93975 60.6151165987, 2.25002520805, 0.478884041516, 4.70640350967, 
resistor:  1


27.041 60.8637228716, 2.25079408571, 0.47905990458, 4.70626906104, 
resistor:  1


27.1421071429 61.109914947, 2.25148013105, 0.479216303027, 4.70614934601, 
resistor:  1


27.2433214286 61.3556069273, 2.25213387025, 0.479363733569, 4.70604908977, 
resistor:  1


27.3447738095 61.6041476924, 2.25286733478, 0.479530496865, 4.70592850196, 
resistor:  1


27.4461547619 61.8516119026, 2.25356201767, 0.479687186463, 4.70582353427, 
resistor:  1


27.5476666667 62.1003803287, 2.25428821541, 0.479852536245, 4.70570201759, 
resistor:  1


27.6489047619 62.3456035695, 2.25490319079, 0.4799911152, 4.70560714275, 
resistor:  1


27.7500595238 62.5913320819, 2.25553866031, 0.480135392496, 4.70550119812, 
resistor:  1


27.8513452381 62.8394033739, 2.25624302297, 0.480296311142, 4.70537810292, 
resistor:  1


27.9525952381 63.0907094992, 2.25706089048, 0.480481507643, 4.7052566106, 
resistor:  1


28.0537142857 63.3361599012, 2.25767466141, 0.480617810846, 4.70518073565, 
resistor:  1


28.1549285714 63.5897578212, 2.2585657662, 0.48081909569, 4.70505545505, 
resistor:  1


28.2562261905 63.8362166453, 2.25919116781, 0.480956989365, 4.70498865472, 
resistor:  1


28.3573809524 64.08544646, 2.25992120244, 0.481122012556, 4.70488286518, 
resistor:  1


28.4585 64.3301711652, 2.2604905798, 0.481247018121, 4.70482078401, 
resistor:  1


28.559702381 64.5791804572, 2.2611993499, 0.481406994446, 4.70471710525, 
resistor:  1


28.6608928571 64.8280641866, 2.26189967318, 0.481562543808, 4.70463629924, 
resistor:  1


28.7620833333 65.0699065464, 2.2623502544, 0.481662624804, 4.70457692782, 
resistor:  1


28.8634285714 65.3162799601, 2.26294252599, 0.481794857581, 4.70449850006, 
resistor:  1


28.9649404762 65.5633972636, 2.26354331084, 0.481931478716, 4.70439752718, 
resistor:  1


29.0661666667 65.804237838, 2.2639462091, 0.482022552861, 4.70432660091, 
resistor:  1


29.1674166667 66.0446117695, 2.26432846365, 0.482109963218, 4.70425059147, 
resistor:  1


29.2685595238 66.2860704537, 2.26475342594, 0.482205748216, 4.70418431768, 
resistor:  1


29.3697857143 66.5299410704, 2.26525115701, 0.482317984503, 4.70410317575, 
resistor:  1


29.471047619 66.7748766175, 2.26577885797, 0.482437649828, 4.70401493919, 
resistor:  1


29.5721309524 67.0209691037, 2.26635575271, 0.482568835988, 4.7039185117, 
resistor:  1


29.6733809524 67.263480132, 2.26679528834, 0.482668440415, 4.70384175986, 
resistor:  1


29.7746071429 67.5030637, 2.26713532696, 0.482744861056, 4.703783222, 
resistor:  1


29.8757380952 67.7519821152, 2.26779274538, 0.482895106274, 4.70366960819, 
resistor:  1


29.9769285714 68.0011122408, 2.26844828611, 0.483041547405, 4.70358682338, 
resistor:  1


30.0781547619 68.245924005, 2.26895315039, 0.483152752562, 4.70353121674, 
resistor:  1


30.1793571429 68.4910846366, 2.26946797814, 0.483266217963, 4.70347501978, 
resistor:  1


30.280702381 68.7374940812, 2.27000989661, 0.483387188591, 4.70340469659, 
resistor:  1


30.3821666667 68.9857008716, 2.27059846088, 0.48351773576, 4.70333651778, 
resistor:  1


30.4833928571 69.2353466304, 2.27124805152, 0.483663026116, 4.70325370017, 
resistor:  1


30.5846428571 69.4691833008, 2.27137467733, 0.48368792453, 4.70325826714, 
resistor:  1


30.6857857143 69.7154310395, 2.27191285531, 0.483808467315, 4.70318414941, 
resistor:  1


30.7869761905 69.9560356705, 2.27226068704, 0.483883312401, 4.70315562867, 
resistor:  1


30.8881666667 70.1982316282, 2.27265775874, 0.483970611626, 4.70310964871, 
resistor:  1


30.9893452381 70.4399336649, 2.27303717209, 0.484056514322, 4.7030433911, 
resistor:  1


31.0905714286 70.6821171331, 2.27342611877, 0.484144650829, 4.70297414164, 
resistor:  1


31.1917380952 70.9170212754, 2.2735835066, 0.484179269161, 4.70294536804, 
resistor:  1


31.2927738095 71.1532865046, 2.27379288706, 0.484225571756, 4.7029098189, 
resistor:  1


31.3938571429 71.3969620438, 2.27423351387, 0.484325794927, 4.7028330971, 
resistor:  1


31.4949880952 71.6372528204, 2.27456040319, 0.484399480331, 4.70278070122, 
resistor:  1


31.5961547619 71.8978820489, 2.27552632878, 0.48462340275, 4.70260473727, 
resistor:  1


31.6973690476 72.1590578844, 2.27649991316, 0.484849993462, 4.70242053495, 
resistor:  1


31.7988214286 72.4217484298, 2.27749788125, 0.485081426132, 4.70224028977, 
resistor:  1


31.9002738095 72.6780666353, 2.27828974351, 0.485263868735, 4.70210203861, 
resistor:  1


32.0014761905 72.9399275949, 2.27926759256, 0.485487318189, 4.70195344571, 
resistor:  1


32.1026428571 73.1952519607, 2.28003819768, 0.4856624256, 4.70183953703, 
resistor:  1


32.2040714286 73.4531682455, 2.28086589636, 0.485851659857, 4.70170896104, 
resistor:  1


32.3052857143 73.7108352319, 2.28169581547, 0.486040999228, 4.70158108965, 
resistor:  1


32.4063809524 73.9575892714, 2.28219218246, 0.486151587106, 4.70152146727, 
resistor:  1


32.5074880952 74.2107626494, 2.28288209879, 0.486308769376, 4.70141254507, 
resistor:  1


32.6086071429 74.4559815868, 2.28332296625, 0.486406175044, 4.70136185975, 
resistor:  1


32.7097619048 74.6977891368, 2.28365432174, 0.486477995189, 4.70133256396, 
resistor:  1


32.8108690476 74.9394056256, 2.28398112579, 0.486548205348, 4.70130888631, 
resistor:  1


32.9121190476 75.1839494194, 2.28438494983, 0.486637533634, 4.70126064761, 
resistor:  1


33.0133452381 75.4284816845, 2.28478759546, 0.486727859138, 4.70120076245, 
resistor:  1


33.1144761905 75.6710746349, 2.28513578773, 0.486807705429, 4.70113082826, 
resistor:  1


33.2156190476 75.9137880614, 2.2854846677, 0.48688620649, 4.70107848717, 
resistor:  1


33.317 76.157730159, 2.28585197224, 0.486969536739, 4.70101489762, 
resistor:  1


33.4183452381 76.3935061795, 2.28597513238, 0.486996926641, 4.70098831448, 
resistor:  1


33.5195595238 76.6384990065, 2.28638144699, 0.487088905132, 4.70092084112, 
resistor:  1


33.6206547619 76.8815015051, 2.28673421293, 0.487167779464, 4.70086825898, 
resistor:  1


33.721702381 77.120845772, 2.28697961036, 0.487224345287, 4.70081153202, 
resistor:  1


33.8227857143 77.3641507514, 2.28733822828, 0.487306378902, 4.70074652019, 
resistor:  1


33.9238571429 77.6067549348, 2.28767485395, 0.487382943542, 4.70068441058, 
resistor:  1


34.025202381 77.8546697847, 2.2881471479, 0.487487794323, 4.70062908924, 
resistor:  1


34.1264047619 78.0973088873, 2.28847162284, 0.487559571029, 4.70058791552, 
resistor:  1


34.227547619 78.3200352538, 2.28821638423, 0.487497987206, 4.70065362704, 
resistor:  1


34.3286666667 78.5607018723, 2.28848683915, 0.48755845958, 4.70061244164, 
resistor:  1


34.4307857143 78.805402423, 2.28880639196, 0.487629055679, 4.70057320978, 
resistor:  1


34.5323452381 79.0501904712, 2.28916367904, 0.487708115571, 4.7005294722, 
resistor:  1


34.6337857143 79.2943898889, 2.28950974471, 0.487782787685, 4.7005054508, 
resistor:  1


34.7350119048 79.538955371, 2.28987845431, 0.487865421594, 4.70045035165, 
resistor:  1


34.836297619 79.7787608611, 2.29010446901, 0.487914786124, 4.70042628625, 
resistor:  1


34.937702381 80.0260004491, 2.29053415066, 0.488014169032, 4.70033995805, 
resistor:  1


35.0389761905 80.2682567023, 2.29082768474, 0.488081776099, 4.70027820923, 
resistor:  1


35.1401071429 80.5121638803, 2.29117582234, 0.488162479789, 4.70020216684, 
resistor:  1


35.2412857143 80.7563577401, 2.29152700032, 0.488244599266, 4.70011982841, 
resistor:  1


35.3425595238 80.9970563018, 2.29177109392, 0.488301657493, 4.70005739935, 
resistor:  1


35.4438571429 81.2383928682, 2.29203025339, 0.48836035858, 4.70000948451, 
resistor:  1


35.5452261905 81.4805936356, 2.29230764207, 0.488423447464, 4.69995963847, 
resistor:  1


35.6463809524 81.7212492827, 2.29255388904, 0.488479589577, 4.69991282651, 
resistor:  1


35.7475119048 81.9629954173, 2.29283077479, 0.488543003975, 4.69985819856, 
resistor:  1


35.848702381 82.2014076687, 2.29300929208, 0.488582397311, 4.69983292672, 
resistor:  1


35.9499166667 82.431940377, 2.29296610452, 0.488570766494, 4.69984659257, 
resistor:  1


36.0512380952 82.6702624182, 2.29313240782, 0.488606320148, 4.69983277378, 
resistor:  1


36.1524166667 82.9117761278, 2.29339512465, 0.488663990378, 4.69980362331, 
resistor:  1


36.253547619 83.1582351501, 2.29379579687, 0.488752303936, 4.69976305961, 
resistor:  1


36.3548214286 83.3803605962, 2.29351588922, 0.488684880612, 4.69983152262, 
resistor:  1


36.4561904762 83.6027796109, 2.29323959851, 0.488619129776, 4.69988942191, 
resistor:  1


36.5573690476 83.8248326228, 2.29296677542, 0.488554226946, 4.69994678973, 
resistor:  1


36.6585119048 84.0487442276, 2.29274839213, 0.488500871725, 4.70000221187, 
resistor:  1


36.760047619 84.2889806884, 2.29295080251, 0.488543668795, 4.69999221614, 
resistor:  1


36.8612738095 84.5258608174, 2.29308030032, 0.488569606113, 4.69999495685, 
resistor:  1


36.9625952381 84.7653434125, 2.29327358824, 0.488614075331, 4.6999511063, 
resistor:  1


37.063797619 85.0086128766, 2.29357535756, 0.488682608198, 4.69989893715, 
resistor:  1


37.164952381 85.2511696682, 2.29385924659, 0.488747112038, 4.69984764084, 
resistor:  1


37.2660238095 85.495755602, 2.29420117475, 0.488825240572, 4.6997857873, 
resistor:  1


37.367047619 85.7380946945, 2.29448404831, 0.488888276157, 4.6997450486, 
resistor:  1


37.4684166667 85.9875206238, 2.29493339387, 0.488991180478, 4.69966676498, 
resistor:  1


37.5697619048 86.2324410468, 2.29526184556, 0.489065667904, 4.69961317389, 
resistor:  1


37.6710833333 86.478467964, 2.29561935341, 0.489147690922, 4.69954570562, 
resistor:  1


37.7724761905 86.7242747238, 2.29596477304, 0.489226299473, 4.6994881421, 
resistor:  1


37.8738095238 86.9652472748, 2.29618431228, 0.489275742585, 4.69945294313, 
resistor:  1


37.975 87.210736117, 2.29653024666, 0.489351715326, 4.69941919053, 
resistor:  1


38.0761309524 87.4551919202, 2.29685080213, 0.489421941024, 4.69938857853, 
resistor:  1


38.1772738095 87.7012329187, 2.29721046495, 0.489501085228, 4.69935239744, 
resistor:  1


38.2783095238 87.9415112568, 2.29742411174, 0.489546902672, 4.6993372089, 
resistor:  1


38.3793809524 88.1831664249, 2.29767036978, 0.489601082155, 4.69930894427, 
resistor:  1


38.4805119048 88.4239280005, 2.2978885577, 0.48964969568, 4.69927660392, 
resistor:  1


38.581702381 88.6713477116, 2.29827462863, 0.489735718732, 4.69922970086, 
resistor:  1


38.6829047619 88.9060224868, 2.29832850025, 0.489746030306, 4.69922809573, 
resistor:  1


38.7840952381 89.1456169846, 2.29850964519, 0.489784793018, 4.6992182626, 
resistor:  1


38.8852619048 89.3856624763, 2.2987028529, 0.489827533833, 4.69918848545, 
resistor:  1


38.9863571429 89.6214258256, 2.29878943286, 0.489845681801, 4.69917856676, 
resistor:  1


39.0875238095 89.8620963529, 2.29899690732, 0.489893137737, 4.69913739096, 
resistor:  1


39.1885714286 90.0995714615, 2.29912875558, 0.489922914947, 4.69910956088, 
resistor:  1


39.2898452381 90.3434968761, 2.29941086122, 0.489988351982, 4.69904929383, 
resistor:  1


39.3912619048 90.5892686329, 2.29973004805, 0.490061434242, 4.69899158289, 
resistor:  1


39.4925952381 90.8226757231, 2.29973936064, 0.490063237454, 4.69898288802, 
resistor:  1


39.5938095238 91.0600097297, 2.29985472034, 0.49008977476, 4.69895586228, 
resistor:  1


39.6949761905 91.30298627, 2.30011439815, 0.490149783376, 4.69890267704, 
resistor:  1


39.7961785714 91.5468766305, 2.30039365378, 0.490213609924, 4.6988528251, 
resistor:  1


39.8973928571 91.7917753106, 2.30069607905, 0.490282388002, 4.69880131262, 
resistor:  1


39.9986309524 92.0336492328, 2.30091998254, 0.490330182839, 4.69878849715, 
resistor:  1


40.0998333333 92.2799307364, 2.30125472017, 0.490405166269, 4.69874393843, 
resistor:  1


40.200952381 92.5249133486, 2.30156023349, 0.490472833778, 4.6987093597, 
resistor:  1


40.3020952381 92.7709492835, 2.30188898953, 0.49054608711, 4.69866998182, 
resistor:  1


40.4033809524 93.0137563388, 2.3021280434, 0.490598390179, 4.6986447421, 
resistor:  1


40.5045595238 93.2545831522, 2.3023231026, 0.49064074049, 4.69862591542, 
resistor:  1


40.6057261905 93.5038586687, 2.30272593156, 0.490730925884, 4.69857536698, 
resistor:  1


40.7069642857 93.7506526102, 2.30306175504, 0.490806755717, 4.69852467559, 
resistor:  1


40.808297619 93.9975204667, 2.3033923479, 0.490880187409, 4.69848635526, 
resistor:  1


40.9099404762 94.2433333443, 2.30367808526, 0.490944452665, 4.69844378163, 
resistor:  1


41.01125 94.4902328217, 2.30400762771, 0.491019572955, 4.69838828599, 
resistor:  1


41.1124880952 94.7311798044, 2.30419476401, 0.491062368437, 4.69835104705, 
resistor:  1


41.2136547619 94.9728197602, 2.3044017889, 0.491108808345, 4.69831859904, 
resistor:  1


41.3148095238 95.2106353272, 2.30451589695, 0.491135935586, 4.69828832136, 
resistor:  1


41.4161547619 95.4493462635, 2.30464046728, 0.491164023421, 4.69826348645, 
resistor:  1


41.5175714286 95.6929304664, 2.30487784265, 0.491218052636, 4.69822146365, 
resistor:  1


41.618952381 95.9345247384, 2.30506822614, 0.491261070621, 4.69818802379, 
resistor:  1


41.7202619048 96.1770465394, 2.30528386324, 0.491310973111, 4.69814216549, 
resistor:  1


41.8214642857 96.4238909619, 2.30560772103, 0.491384815847, 4.69808566701, 
resistor:  1


41.9226785714 96.6678487529, 2.30586050431, 0.491441516848, 4.6980477423, 
resistor:  1


42.0238333333 96.9122737613, 2.3061264543, 0.491499723217, 4.69802301947, 
resistor:  1


42.1249404762 97.1576624815, 2.30641661171, 0.491564328549, 4.69798844303, 
resistor:  1


42.2260119048 97.4041797733, 2.3067340575, 0.491633888397, 4.69796117859, 
resistor:  1


42.3272857143 97.6462894373, 2.30693482442, 0.49167781744, 4.69794141038, 
resistor:  1


42.4286547619 97.8902862297, 2.30717393184, 0.491730397392, 4.69791607614, 
resistor:  1


42.5298333333 98.1345331151, 2.30742811395, 0.49178673115, 4.69788504081, 
resistor:  1


42.6311904762 98.376022113, 2.30760673146, 0.491824304472, 4.6978783506, 
resistor:  1


42.7325238095 98.6243627628, 2.30794612559, 0.491899969508, 4.69783761319, 
resistor:  1


42.8337142857 98.8656311914, 2.30812650362, 0.491939906885, 4.69781550568, 
resistor:  1


42.9349166667 99.1145263893, 2.30848302697, 0.492021343764, 4.69775374541, 
resistor:  1


43.0359880952 99.355368148, 2.30865776634, 0.492060309986, 4.69772758016, 
resistor:  1


43.1370119048 99.6028794286, 2.3089888481, 0.49213593399, 4.69767072346, 
resistor:  1


43.2383333333 99.8455005562, 2.30918938957, 0.49218176883, 4.69763111535, 
resistor:  1


43.3398571429 100.087379084, 2.30936107505, 0.492220690777, 4.69759968987, 
resistor:  1


43.4411309524 100.333797287, 2.309649751, 0.492287531195, 4.69754370982, 
resistor:  1


43.5424285714 100.580032852, 2.30993162651, 0.492352560952, 4.69748773027, 
resistor:  1


43.6439761905 100.829462064, 2.31027213524, 0.492430621148, 4.69742756134, 
resistor:  1


43.7453928571 101.076272061, 2.31055810589, 0.492496824905, 4.69737132371, 
resistor:  1


43.8469761905 101.320921004, 2.31078468362, 0.492548397341, 4.69733208536, 
resistor:  1


43.9483452381 101.55671233, 2.31081993599, 0.492554914406, 4.69733075291, 
resistor:  1


44.0495 101.795559088, 2.31093563123, 0.492578703391, 4.69732848826, 
resistor:  1


44.1506785714 102.036432091, 2.31109544389, 0.492612823481, 4.69731754269, 
resistor:  1


44.25225 102.281978845, 2.3113396233, 0.492666870472, 4.69728838941, 
resistor:  1


44.3536428571 102.527265804, 2.31158613361, 0.492722056902, 4.69725350311, 
resistor:  1


44.4551190476 102.778982662, 2.31197182381, 0.492808713504, 4.69720414706, 
resistor:  1


44.5566904762 103.023439471, 2.31218787505, 0.492855916461, 4.69718281256, 
resistor:  1


44.6583095238 103.269309254, 2.31243211746, 0.492910419305, 4.69715051315, 
resistor:  1


44.7597380952 103.504786024, 2.31245289694, 0.492913783222, 4.69715315504, 
resistor:  1


44.8610238095 103.745365912, 2.31259470029, 0.492945001656, 4.69713365301, 
resistor:  1


44.9622261905 103.988355094, 2.31279373609, 0.492990827089, 4.69709361233, 
resistor:  1


45.0634404762 104.229005018, 2.31293935653, 0.493023956485, 4.69706529488, 
resistor:  1


45.1646428571 104.471494366, 2.31312566108, 0.493066605484, 4.69702933963, 
resistor:  1


45.2659761905 104.710828524, 2.31323473692, 0.493091819119, 4.69700148809, 
resistor:  1


45.367452381 104.956024356, 2.31346524541, 0.493144775955, 4.69695749255, 
resistor:  1


45.4686309524 105.203366376, 2.31375707102, 0.493212194785, 4.69690044995, 
resistor:  1


45.5699642857 105.450202712, 2.31402864506, 0.493274388831, 4.69685141564, 
resistor:  1


45.671452381 105.6949761, 2.31424600249, 0.493323778368, 4.69681346399, 
resistor:  1


45.772952381 105.938633708, 2.31443741768, 0.493367843289, 4.69677296641, 
resistor:  1


45.8741666667 106.181997398, 2.3146359948, 0.49341393379, 4.69672949715, 
resistor:  1


45.9755357143 106.425480482, 2.31482850234, 0.493456433849, 4.69670626216, 
resistor:  1


46.0768333333 106.668973193, 2.31502396055, 0.493499095921, 4.69668750701, 
resistor:  1


46.1781309524 106.909859647, 2.31516212203, 0.493528705151, 4.69667649112, 
resistor:  1


46.2795952381 107.151128273, 2.31529959849, 0.493558402219, 4.69666518147, 
resistor:  1


46.380797619 107.389733903, 2.31539213243, 0.493577580222, 4.69666327079, 
resistor:  1


46.4822142857 107.632644026, 2.31556619408, 0.49361583485, 4.69664292386, 
resistor:  1


46.5835357143 107.892319427, 2.31610412935, 0.493738563712, 4.69656423069, 
resistor:  1


46.6847261905 108.15305289, 2.31666889185, 0.493867974016, 4.69647764383, 
resistor:  1


46.7860714286 108.413888183, 2.3172257228, 0.493994807962, 4.69639822644, 
resistor:  1


46.8874166667 108.67139109, 2.31770907453, 0.494105951571, 4.69631858519, 
resistor:  1


46.98875 108.932202571, 2.31826134066, 0.494234491711, 4.6962168731, 
resistor:  1


47.0901071429 109.1882257, 2.31870837263, 0.494338716266, 4.69613019518, 
resistor:  1


47.1913214286 109.446168597, 2.31920118538, 0.494452968659, 4.69604128662, 
resistor:  1


47.2924404762 109.697385584, 2.31955434059, 0.494534680905, 4.69597529312, 
resistor:  1


47.3935952381 109.948690301, 2.3199060917, 0.494615201644, 4.69591741009, 
resistor:  1


47.4947380952 110.199822629, 2.32025329644, 0.494695781707, 4.69585170936, 
resistor:  1


47.5960714286 110.453411261, 2.32064134593, 0.494785654611, 4.69577892805, 
resistor:  1


47.6975119048 110.699056568, 2.32085599746, 0.494835516711, 4.6957327749, 
resistor:  1


47.7990952381 110.956120359, 2.32130168587, 0.494939713826, 4.69564429249, 
resistor:  1


47.9003809524 111.204454797, 2.32157766987, 0.495004126534, 4.69558499362, 
resistor:  1


48.0015833333 111.460322661, 2.32201346124, 0.495102976587, 4.69552656927, 
resistor:  1


48.1026904762 111.713848504, 2.32240332918, 0.495192144195, 4.69546299361, 
resistor:  1


48.2038095238 111.967264783, 2.32278871502, 0.495279253997, 4.69541090569, 
resistor:  1


48.3052261905 112.217759872, 2.32309770023, 0.495349818452, 4.69536099348, 
resistor:  1


48.406547619 112.477913217, 2.32360948568, 0.49546693454, 4.69528389037, 
resistor:  1


48.5077857143 112.73135026, 2.32398466761, 0.495551479767, 4.69523302791, 
resistor:  1


48.6090119048 112.981196714, 2.32428498928, 0.495618495229, 4.69519700051, 
resistor:  1


48.7104285714 113.236396781, 2.32468487965, 0.495710090719, 4.69513233072, 
resistor:  1


48.8118452381 113.491204218, 2.32507506455, 0.495798314237, 4.69507952923, 
resistor:  1


48.9130952381 113.752125576, 2.32559655083, 0.495918947856, 4.69499021239, 
resistor:  1


49.0142142857 114.012498046, 2.3261108988, 0.496038509741, 4.69489927022, 
resistor:  1


49.1152619048 114.262747318, 2.32642040145, 0.496109984721, 4.69483986957, 
resistor:  1


49.2165952381 114.518865804, 2.32683437872, 0.496206146951, 4.69476210294, 
resistor:  1


49.317797619 114.769033922, 2.32713218072, 0.496275600578, 4.6947016798, 
resistor:  1


49.4188571429 115.020169134, 2.32745506035, 0.496350203236, 4.69464213873, 
resistor:  1


49.5199404762 115.269978445, 2.32774872782, 0.496417897232, 4.69458899829, 
resistor:  1


49.6210119048 115.513250162, 2.32791000683, 0.496454787897, 4.6945577511, 
resistor:  1


49.7222857143 115.75729888, 2.32807678121, 0.496493233585, 4.69452355786, 
resistor:  1


49.823797619 116.001772704, 2.32824028372, 0.496531369539, 4.6944852827, 
resistor:  1


49.9253333333 116.242118988, 2.32831933664, 0.496548178311, 4.69447710022, 
resistor:  1


50.0265238095 116.478679269, 2.32833845726, 0.496550872416, 4.69448270697, 
resistor:  1


50.1275833333 116.724741195, 2.32855313248, 0.49659927276, 4.69445101507, 
resistor:  1


50.2286785714 116.96816053, 2.32871267683, 0.49663371153, 4.69443879506, 
resistor:  1


50.3298690476 117.211093586, 2.32885751153, 0.496665641403, 4.6944214619, 
resistor:  1


50.4309880952 117.453804437, 2.32900065759, 0.496697014383, 4.69440597196, 
resistor:  1


50.5323690476 117.695313927, 2.32910738493, 0.49671968043, 4.69439920624, 
resistor:  1


50.6336785714 117.939921741, 2.32927816167, 0.496757221194, 4.69438101492, 
resistor:  1


50.7348571429 118.183758751, 2.32943907614, 0.496792339249, 4.69436515581, 
resistor:  1


50.8360714286 118.427240963, 2.32959073419, 0.496825592418, 4.69434956359, 
resistor:  1


50.9372380952 118.668508405, 2.32970048715, 0.496850825289, 4.69432530076, 
resistor:  1


51.0384047619 118.908205231, 2.32977903181, 0.496869274324, 4.69430199753, 
resistor:  1


51.1395238095 119.152091618, 2.32994135928, 0.496906621136, 4.69426938291, 
resistor:  1


51.240547619 119.395233199, 2.33009284144, 0.496940569517, 4.69424626447, 
resistor:  1


51.3419285714 119.635294101, 2.33016751473, 0.496957573399, 4.69422799401, 
resistor:  1


51.443297619 119.877176883, 2.33027784826, 0.496983002725, 4.69420354856, 
resistor:  1


51.5445714286 120.111972728, 2.33025456219, 0.49697766665, 4.69420128841, 
resistor:  1


51.6457142857 120.34400181, 2.330183704, 0.496961922761, 4.69420487703, 
resistor:  1


51.7470714286 120.586509509, 2.33030597056, 0.496990290031, 4.69417735877, 
resistor:  1


51.8484404762 120.827109698, 2.33039043389, 0.49700943065, 4.69415857129, 
resistor:  1


51.9497142857 121.074748233, 2.33061432382, 0.497059464513, 4.69412995358, 
resistor:  1


52.0509880952 121.322838799, 2.33084602693, 0.497110985192, 4.69410407085, 
resistor:  1


52.1524285714 121.560783173, 2.33087483177, 0.497116091032, 4.69410554749, 
resistor:  1


52.2539761905 121.803323441, 2.33098669844, 0.497140239095, 4.69409805644, 
resistor:  1


52.3553214286 122.048726549, 2.33116182307, 0.497178797246, 4.69408010853, 
resistor:  1


52.4565 122.292428122, 2.33131124117, 0.497211631628, 4.69406464421, 
resistor:  1


52.5577380952 122.534916273, 2.33143435608, 0.497238686709, 4.69405076692, 
resistor:  1


52.6588452381 122.775480101, 2.33152625255, 0.49725908457, 4.69403593595, 
resistor:  1


52.7614642857 123.022453177, 2.3316724591, 0.497290802873, 4.69402378601, 
resistor:  1


52.8629166667 123.26651551, 2.33181449838, 0.497322777642, 4.69400159363, 
resistor:  1


52.964202381 123.509160073, 2.3319365632, 0.497350618648, 4.69397806802, 
resistor:  1


53.0655 123.752505894, 2.33207085383, 0.49738213903, 4.69394393399, 
resistor:  1


53.1668095238 123.997497526, 2.33223506614, 0.497420120424, 4.69390915897, 
resistor:  1


53.268202381 124.245552269, 2.33245250855, 0.497470138669, 4.69386920116, 
resistor:  1


53.3693928571 124.480371221, 2.33242996702, 0.497464493684, 4.69387386533, 
resistor:  1


53.470547619 124.719066695, 2.33248156692, 0.49747723016, 4.6938510998, 
resistor:  1


53.5717857143 124.963881033, 2.33264356167, 0.497514214554, 4.6938217977, 
resistor:  1


53.6729404762 125.202866882, 2.33269997454, 0.497527603168, 4.6938027497, 
resistor:  1


53.7741428571 125.445000026, 2.33281263747, 0.497553037496, 4.69378390335, 
resistor:  1


53.8753452381 125.684840398, 2.33288232015, 0.497569296336, 4.69376443383, 
resistor:  1


53.9764761905 125.927996727, 2.33301626218, 0.497598303319, 4.6937546523, 
resistor:  1


54.0775357143 126.167802343, 2.33309082369, 0.49761474517, 4.69374415232, 
resistor:  1


54.1786071429 126.414005947, 2.33328268506, 0.497657272418, 4.69372259992, 
resistor:  1


54.2798928571 126.660047748, 2.33346163893, 0.497696966229, 4.69370116452, 
resistor:  1


54.3812619048 126.906745435, 2.33364841105, 0.497737277418, 4.69368892834, 
resistor:  1


54.4826785714 127.152915068, 2.33382275619, 0.497776176329, 4.69366621074, 
resistor:  1


54.5838690476 127.395013818, 2.333931545, 0.49779956324, 4.69365910433, 
resistor:  1


54.6850238095 127.637432617, 2.33404730811, 0.497824494204, 4.69364883135, 
resistor:  1


54.7862261905 127.87795038, 2.33412591579, 0.497840805941, 4.69364533644, 
resistor:  1


54.8874047619 128.119651794, 2.33422681123, 0.49786359026, 4.69362698701, 
resistor:  1


54.9885595238 128.359428112, 2.33429333709, 0.497878046952, 4.69361746757, 
resistor:  1


55.0898214286 128.597054841, 2.33431605887, 0.497883469541, 4.69360702188, 
resistor:  1


55.1914880952 128.837193918, 2.33436709834, 0.497895035544, 4.69359447369, 
resistor:  1


55.2927857143 129.074779165, 2.33438734362, 0.497899721059, 4.69358308455, 
resistor:  1


55.3938809524 129.317336187, 2.33450579673, 0.497927071129, 4.69355941739, 
resistor:  1


55.4950714286 129.561986154, 2.33465752577, 0.497962288692, 4.6935261454, 
resistor:  1


55.5962380952 129.807057, 2.33481727267, 0.497998981305, 4.69349611116, 
resistor:  1


55.6973333333 130.04498622, 2.33485121167, 0.498006683797, 4.69348576155, 
resistor:  1


55.798702381 130.290707646, 2.3350132187, 0.49804352277, 4.69345829613, 
resistor:  1


55.9000714286 130.53314142, 2.33511582515, 0.498066624593, 4.69344077484, 
resistor:  1


56.001297619 130.77504638, 2.33521457431, 0.498086945645, 4.693441537, 
resistor:  1


56.1025 131.015798067, 2.33529340166, 0.49810423343, 4.69343181073, 
resistor:  1


56.2036904762 131.265510611, 2.3355318752, 0.498157451154, 4.69340498143, 
resistor:  1


56.3048928571 131.505281561, 2.33559243057, 0.498169608155, 4.69340622226, 
resistor:  1


56.4060357143 131.744629811, 2.33564773951, 0.498180139691, 4.69341156499, 
resistor:  1


56.5073333333 131.987186743, 2.33575323692, 0.498203447709, 4.69339778405, 
resistor:  1


56.6084404762 132.234090882, 2.33594301079, 0.498245809036, 4.69337462504, 
resistor:  1


56.7094880952 132.475379876, 2.33603554405, 0.498265713388, 4.69336764266, 
resistor:  1


56.8106428571 132.71137475, 2.33603015343, 0.49826399243, 4.69337102108, 
resistor:  1


56.9119880952 132.959325151, 2.33622703407, 0.498309204519, 4.6933367491, 
resistor:  1


57.0132380952 133.199304569, 2.33628730834, 0.49832262947, 4.69332436058, 
resistor:  1


57.114547619 133.439259199, 2.33634449998, 0.498335924633, 4.69330896245, 
resistor:  1


57.2157738095 133.678823778, 2.33639807483, 0.498348348096, 4.6932931628, 
resistor:  1


57.3171190476 133.920306311, 2.33648006976, 0.498367241582, 4.69327226851, 
resistor:  1


57.4184761905 134.157667399, 2.33648951174, 0.498368514361, 4.69327576734, 
resistor:  1


57.5196428571 134.398087562, 2.33655984089, 0.498384915324, 4.69325644592, 
resistor:  1


57.6209047619 134.646754884, 2.3367691889, 0.498432959232, 4.69321989792, 
resistor:  1


57.7221071429 134.890377334, 2.33689281301, 0.498460916137, 4.69319906643, 
resistor:  1


57.82325 135.134922247, 2.33703436328, 0.498493529367, 4.69317105641, 
resistor:  1


57.9246071429 135.375195518, 2.33709302826, 0.498505554988, 4.69316904036, 
resistor:  1


58.0260952381 135.620906446, 2.33723992437, 0.498537709117, 4.69315582323, 
resistor:  1


58.1274166667 135.860047627, 2.33727998624, 0.49854495463, 4.69316165737, 
resistor:  1


58.2287380952 136.10444161, 2.33741011848, 0.498573134544, 4.69315180036, 
resistor:  1


58.3299047619 136.348453586, 2.33753945155, 0.498601223949, 4.69314102481, 
resistor:  1


58.4310952381 136.586128722, 2.33755893442, 0.498603631614, 4.69315134812, 
resistor:  1


58.532297619 136.823585873, 2.33757415031, 0.498606037991, 4.69315609514, 
resistor:  1


58.6334761905 137.065409111, 2.33766472698, 0.498626485599, 4.69314056413, 
resistor:  1


58.7346309524 137.314876506, 2.33788608661, 0.498675783934, 4.69311593863, 
resistor:  1


58.836 137.559366924, 2.33801357882, 0.498704151485, 4.69309869413, 
resistor:  1


58.9376785714 137.80531724, 2.33815312344, 0.498735651818, 4.69307687788, 
resistor:  1


59.0391428571 138.047452553, 2.33823605616, 0.498755253388, 4.69305398094, 
resistor:  1


59.1403809524 138.280420241, 2.33817263288, 0.498740297551, 4.69306190521, 
resistor:  1


59.2415238095 138.521737847, 2.33825413223, 0.498759794681, 4.69303796873, 
resistor:  1


59.3427142857 138.760404581, 2.33828880683, 0.498767453499, 4.69302969297, 
resistor:  1


59.4439047619 139.00321356, 2.33839304664, 0.498791576973, 4.69300865566, 
resistor:  1


59.5451071429 139.24703001, 2.33851338408, 0.498819105024, 4.69298409326, 
resistor:  1


59.6464404762 139.489642042, 2.33860798613, 0.498840980371, 4.69296315331, 
resistor:  1


59.7478095238 139.730672048, 2.33867439094, 0.498856308452, 4.69294749277, 
resistor:  1


59.8490595238 139.974009251, 2.33878377313, 0.49888201928, 4.6929203159, 
resistor:  1


59.9502738095 140.22308271, 2.33898986276, 0.498928229743, 4.69289558091, 
resistor:  1


60.051452381 140.47106779, 2.33917852475, 0.498970126186, 4.69287356636, 
resistor:  1


60.1526071429 140.711627693, 2.33924403906, 0.498983429395, 4.69287305555, 
resistor:  1


60.257797619 140.958598204, 2.33925904652, 0.498986493583, 4.69286969662, 
resistor:  1


60.3591547619 141.200799085, 2.33934354518, 0.499004507708, 4.6928648897, 
resistor:  1


60.4604166667 141.447899385, 2.33951248079, 0.499042768925, 4.69283961783, 
resistor:  1


60.5615714286 141.685935457, 2.33953532107, 0.499045948453, 4.69284994739, 
resistor:  1


60.66275 141.926966335, 2.33960653507, 0.499061458169, 4.69284137355, 
resistor:  1


60.7641071429 142.16564349, 2.33963190071, 0.499066382097, 4.69284202322, 
resistor:  1


60.865297619 142.409256389, 2.33974468145, 0.499091679625, 4.69282565711, 
resistor:  1


60.9666428571 142.656120279, 2.33990447223, 0.499127983656, 4.69280024365, 
resistor:  1


61.0680119048 142.899888699, 2.34001213142, 0.499153120472, 4.69277405123, 
resistor:  1


61.1692857143 143.145368315, 2.34015105202, 0.499185217639, 4.69274601731, 
resistor:  1


61.2704642857 143.385806827, 2.34021087482, 0.499199347488, 4.69272722213, 
resistor:  1


61.3715714286 143.623435483, 2.34022743984, 0.499203004444, 4.69272081918, 
resistor:  1


61.4729642857 143.866840856, 2.34032704503, 0.499225933898, 4.69269966995, 
resistor:  1


61.5743690476 144.112585251, 2.34046385664, 0.49925687796, 4.6926782263, 
resistor:  1


61.6757142857 144.354301593, 2.34053716709, 0.499274214873, 4.69265794473, 
resistor:  1


61.7770952381 144.595187314, 2.34059543844, 0.499287213477, 4.69264566283, 
resistor:  1


61.8784166667 144.835421735, 2.34064524493, 0.499298480953, 4.6926333613, 
resistor:  1


61.9796071429 145.081712599, 2.34079755079, 0.499332288209, 4.69261710086, 
resistor:  1


62.080702381 145.324901801, 2.34090298962, 0.499355968895, 4.69260261757, 
resistor:  1


62.1820357143 145.567214212, 2.34098502148, 0.499373303804, 4.69259712237, 
resistor:  1


62.2832261905 145.816084244, 2.34117744316, 0.499416669664, 4.69257088911, 
resistor:  1


62.3843928571 146.058476068, 2.3412662908, 0.499435644441, 4.69256577677, 
resistor:  1


62.4854880952 146.299733762, 2.3413393769, 0.499451660106, 4.6925584047, 
resistor:  1


62.586702381 146.544938846, 2.34147084398, 0.499480327253, 4.69254742826, 
resistor:  1


62.6878809524 146.788725525, 2.34158059412, 0.499504460157, 4.69253546642, 
resistor:  1


62.7890714286 147.033913507, 2.34171186421, 0.499533274576, 4.69252336444, 
resistor:  1


62.8904166667 147.28073456, 2.34186291595, 0.499568085774, 4.69249521275, 
resistor:  1


62.9916071429 147.526490546, 2.34200232756, 0.499600152176, 4.69247014759, 
resistor:  1


63.0927857143 147.770917298, 2.34212066601, 0.499627824236, 4.69244258653, 
resistor:  1


63.1938928571 148.01656126, 2.34226053449, 0.499660955188, 4.69240805927, 
resistor:  1


63.2951785714 148.258889413, 2.34234096119, 0.499679665084, 4.69238769513, 
resistor:  1


63.396547619 148.501919817, 2.34242912894, 0.499700001528, 4.69236716851, 
resistor:  1


63.4977142857 148.745698878, 2.3425362716, 0.499724884642, 4.69234378951, 
resistor:  1


63.5990595238 148.988756435, 2.34262515124, 0.499744643922, 4.69233082884, 
resistor:  1


63.700202381 149.22942823, 2.34268373808, 0.499758948162, 4.69231154492, 
resistor:  1


63.8013690476 149.47752879, 2.34285770072, 0.499799454606, 4.69227500936, 
resistor:  1


63.9024285714 149.718931731, 2.34293023095, 0.499815503124, 4.69226490274, 
resistor:  1


64.0034880952 149.961075211, 2.34301410242, 0.49983397237, 4.69225559283, 
resistor:  1


64.104547619 150.206349281, 2.34314654514, 0.499863627473, 4.69223670649, 
resistor:  1


64.2057261905 150.449202031, 2.34323651421, 0.49988306698, 4.69222972588, 
resistor:  1


64.3070952381 150.693869642, 2.34334748108, 0.499907966735, 4.69221388874, 
resistor:  1


64.4087380952 150.936558835, 2.34341741973, 0.499923179437, 4.69220727233, 
resistor:  1


64.51 151.179277347, 2.34350143151, 0.499941822333, 4.69219564244, 
resistor:  1


64.6112619048 151.42453277, 2.3436244442, 0.49996918099, 4.69218154513, 
resistor:  1


64.7124404762 151.667251127, 2.34371088481, 0.49998760783, 4.69217552518, 
resistor:  1


64.8137738095 151.911538183, 2.34381566224, 0.50001116376, 4.69216026565, 
resistor:  1


64.9151190476 152.157926529, 2.34395205249, 0.500042599377, 4.69213413925, 
resistor:  1


65.0163571429 152.400325625, 2.34403052282, 0.50006125578, 4.6921120769, 
resistor:  1


65.1176428571 152.644556718, 2.3441351686, 0.500085833394, 4.69208731313, 
resistor:  1


65.2188214286 152.889916836, 2.34426065186, 0.500115398611, 4.69205922781, 
resistor:  1


65.3199285714 153.130794373, 2.34431968501, 0.500128803216, 4.69204523259, 
resistor:  1


65.4211071429 153.362664519, 2.34423829276, 0.500110594887, 4.69205181147, 
resistor:  1


65.5222380952 153.601695714, 2.34426814742, 0.500118374811, 4.69203617365, 
resistor:  1


65.6234166667 153.845265348, 2.34436536777, 0.50014044475, 4.69201846706, 
resistor:  1


65.7246309524 154.081903064, 2.34435554572, 0.500138586457, 4.69201140977, 
resistor:  1


65.8260357143 154.328024515, 2.34448304293, 0.500168532876, 4.69198218233, 
resistor:  1


65.9275357143 154.576173964, 2.34463752192, 0.50020282961, 4.69196528738, 
resistor:  1


66.02875 154.813925229, 2.34464419255, 0.500203546229, 4.69196682668, 
resistor:  1


66.1299047619 155.057293971, 2.34473789929, 0.50022426416, 4.69195527141, 
resistor:  1


66.2310833333 155.302396356, 2.34485665249, 0.500250190117, 4.69194511399, 
resistor:  1


66.3324047619 155.547909988, 2.34497619295, 0.500276350971, 4.69193474141, 
resistor:  1


66.4338571429 155.794754212, 2.34511077502, 0.500306261071, 4.69191933318, 
resistor:  1


66.5350833333 156.037476622, 2.34519097001, 0.500323595536, 4.69191153974, 
resistor:  1


66.6362619048 156.279355526, 2.34525993894, 0.500338130722, 4.69190800323, 
resistor:  1


66.7374166667 156.522364602, 2.34534647009, 0.500356910524, 4.6918997228, 
resistor:  1


66.838797619 156.769993486, 2.34549392075, 0.500389715848, 4.69188153085, 
resistor:  1


66.9402261905 157.009747454, 2.34552161517, 0.500396247801, 4.69187118797, 
resistor:  1


67.0414166667 157.255500457, 2.34564703845, 0.500425547848, 4.69184291778, 
resistor:  1


67.1425833333 157.495219071, 2.34568304126, 0.500433267347, 4.69183872515, 
resistor:  1


67.2438452381 157.739666706, 2.34578593992, 0.500457245158, 4.69181659438, 
resistor:  1


67.3449642857 157.98136394, 2.34585266495, 0.500471810197, 4.69180866496, 
resistor:  1


67.4461904762 158.218033466, 2.34584091924, 0.500469094776, 4.69180613872, 
resistor:  1


67.5473690476 158.467653874, 2.34602259286, 0.50051082189, 4.69177480707, 
resistor:  1


67.648547619 158.715355512, 2.34617535924, 0.500546277257, 4.69174400222, 
resistor:  1


67.7537857143 158.963123553, 2.34618806723, 0.500548387861, 4.69174533144, 
resistor:  1


67.855297619 159.203649746, 2.34622284968, 0.500556408291, 4.69173532076, 
resistor:  1


67.9567380952 159.451010723, 2.34636056986, 0.500586623257, 4.69172404648, 
resistor:  1


68.0582380952 159.690669715, 2.34638265968, 0.500590213411, 4.69173164457, 
resistor:  1


68.15975 159.935686584, 2.34648288152, 0.500612052998, 4.69172302071, 
resistor:  1


68.2610714286 160.177977052, 2.34654941242, 0.500626193553, 4.69171867658, 
resistor:  1


68.3625119048 160.426804052, 2.3467072754, 0.500661384157, 4.69170006823, 
resistor:  1


68.4639642857 160.671650004, 2.34680611444, 0.500683345609, 4.69168713428, 
resistor:  1


68.5652857143 160.91333672, 2.34686306698, 0.500695041665, 4.69168663197, 
resistor:  1


68.6666071429 161.159223173, 2.34698101274, 0.500721263784, 4.69167295719, 
resistor:  1


68.7679880952 161.407721905, 2.34713456619, 0.500755033763, 4.69165874549, 
resistor:  1


68.8695119048 161.649115869, 2.34717963578, 0.50076448646, 4.6916579326, 
resistor:  1


68.9709285714 161.891019743, 2.34723561211, 0.50077678894, 4.69165136204, 
resistor:  1


69.0722142857 162.132419462, 2.34728857527, 0.500789160723, 4.69163654975, 
resistor:  1


69.1733690476 162.375985092, 2.34737713845, 0.500809387989, 4.69161948621, 
resistor:  1


69.2746904762 162.619080944, 2.34745301388, 0.500827629382, 4.69159610214, 
resistor:  1


69.3760952381 162.864482902, 2.34755908852, 0.500852116216, 4.69157464459, 
resistor:  1


69.4774285714 163.105727049, 2.34760742305, 0.500863326192, 4.69156205058, 
resistor:  1


69.5786904762 163.34556938, 2.34763787967, 0.500870381886, 4.69155312444, 
resistor:  1


69.6799166667 163.587345991, 2.34769721057, 0.500884462571, 4.69153609493, 
resistor:  1


69.7812142857 163.830256988, 2.34777022247, 0.500901429962, 4.69151969225, 
resistor:  1


69.8823809524 164.074848285, 2.34787146702, 0.50092442511, 4.69150253535, 
resistor:  1


69.9834761905 164.325467079, 2.34806094273, 0.500966800998, 4.69148075198, 
resistor:  1


70.0846071429 164.571141768, 2.34817813037, 0.500992242189, 4.69147217299, 
resistor:  1


70.1859761905 164.816822054, 2.3482870938, 0.50101602483, 4.69146317494, 
resistor:  1


70.2871309524 165.057854612, 2.34833677767, 0.501026430393, 4.69146069565, 
resistor:  1


70.3882857143 165.304597221, 2.3484674409, 0.501055290577, 4.69144750893, 
resistor:  1


70.4895119048 165.549554604, 2.34857002312, 0.50107743796, 4.69144137025, 
resistor:  1


70.5906904762 165.784244599, 2.34852844589, 0.501066698388, 4.69145526943, 
resistor:  1


70.6918928571 166.024144989, 2.3485599024, 0.501072777173, 4.69145795094, 
resistor:  1


70.7932380952 166.268752552, 2.34865302147, 0.501093556738, 4.69144482718, 
resistor:  1


70.8947857143 166.511344792, 2.34871074247, 0.501105881095, 4.69144039088, 
resistor:  1


70.9960357143 166.756262242, 2.34881089577, 0.501129072253, 4.6914197001, 
resistor:  1


71.0971428571 166.995567223, 2.34883654268, 0.501134678384, 4.69141410799, 
resistor:  1


71.1985952381 167.241058235, 2.34893761142, 0.501158275877, 4.6913910359, 
resistor:  1


71.2997857143 167.487705197, 2.34906323376, 0.501187215452, 4.69136699049, 
resistor:  1


71.400952381 167.733041405, 2.34917092576, 0.501212444235, 4.69134195406, 
resistor:  1


71.5020119048 167.976146201, 2.34925062563, 0.501231100743, 4.69132248489, 
resistor:  1


71.6032380952 168.21893254, 2.3493201846, 0.501247400699, 4.69130483531, 
resistor:  1


71.7045238095 168.4630811, 2.34940659458, 0.501267106535, 4.6912888716, 
resistor:  1


71.806 168.705892225, 2.34946790275, 0.501281244115, 4.69127533871, 
resistor:  1


71.9073452381 168.946430637, 2.34950171053, 0.50128807308, 4.69127501458, 
resistor:  1


72.0085833333 169.191224564, 2.34959801641, 0.501309138829, 4.69126597992, 
resistor:  1


72.1097380952 169.43284161, 2.34965271107, 0.501320044268, 4.69126949522, 
resistor:  1


72.2110357143 169.680431408, 2.34978531646, 0.501349593901, 4.69125527954, 
resistor:  1


72.3125952381 169.921666716, 2.34982116403, 0.501356285529, 4.69126066742, 
resistor:  1


72.4140595238 170.166449744, 2.34990899368, 0.501375105663, 4.69125557533, 
resistor:  1


72.5153333333 170.415158075, 2.35005688096, 0.501408354453, 4.6912371041, 
resistor:  1


72.6165 170.657138986, 2.35011518025, 0.50142043591, 4.69123685457, 
resistor:  1


72.7176785714 170.891893035, 2.35007355009, 0.5014092137, 4.69125592491, 
resistor:  1


72.8188333333 171.12852962, 2.35005865635, 0.501404783223, 4.69126522229, 
resistor:  1


72.920202381 171.365297771, 2.35003870225, 0.501399305809, 4.69127275902, 
resistor:  1


73.021547619 171.605731419, 2.35006976728, 0.501406849393, 4.69126102091, 
resistor:  1


73.1227738095 171.826839592, 2.34984028423, 0.501353921935, 4.69129986409, 
resistor:  1


73.2239761905 172.048798326, 2.34962381554, 0.501304487942, 4.69132984823, 
resistor:  1


73.3251071429 172.269243528, 2.34938959164, 0.501250419696, 4.69136926639, 
resistor:  1


73.4262142857 172.497544101, 2.3492637579, 0.501222009367, 4.69138341832, 
resistor:  1


73.5272380952 172.747471823, 2.34943507057, 0.501260955009, 4.69135738699, 
resistor:  1


73.628547619 172.985074633, 2.34942940242, 0.501259051579, 4.69136065891, 
resistor:  1


73.7298333333 173.227728332, 2.34949301389, 0.501273418653, 4.69134914765, 
resistor:  1


73.8311904762 173.476852621, 2.34964181808, 0.501307546111, 4.69132347952, 
resistor:  1


73.9326785714 173.720749484, 2.349715347, 0.501322884736, 4.6913220422, 
resistor:  1


74.0340714286 173.967329324, 2.34982793688, 0.501347894757, 4.69130909848, 
resistor:  1


74.135452381 174.20927719, 2.34987811628, 0.501357862388, 4.69131321129, 
resistor:  1


74.2368452381 174.449840104, 2.34990912592, 0.501364211174, 4.69131171846, 
resistor:  1


74.3381190476 174.693698529, 2.34998814562, 0.501381049682, 4.69130821532, 
resistor:  1


74.4393690476 174.938302716, 2.35007772036, 0.501400743189, 4.69129994156, 
resistor:  1


74.5406309524 175.181629489, 2.35014953926, 0.501416127218, 4.69129559996, 
resistor:  1


74.641952381 175.432210132, 2.35031647131, 0.501453801155, 4.69127302299, 
resistor:  1


74.743202381 175.678468806, 2.35042737279, 0.501478256941, 4.69126130726, 
resistor:  1


74.8444642857 175.923603632, 2.35052258455, 0.501499410086, 4.69124935515, 
resistor:  1


74.9456785714 176.16546714, 2.35057538337, 0.501511221742, 4.6912411332, 
resistor:  1


75.0470952381 176.407368921, 2.35062221078, 0.501522498751, 4.69122587049, 
resistor:  1


75.1483809524 176.648806232, 2.35066682733, 0.501532716291, 4.69121639233, 
resistor:  1


75.2503095238 176.89048051, 2.35069439089, 0.501539277652, 4.691205566, 
resistor:  1


75.3516785714 177.135732731, 2.35078681841, 0.501560591631, 4.69118775815, 
resistor:  1


75.453 177.37619562, 2.35081700688, 0.501567424358, 4.69117989929, 
resistor:  1


75.5542142857 177.622143499, 2.35092304484, 0.50159198312, 4.69115887735, 
resistor:  1


75.6558452381 177.87061928, 2.35104926421, 0.501620913352, 4.69113582889, 
resistor:  1


75.7571428571 178.11415585, 2.3511202922, 0.501637105517, 4.69112218596, 
resistor:  1


75.8615357143 178.363115922, 2.35116669129, 0.501647906341, 4.69111095327, 
resistor:  1


75.9629761905 178.606825991, 2.35123523258, 0.501662424452, 4.69110742897, 
resistor:  1


76.0642857143 178.849320418, 2.35129165729, 0.501674563275, 4.69110298488, 
resistor:  1


76.1656071429 179.090794491, 2.35133416787, 0.501682431709, 4.69110858082, 
resistor:  1


76.2668571429 179.334296085, 2.35140535225, 0.501698352922, 4.69109777351, 
resistor:  1


76.3680357143 179.583357271, 2.35155134725, 0.501730701274, 4.6910827034, 
resistor:  1


76.4692142857 179.82630372, 2.35161699253, 0.501744979535, 4.69107713635, 
resistor:  1


76.5703928571 180.071966866, 2.35171794406, 0.50176743382, 4.69106525951, 
resistor:  1


76.6715833333 180.313121118, 2.35175945609, 0.501776476521, 4.69106074039, 
resistor:  1


76.772952381 180.55608901, 2.35181901192, 0.501789631454, 4.69105316004, 
resistor:  1


76.8744166667 180.805183324, 2.35195519087, 0.501820816647, 4.69103070923, 
resistor:  1


76.9757142857 181.052068808, 2.35206740837, 0.501846820273, 4.69100798855, 
resistor:  1


77.077 181.303239552, 2.35223529136, 0.501885686785, 4.69097748385, 
resistor:  1


77.1784761905 181.545983731, 2.35228774514, 0.501897150351, 4.69096986529, 
resistor:  1


77.2799166667 181.783954113, 2.35227937547, 0.501895613399, 4.69096436196, 
resistor:  1


77.3812380952 182.02703193, 2.35234065015, 0.501910517961, 4.69094502078, 
resistor:  1


77.4827857143 182.273351581, 2.35243673677, 0.501932842377, 4.69092533938, 
resistor:  1


77.5844285714 182.510253521, 2.35240829741, 0.501926516423, 4.69092613912, 
resistor:  1


77.686047619 182.753810106, 2.35246631418, 0.501940271966, 4.69091003526, 
resistor:  1


77.7876190476 182.993078033, 2.35247048661, 0.501941221885, 4.69090626523, 
resistor:  1


77.8891904762 183.232173023, 2.35247242786, 0.501940781836, 4.69091105226, 
resistor:  1


77.9907380952 183.474193801, 2.35251259678, 0.501949711068, 4.69090525188, 
resistor:  1


78.0921666667 183.737543146, 2.35282936802, 0.50202241735, 4.69085774954, 
resistor:  1


78.1938809524 184.001546826, 2.35314508738, 0.50209527919, 4.69080696424, 
resistor:  1


78.2955238095 184.269061033, 2.35350697036, 0.502178974636, 4.69074859271, 
resistor:  1


78.3970357143 184.531538515, 2.35380760043, 0.502248538541, 4.69069845143, 
resistor:  1


78.4984761905 184.79143427, 2.35407670617, 0.502310163877, 4.69065833752, 
resistor:  1


78.599797619 185.051865526, 2.35435549622, 0.502374580192, 4.69061257069, 
resistor:  1


78.7010714286 185.310646535, 2.35461402458, 0.50243376731, 4.69057425188, 
resistor:  1


78.8022380952 185.571685914, 2.35490374892, 0.502500492091, 4.69052861697, 
resistor:  1


78.9034047619 185.826972357, 2.3551198192, 0.502550735068, 4.6904888907, 
resistor:  1


79.0045833333 186.079724106, 2.35530289833, 0.502593549393, 4.69045241951, 
resistor:  1


79.1057142857 186.330698202, 2.35546445518, 0.502631196641, 4.69042069922, 
resistor:  1


79.2068214286 186.584299127, 2.35565947177, 0.502676738028, 4.69038256898, 
resistor:  1


79.3080357143 186.836872853, 2.35583785641, 0.502718284023, 4.69034888454, 
resistor:  1


79.4092738095 187.088002988, 2.35599690077, 0.502756002815, 4.69031177033, 
resistor:  1


79.5104642857 187.344686216, 2.35622679227, 0.502809776714, 4.69026673159, 
resistor:  1


79.6118452381 187.603177754, 2.35647317549, 0.502867343151, 4.6902194518, 
resistor:  1


79.7134166667 187.859913146, 2.35669126983, 0.502918268274, 4.6901772289, 
resistor:  1


79.8149761905 188.117334016, 2.35691774896, 0.502971610908, 4.69013110811, 
resistor:  1


79.9164404762 188.375206457, 2.35715211207, 0.503025222306, 4.69009435429, 
resistor:  1


80.0178333333 188.632294538, 2.35737818284, 0.503077173122, 4.69005798299, 
resistor:  1


80.1189642857 188.88104516, 2.35750732481, 0.503105919487, 4.69004415481, 
resistor:  1


80.2201309524 189.123406789, 2.35755544828, 0.503115882777, 4.69004336713, 
resistor:  1


80.3215238095 189.367996417, 2.35762454988, 0.503130485302, 4.69003959423, 
resistor:  1


80.4229166667 189.616345788, 2.35774022688, 0.503156826785, 4.69002094524, 
resistor:  1


80.5243809524 189.866234499, 2.3578726375, 0.503185936692, 4.69000934313, 
resistor:  1


80.6258928571 190.122561243, 2.35808317286, 0.503234647353, 4.68997250299, 
resistor:  1


80.7271071429 190.377306129, 2.358282278, 0.503279655803, 4.68994646067, 
resistor:  1


80.8283809524 190.628414194, 2.35843415329, 0.503314392702, 4.68992215794, 
resistor:  1


80.9296190476 190.884204288, 2.35864454244, 0.503363061854, 4.68988527259, 
resistor:  1


81.0309404762 191.136525286, 2.35880916798, 0.503402163761, 4.68984712655, 
resistor:  1


81.1322738095 191.38481619, 2.35892336309, 0.503428557424, 4.68982497997, 
resistor:  1


81.2335595238 191.641013236, 2.35913598221, 0.503479012881, 4.68977693587, 
resistor:  1


81.334952381 191.885243868, 2.3591978387, 0.50349335796, 4.68976428797, 
resistor:  1


81.4364880952 192.125546061, 2.35920716321, 0.503495851432, 4.68975643174, 
resistor:  1


81.5380595238 192.366234208, 2.35922016456, 0.503498984933, 4.68974985252, 
resistor:  1


81.6396666667 192.608909326, 2.35925643979, 0.50350821192, 4.68973223293, 
resistor:  1


81.7410833333 192.844858929, 2.35921584428, 0.503498907248, 4.68973548788, 
resistor:  1


81.8425 193.088234552, 2.35926608488, 0.503510940198, 4.68972114689, 
resistor:  1


81.9439880952 193.329043262, 2.35928281935, 0.503514072654, 4.68972207486, 
resistor:  1


82.045202381 193.574223329, 2.35936066597, 0.503531413159, 4.68971228252, 
resistor:  1


82.1464047619 193.81965153, 2.35944168331, 0.503549303799, 4.6897041675, 
resistor:  1


82.2475833333 194.058158846, 2.35943903737, 0.503548510694, 4.68970336148, 
resistor:  1


82.348797619 194.310435217, 2.35960257873, 0.503585257546, 4.68968386734, 
resistor:  1


82.449952381 194.555033053, 2.35967429252, 0.503600978907, 4.68967632045, 
resistor:  1


82.5511309524 194.795474102, 2.35969479588, 0.503604744832, 4.68967945852, 
resistor:  1


82.6524761905 195.041610932, 2.35977940312, 0.503623429355, 4.68967087366, 
resistor:  1


82.754047619 195.280797992, 2.35977337194, 0.503621358043, 4.6896755151, 
resistor:  1


82.8554880952 195.520516255, 2.35977749633, 0.503622265552, 4.6896747593, 
resistor:  1


82.9567619048 195.762424622, 2.35981275217, 0.503630921973, 4.68966133912, 
resistor:  1


83.0579761905 196.021379074, 2.3600548444, 0.50368761196, 4.68961485807, 
resistor:  1


83.1591547619 196.281885539, 2.36031602415, 0.503749035378, 4.68956340328, 
resistor:  1


83.2603452381 196.531385512, 2.36044403791, 0.50377893154, 4.68953673981, 
resistor:  1


83.361547619 196.780985092, 2.36057259867, 0.503808827474, 4.68951168672, 
resistor:  1


83.4629166667 197.027078339, 2.3606541229, 0.503828034293, 4.68949202963, 
resistor:  1


83.5643333333 197.272982437, 2.36073184058, 0.503846386018, 4.68947275175, 
resistor:  1


83.665797619 197.513514188, 2.36074381419, 0.50384940476, 4.68946441547, 
resistor:  1


83.7671785714 197.757719383, 2.36080196033, 0.503863096205, 4.68944915606, 
resistor:  1


83.8684761905 197.997118471, 2.36080500641, 0.503863611341, 4.68944873723, 
resistor:  1


83.9697619048 198.244019414, 2.36089771981, 0.503884225404, 4.68943749015, 
resistor:  1


84.0709404762 198.487823362, 2.36095638086, 0.503897168455, 4.68943155227, 
resistor:  1


84.1721309524 198.726265348, 2.36095086461, 0.503895354466, 4.68943387036, 
resistor:  1


84.273452381 198.971154293, 2.36101819342, 0.503910668636, 4.68942230838, 
resistor:  1


84.3748214286 199.216825341, 2.36109329736, 0.503927365906, 4.68941347414, 
resistor:  1


84.476 199.454541576, 2.36107937848, 0.503923253951, 4.68942093655, 
resistor:  1


84.5771785714 199.691769916, 2.36105972425, 0.503918224985, 4.68942607631, 
resistor:  1


84.6783333333 199.933267068, 2.36109119296, 0.503925065294, 4.68942292781, 
resistor:  1


84.7795119048 200.175256763, 2.36112773317, 0.503932859614, 4.68942079296, 
resistor:  1


84.8807142857 200.418767433, 2.36118144292, 0.503945187669, 4.68941117488, 
resistor:  1


84.9819047619 200.664827062, 2.36126534966, 0.503964734253, 4.68939207432, 
resistor:  1


85.0830952381 200.910884376, 2.3613490296, 0.503984222906, 4.68937435942, 
resistor:  1


85.1845119048 201.149659197, 2.36134074962, 0.503982714793, 4.68936826081, 
resistor:  1


85.2858690476 201.398889797, 2.36145673423, 0.504009892742, 4.68934344956, 
resistor:  1


85.3873690476 201.63673801, 2.36143518953, 0.504005106452, 4.68934122291, 
resistor:  1


85.4886309524 201.879759901, 2.36148079168, 0.504015705882, 4.68933063503, 
resistor:  1


85.589952381 202.129154245, 2.36159909688, 0.504043311608, 4.68930700043, 
resistor:  1


85.6913809524 202.373730517, 2.36165794352, 0.504056705936, 4.68929601155, 
resistor:  1


85.7929642857 202.616735725, 2.36169407844, 0.504065278992, 4.68928482429, 
resistor:  1


85.8944047619 202.861781699, 2.36175781486, 0.504079757058, 4.68927515216, 
resistor:  1


85.9958452381 203.105015898, 2.36180033275, 0.504089206468, 4.68926773592, 
resistor:  1


86.0971666667 203.351884559, 2.36188822969, 0.504108829221, 4.68925692102, 
resistor:  1


86.1986071429 203.595969258, 2.36194036083, 0.5041201554, 4.68925216578, 
resistor:  1


86.300047619 203.831540924, 2.36189372483, 0.504108909655, 4.68926283757, 
resistor:  1


86.4013690476 204.073895893, 2.3619289618, 0.504116458206, 4.68925957934, 
resistor:  1


86.5026547619 204.312639353, 2.36192334114, 0.504114275136, 4.68926587825, 
resistor:  1


86.6038452381 204.553833577, 2.36194862959, 0.504119810403, 4.68926137143, 
resistor:  1


86.7050833333 204.802788661, 2.3620620705, 0.5041450783, 4.68924920344, 
resistor:  1


86.8062857143 205.043607367, 2.36208248838, 0.504149399227, 4.68924625812, 
resistor:  1


86.9075 205.28323259, 2.36208880234, 0.504150922648, 4.68924099662, 
resistor:  1


87.0087380952 205.528041625, 2.36215403331, 0.504166497411, 4.68922365452, 
resistor:  1


87.1099047619 205.775214252, 2.36224818308, 0.504188104149, 4.6892076161, 
resistor:  1


87.2110952381 206.009676999, 2.36219573251, 0.50417646841, 4.6892080787, 
resistor:  1


87.312452381 206.252649661, 2.36223635961, 0.504186218947, 4.6891954788, 
resistor:  1


87.414202381 206.495850745, 2.36226888904, 0.504194343394, 4.68918089444, 
resistor:  1


87.5154761905 206.738702507, 2.36231020508, 0.504203654509, 4.68917357178, 
resistor:  1


87.6200714286 206.989706293, 2.36235491387, 0.504214812506, 4.68915541431, 
resistor:  1


87.7217142857 207.241458826, 2.36248756096, 0.504245692827, 4.68912949292, 
resistor:  1


87.8232619048 207.486019458, 2.36254057248, 0.504258492275, 4.68911241102, 
resistor:  1


87.9247857143 207.728502078, 2.36257046737, 0.50426463753, 4.68911173328, 
resistor:  1


88.0262857143 207.971713179, 2.36260920805, 0.504273412485, 4.68910568806, 
resistor:  1


88.1275357143 208.20417855, 2.362532628, 0.504254903136, 4.68912384057, 
resistor:  1


88.228952381 208.449004644, 2.36259185923, 0.504268176517, 4.6891155944, 
resistor:  1


88.3303095238 208.692530512, 2.36263782655, 0.504278120304, 4.68911236646, 
resistor:  1


88.4316904762 208.940677349, 2.36273530704, 0.504300156492, 4.68909912819, 
resistor:  1


88.5328690476 209.181049226, 2.36275014553, 0.504302486127, 4.68910431861, 
resistor:  1


88.6340714286 209.423625364, 2.36278918466, 0.504311049019, 4.68909946807, 
resistor:  1


88.7352142857 209.662034004, 2.3627827542, 0.504308492056, 4.68910701524, 
resistor:  1


88.8365595238 209.913656618, 2.36291970043, 0.504340105336, 4.68908312824, 
resistor:  1


88.9380952381 210.154845175, 2.36293395549, 0.504343488173, 4.68907695955, 
resistor:  1


89.039547619 210.389858156, 2.36288103188, 0.50433174703, 4.68907834751, 
resistor:  1


89.1408333333 210.632775017, 2.36292131384, 0.504341635665, 4.68906629392, 
resistor:  1


89.2419047619 210.880763425, 2.36302400747, 0.50436548158, 4.68904537193, 
resistor:  1


89.342952381 211.120018322, 2.36302934586, 0.504366917065, 4.68904008419, 
resistor:  1


89.4440833333 211.361742281, 2.36306007512, 0.504374227628, 4.68903065709, 
resistor:  1


89.5452619048 211.598784428, 2.36303719401, 0.504369000869, 4.68903141897, 
resistor:  1


89.6466785714 211.841567197, 2.36307212462, 0.504377409532, 4.6890204747, 
resistor:  1


89.7480357143 212.078791681, 2.36304661147, 0.504371558795, 4.68902301811, 
resistor:  1


89.8494047619 212.317528474, 2.36303767439, 0.504369682866, 4.6890200039, 
resistor:  1


89.9506428571 212.561559393, 2.3630910535, 0.504381411417, 4.68901424208, 
resistor:  1


90.05175 212.809192552, 2.36318775096, 0.504403117699, 4.68900179508, 
resistor:  1


90.1529761905 213.046906813, 2.36317108781, 0.504398604008, 4.68900777421, 
resistor:  1


90.2543214286 213.292617711, 2.36323994613, 0.504413961131, 4.68899949827, 
resistor:  1


90.3558333333 213.538418337, 2.36330528378, 0.5044283747, 4.68899221897, 
resistor:  1


90.4573333333 213.778649038, 2.36330921066, 0.50442860612, 4.68899532251, 
resistor:  1


90.5587261905 214.018488254, 2.36331160184, 0.504428232171, 4.68900115436, 
resistor:  1


90.659952381 214.257049591, 2.36330423703, 0.504425742414, 4.68900681052, 
resistor:  1


90.7611190476 214.496501712, 2.36330825317, 0.504426039087, 4.68900970383, 
resistor:  1


90.862297619 214.738697239, 2.36334214372, 0.504433638491, 4.68900377928, 
resistor:  1


90.9634880952 214.977518556, 2.36333855547, 0.504432965808, 4.68899991308, 
resistor:  1


91.0646547619 215.219254344, 2.36336759753, 0.504439957321, 4.68898966522, 
resistor:  1


91.1657857143 215.462085326, 2.36340951419, 0.504449547089, 4.68898060886, 
resistor:  1


91.2669047619 215.705916285, 2.36346260287, 0.504461457427, 4.68897205694, 
resistor:  1


91.3679166667 215.946633916, 2.36348427101, 0.504466719478, 4.68896337755, 
resistor:  1


91.469047619 216.176417244, 2.36338327413, 0.504443915985, 4.68897493945, 
resistor:  1


91.5701666667 216.410468241, 2.36332941305, 0.504431459673, 4.68898100372, 
resistor:  1


91.6715119048 216.651581108, 2.36334687414, 0.504435723079, 4.68897355511, 
resistor:  1


91.773047619 216.88582707, 2.36328456662, 0.50442142601, 4.6889806252, 
resistor:  1


91.8745714286 217.125332258, 2.36327994658, 0.504419747217, 4.6889835908, 
resistor:  1


92.1256904762 217.72418694, 2.36333845439, 0.50443130414, 4.68898522969, 
resistor:  1


92.2270595238 217.961198461, 2.36331072015, 0.504424192503, 4.68899432395, 
resistor:  1


92.3282619048 218.202835919, 2.36333741605, 0.504429520588, 4.68899413241, 
resistor:  1


92.4293928571 218.445828431, 2.36338054031, 0.504438892264, 4.68898943155, 
resistor:  1


92.5306071429 218.681728885, 2.36334479625, 0.504429974623, 4.68899931631, 
resistor:  1


92.6318571429 218.914016533, 2.36326921736, 0.50441210093, 4.68901334031, 
resistor:  1


92.733 219.154908898, 2.36328932417, 0.50441681585, 4.68900707193, 
resistor:  1


92.8341785714 219.39502504, 2.36330011657, 0.504419931086, 4.68899758998, 
resistor:  1


92.9354404762 219.636681179, 2.36332533696, 0.504426850915, 4.68898059125, 
resistor:  1


93.036797619 219.883293303, 2.36340135226, 0.504445633677, 4.68895472979, 
resistor:  1


93.1382619048 220.133286546, 2.36351078541, 0.504472110886, 4.6889251255, 
resistor:  1


93.24075 220.389142142, 2.36365690046, 0.504507427651, 4.68888690495, 
resistor:  1


93.34225 220.645073033, 2.36382852388, 0.504548454546, 4.68884599387, 
resistor:  1


93.4435714286 220.907025209, 2.36406872974, 0.504606330413, 4.6887869748, 
resistor:  1


93.5448809524 221.169751743, 2.36431699406, 0.504665776901, 4.68872918864, 
resistor:  1


93.6463809524 221.42534416, 2.36448373026, 0.504705508173, 4.68869098991, 
resistor:  1


93.74775 221.682303057, 2.36466798464, 0.504749330204, 4.68864886277, 
resistor:  1


93.8489166667 221.933551477, 2.36479609312, 0.504779321298, 4.6886229019, 
resistor:  1


93.9500833333 222.186692451, 2.36494406996, 0.504813834961, 4.68859445047, 
resistor:  1


94.0514880952 222.445200007, 2.36514280116, 0.504860441041, 4.68855579239, 
resistor:  1


94.1529285714 222.698110863, 2.36528076441, 0.50489227529, 4.68853252566, 
resistor:  1


94.25425 222.939348971, 2.36529757514, 0.504896328996, 4.68852610468, 
resistor:  1


94.3555833333 223.1714946, 2.36521768735, 0.504878083363, 4.68853560916, 
resistor:  1


94.4568452381 223.399447216, 2.36509536871, 0.504849915936, 4.68855447869, 
resistor:  1


94.5580357143 223.629974971, 2.36500233197, 0.504829028743, 4.68856256824, 
resistor:  1


94.6593809524 223.871620877, 2.36502308197, 0.504834501924, 4.68854994696, 
resistor:  1


94.76075 224.099729594, 2.36490033684, 0.504806439401, 4.68856566565, 
resistor:  1


94.862202381 224.317914842, 2.36467116735, 0.504754118992, 4.68859868176, 
resistor:  1


94.9636904762 224.545389312, 2.36453941697, 0.50472472531, 4.68860913111, 
resistor:  1


95.065047619 224.761816558, 2.36429499787, 0.504669383415, 4.68864018243, 
resistor:  1


95.1663333333 224.98263639, 2.36409903072, 0.504625174669, 4.68866329286, 
resistor:  1


95.2675238095 225.195374689, 2.36382101354, 0.504562169367, 4.68870056854, 
resistor:  1


95.3686428571 225.404839973, 2.36351103696, 0.504491901405, 4.68874220338, 
resistor:  1


95.4698333333 225.613683785, 2.36319343931, 0.504419627643, 4.68878800762, 
resistor:  1


95.5710595238 225.825954936, 2.36291149288, 0.50435563934, 4.68882657551, 
resistor:  1


95.6724166667 226.047748696, 2.36272644271, 0.50431370534, 4.68884981449, 
resistor:  1


95.7737738095 226.262292533, 2.36246608579, 0.504254504687, 4.68888539584, 
resistor:  1


95.874952381 226.472675009, 2.36216727502, 0.504186111379, 4.68893262172, 
resistor:  1


95.9762738095 226.685918863, 2.36189539211, 0.50412399511, 4.68897453838, 
resistor:  1


96.0776309524 226.900216805, 2.36163417598, 0.504063868338, 4.68901752971, 
resistor:  1


96.1788809524 227.110050564, 2.36132972556, 0.503993898686, 4.68906841761, 
resistor:  1


96.2802619048 227.320445788, 2.36102853576, 0.503924769948, 4.689118343, 
resistor:  1


96.3816785714 227.533850221, 2.36075832662, 0.50386298131, 4.68915986444, 
resistor:  1


96.4828571429 227.741177166, 2.36043152027, 0.503787869342, 4.68921505373, 
resistor:  1


96.5840119048 227.949386225, 2.36011511357, 0.503715691616, 4.68926336518, 
resistor:  1


96.6853571429 228.167406944, 2.35989620028, 0.503665373, 4.68929922151, 
resistor:  1


96.7867857143 228.379409564, 2.35961353483, 0.503600229476, 4.689347528, 
resistor:  1


96.8879880952 228.586783034, 2.35928919083, 0.503526510877, 4.68939395745, 
resistor:  1


96.989202381 228.793220413, 2.35895558265, 0.503451279364, 4.68943573628, 
resistor:  1


97.090297619 229.001276846, 2.35864223781, 0.503380346346, 4.68947649412, 
resistor:  1


97.1913333333 229.204124857, 2.35827739981, 0.503298293925, 4.68952077719, 
resistor:  1


97.2924166667 229.405750838, 2.35789960511, 0.503212772522, 4.68957250734, 
resistor:  1


97.3934761905 229.612056656, 2.35757122178, 0.503139197154, 4.68960832989, 
resistor:  1


97.4945595238 229.817528114, 2.35723438556, 0.503063346861, 4.68964877668, 
resistor:  1


97.5956666667 230.020208617, 2.35686907496, 0.502981638866, 4.6896875152, 
resistor:  1


97.6968214286 230.226265586, 2.35653793255, 0.502907294446, 4.68972692928, 
resistor:  1


97.7980714286 230.408364807, 2.35596020904, 0.502777653934, 4.68980329949, 
resistor:  1


97.8995 230.588798215, 2.35536236871, 0.50264318126, 4.68988685143, 
resistor:  1


98.00075 230.768069889, 2.35475820225, 0.502507126517, 4.68997380019, 
resistor:  1


98.1019404762 230.949499955, 2.35417871282, 0.50237645628, 4.69005839258, 
resistor:  1


98.2031190476 231.129321803, 2.35358432649, 0.502243029824, 4.69013824083, 
resistor:  1


98.3042857143 231.318724348, 2.35308890825, 0.502130956289, 4.69021203787, 
resistor:  1


98.4054880952 231.498178093, 2.35249255477, 0.501996722594, 4.69029696081, 
resistor:  1


98.5066904762 231.674961929, 2.35187032281, 0.501856895043, 4.69038343954, 
resistor:  1


98.6079166667 231.849045297, 2.35122141441, 0.501711270719, 4.69047725237, 
resistor:  1


98.7090714286 232.020285438, 2.35054673375, 0.501559983735, 4.69057295491, 
resistor:  1


98.8102857143 232.177101966, 2.34972604611, 0.501376431263, 4.69069184415, 
resistor:  1


98.9118214286 232.340068, 2.34896157653, 0.5012058591, 4.69079435502, 
resistor:  1


99.0132738095 232.495693362, 2.34812651291, 0.501019721445, 4.69090755548, 
resistor:  1


99.1145119048 232.651700677, 2.34730208732, 0.500835700191, 4.69102128115, 
resistor:  1


99.2156071429 232.807338796, 2.34647900164, 0.50065194634, 4.69113598747, 
resistor:  1


99.3168690476 232.962854175, 2.34565241946, 0.500467308201, 4.69125323068, 
resistor:  1


99.4183214286 233.119815483, 2.34483757253, 0.500285390642, 4.6913660234, 
resistor:  1


99.5195357143 233.275643674, 2.344018609, 0.500102622914, 4.69147975327, 
resistor:  1


99.6207857143 233.432139271, 2.34320716904, 0.499921466069, 4.6915925226, 
resistor:  1


99.722 233.604420146, 2.34255650856, 0.499776077481, 4.69167715798, 
resistor:  1


99.823202381 233.760094231, 2.34174108479, 0.499593755041, 4.69179520438, 
resistor:  1


99.9244404762 233.916208799, 2.34093088422, 0.499412267733, 4.69191769433, 
resistor:  1


100.025619048 234.073703933, 2.34013751839, 0.499234632789, 4.6920348099, 
resistor:  1


100.126821429 234.23028333, 2.3393360539, 0.499055110885, 4.69215483224, 
resistor:  1


100.228059524 234.385837814, 2.33852514883, 0.498873758883, 4.69227295289, 
resistor:  1


100.32927381 234.543087981, 2.33773333619, 0.498696874127, 4.69238401448, 
resistor:  1


100.430440476 234.699290424, 2.33693379528, 0.498518284687, 4.69249671877, 
resistor:  1


100.531940476 234.855847205, 2.33613164226, 0.498338972721, 4.69261184316, 
resistor:  1


100.633583333 235.014021757, 2.33534386804, 0.49816264686, 4.69272754339, 
resistor:  1


100.735880952 235.185869279, 2.33467824032, 0.498013428015, 4.69282211383, 
resistor:  1


100.837392857 235.342267007, 2.33387893458, 0.497834929013, 4.6929343306, 
resistor:  1


100.938928571 235.501854351, 2.33311228566, 0.497664124135, 4.69303555543, 
resistor:  1


101.040559524 235.658646813, 2.33231731815, 0.497486687241, 4.69314506726, 
resistor:  1


101.141845238 235.81425303, 2.33152017817, 0.497309157927, 4.69325003942, 
resistor:  1


101.243059524 235.969847634, 2.3307261628, 0.497131744444, 4.693363353, 
resistor:  1


101.344678571 236.129409532, 2.32996357441, 0.496961772158, 4.69346411199, 
resistor:  1


101.446142857 236.285513551, 2.32917198127, 0.496785164764, 4.6935729925, 
resistor:  1


101.547380952 236.441059258, 2.3283816583, 0.496608876352, 4.69368131407, 
resistor:  1


101.648595238 236.604418643, 2.3276703243, 0.496450251408, 4.69377417344, 
resistor:  1


101.74972619 236.767588917, 2.32696045269, 0.496291740462, 4.69386981709, 
resistor:  1


101.850833333 236.922901448, 2.32617538506, 0.496116491093, 4.69397934706, 
resistor:  1


101.951988095 237.079194246, 2.32540040342, 0.495943375284, 4.69408849387, 
resistor:  1


102.053047619 237.234126799, 2.32461579869, 0.49576798887, 4.69420178999, 
resistor:  1


102.15422619 237.389992615, 2.32383917404, 0.495594251266, 4.69431506984, 
resistor:  1


102.255583333 237.546224078, 2.32306360528, 0.495420524165, 4.6944321788, 
resistor:  1


102.356952381 237.702762165, 2.32229229804, 0.495247886118, 4.69454598873, 
resistor:  1


102.45822619 237.858609748, 2.32151793557, 0.495074623196, 4.69465993567, 
resistor:  1


102.559392857 238.015239847, 2.32075515676, 0.494904143924, 4.69476851058, 
resistor:  1


102.660583333 238.184067815, 2.32011216068, 0.494760110644, 4.69485860793, 
resistor:  1


102.761630952 238.341415226, 2.31936193516, 0.494592252379, 4.69496736143, 
resistor:  1


102.86272619 238.496679982, 2.3185918633, 0.494420281021, 4.69507630485, 
resistor:  1


102.964178571 238.657672975, 2.31787089729, 0.494259647769, 4.69517010379, 
resistor:  1


103.065511905 238.812922737, 2.31709830304, 0.49408731514, 4.69527626675, 
resistor:  1


103.166642857 238.968175829, 2.31633180271, 0.493916474243, 4.69537904402, 
resistor:  1


103.26775 239.124258446, 2.31557537029, 0.493747625176, 4.69548423654, 
resistor:  1


103.368833333 239.280120216, 2.31481881434, 0.493578904838, 4.69558731671, 
resistor:  1


103.469952381 239.436538964, 2.31406832085, 0.493411382482, 4.69569111691, 
resistor:  1


103.571142857 239.592238458, 2.31331075286, 0.493242446889, 4.69579365861, 
resistor:  1


103.672404762 239.765193606, 2.31271951448, 0.493110464017, 4.6958693069, 
resistor:  1


103.77372619 239.921581816, 2.31196845891, 0.492942952205, 4.69597143582, 
resistor:  1


103.875238095 240.082675869, 2.31125993327, 0.492784386492, 4.69607415545, 
resistor:  1


103.976714286 240.239408855, 2.31051164201, 0.492617019173, 4.69618282497, 
resistor:  1


104.078035714 240.395795447, 2.30976491626, 0.492450030284, 4.69629086437, 
resistor:  1


104.179321429 240.551774294, 2.3090165207, 0.492282623098, 4.69640005672, 
resistor:  1


104.280666667 240.708181591, 2.30827236999, 0.49211589631, 4.69651262319, 
resistor:  1


104.381845238 240.864583092, 2.3075332932, 0.491950657374, 4.69661990987, 
resistor:  1


104.48327381 241.025968174, 2.30683782567, 0.491795144668, 4.69671712188, 
resistor:  1


104.584940476 241.182558316, 2.30609260968, 0.491628590378, 4.69682434737, 
resistor:  1


104.686321429 241.354828464, 2.30550491383, 0.491496854665, 4.69690636406, 
resistor:  1


104.787571429 241.511323839, 2.3047706951, 0.491332724634, 4.6970115565, 
resistor:  1


104.888952381 241.672980623, 2.30408422562, 0.491179736469, 4.69710129515, 
resistor:  1


104.990535714 241.829445642, 2.30334519199, 0.491014953436, 4.69720138033, 
resistor:  1


105.092071429 241.984827875, 2.30259832721, 0.490848490418, 4.697302216, 
resistor:  1


105.193380952 242.140759256, 2.30186307412, 0.490684602994, 4.69740149324, 
resistor:  1


105.29477381 242.296225187, 2.30112299425, 0.490519289271, 4.69750620798, 
resistor:  1


105.396107143 242.452273259, 2.30039116085, 0.490356080486, 4.69760578025, 
resistor:  1


105.497488095 242.610589024, 2.29968119056, 0.490197815892, 4.69770063389, 
resistor:  1


105.598988095 242.7687421, 2.29896845111, 0.490038799586, 4.69779779072, 
resistor:  1


105.700154762 242.936803314, 2.29835806638, 0.489902529302, 4.69787717729, 
resistor:  1


105.801309524 243.092298263, 2.29763033517, 0.489740117247, 4.69797815584, 
resistor:  1


105.902547619 243.248366148, 2.29690759681, 0.489578284431, 4.69808607705, 
resistor:  1


106.004083333 243.412400446, 2.29625494407, 0.489432519119, 4.69817566925, 
resistor:  1


106.10547619 243.568093296, 2.29552801647, 0.489270026133, 4.69828049224, 
resistor:  1


106.206607143 243.72402988, 2.29481043069, 0.489109485674, 4.69838547229, 
resistor:  1


106.30777381 243.880687122, 2.29410021847, 0.488950524134, 4.69849057878, 
resistor:  1


106.408904762 244.037022656, 2.29338910312, 0.488791378194, 4.69859459648, 
resistor:  1


106.51002381 244.1921253, 2.29266801909, 0.488630121124, 4.69869981302, 
