time, energy_1, power_1, avg_current_1, avg_voltage_1, 
resistor:  1


0.000547619047619 0.000801072779724, 1.46282855428, 0.320112941576, 4.67030400815, 
resistor:  1


0.10169047619 0.14856533455, 1.46095622831, 0.312439064878, 4.67661776461, 
resistor:  1


0.202761904762 0.297212897015, 1.46582217879, 0.313475272419, 4.67645372612, 
resistor:  1


0.303845238095 0.444718145222, 1.4636337499, 0.313151143699, 4.67423284192, 
resistor:  1


0.404761904762 0.592295130321, 1.46331738079, 0.313155158548, 4.67311872415, 
resistor:  1


0.505630952381 0.739971136471, 1.46346091549, 0.3132611936, 4.67207583991, 
resistor:  1


0.607642857143 0.889430563096, 1.46373902473, 0.313338481131, 4.67167614607, 
resistor:  1


0.708428571429 1.03719737012, 1.46408178883, 0.313462457582, 4.67092617963, 
resistor:  1


0.809261904762 1.18498572373, 1.46427963154, 0.313505524076, 4.67091077059, 
resistor:  1


0.910142857143 1.3320577396, 1.46356995404, 0.3133678086, 4.67069351802, 
resistor:  1


1.01103571429 1.47934005414, 1.4631926778, 0.313276584973, 4.67083674692, 
resistor:  1


1.11194047619 1.62667470265, 1.46291527063, 0.313227691345, 4.67067378306, 
resistor:  1


1.21282142857 1.77385540168, 1.46258580191, 0.313144225274, 4.67086382833, 
resistor:  1


1.3136547619 1.92348308351, 1.46422267044, 0.313514005641, 4.67072211163, 
resistor:  1


1.41458333333 2.11753606885, 1.49693271436, 0.321371306609, 4.66179753659, 
resistor:  1


1.5156547619 2.27098128181, 1.49834997975, 0.321637346652, 4.66227653314, 
resistor:  1


1.61675 2.41929160028, 1.4963918975, 0.321135775258, 4.6632583336, 
resistor:  1


1.718 2.56775013716, 1.4946159122, 0.320699002559, 4.66389091658, 
resistor:  1


1.81945238095 2.71683625341, 1.49321646549, 0.320338031939, 4.66460999774, 
resistor:  1


1.9206547619 2.86506435193, 1.49171231018, 0.319968113344, 4.66518745206, 
resistor:  1


2.02185714286 3.01360717158, 1.49051439279, 0.319660180676, 4.66576806023, 
resistor:  1


2.12304761905 3.16192446996, 1.48933280704, 0.319368909955, 4.66619430041, 
resistor:  1


2.22421428571 3.31172240743, 1.48894035467, 0.319272380496, 4.66629273429, 
resistor:  1


2.32536904762 3.4597221154, 1.48781636142, 0.319023406103, 4.66632463073, 
resistor:  1


2.42644047619 3.62495639412, 1.49393996255, 0.320493999254, 4.66427554884, 
resistor:  1


2.52755952381 3.77361255924, 1.49298662353, 0.32027558183, 4.66438121037, 
resistor:  1


2.62870238095 3.92117021744, 1.49167522571, 0.31997153524, 4.66464591395, 
resistor:  1


2.72978571429 4.06943772019, 1.49075354116, 0.319761208659, 4.66472024935, 
resistor:  1


2.8308452381 4.21758769814, 1.48986869412, 0.319553503983, 4.66489772663, 
resistor:  1


2.93185714286 4.36551665749, 1.48899364627, 0.31935433459, 4.66500705644, 
resistor:  1


3.03296428571 4.51296479511, 1.48797162445, 0.319113791179, 4.66522777895, 
resistor:  1


3.1340952381 4.66101876705, 1.48719755239, 0.318936447305, 4.66532370096, 
resistor:  1


3.23542857143 4.80868904072, 1.48626030047, 0.318715491745, 4.66555463278, 
resistor:  1


3.3369047619 4.95774520499, 1.4857317061, 0.318578393267, 4.66584241319, 
resistor:  1


3.43807142857 5.12394759864, 1.49035519043, 0.319664378235, 4.66463966156, 
resistor:  1


3.53919047619 5.28845450891, 1.49425540798, 0.320554862202, 4.66389455826, 
resistor:  1


3.64029761905 5.46044122741, 1.49999857123, 0.32187362483, 4.66274384554, 
resistor:  1


3.74146428571 5.63261586906, 1.50545760668, 0.32313113394, 4.66159525368, 
resistor:  1


3.84252380952 5.80348110291, 1.51033055112, 0.324247755938, 4.66063354699, 
resistor:  1


3.9435952381 5.97534264251, 1.51520180996, 0.32537796626, 4.65950867028, 
resistor:  1


4.04472619048 6.14718608007, 1.51980277294, 0.326436472427, 4.65856438532, 
resistor:  1


4.1459047619 6.30828201469, 1.52156944671, 0.326845180599, 4.65814518422, 
resistor:  1


4.24710714286 6.45612030959, 1.52012183645, 0.326525963182, 4.65820498502, 
resistor:  1


4.34829761905 6.60435083368, 1.51883597037, 0.326252661974, 4.65810255102, 
resistor:  1


4.44942857143 6.76656478185, 1.52077163915, 0.326736916395, 4.65720797721, 
resistor:  1


4.55095238095 6.91645282161, 1.51978140895, 0.326524610305, 4.65717206705, 
resistor:  1


4.6523452381 7.06507039066, 1.51860406506, 0.32626660129, 4.65719233757, 
resistor:  1


4.7536547619 7.21347030972, 1.51745776061, 0.326017099283, 4.65718647596, 
resistor:  1


4.85496428571 7.36105610457, 1.51619160747, 0.325736963132, 4.65725599105, 
resistor:  1


4.95613095238 7.50925230032, 1.51514404532, 0.325508181718, 4.6572615385, 
resistor:  1


5.05727380952 7.6573195424, 1.51412002411, 0.32528140688, 4.65731259895, 
resistor:  1


5.15842857143 7.80675077349, 1.513397087, 0.325126312297, 4.6572972476, 
resistor:  1


5.25954761905 7.95458119258, 1.51240786637, 0.324905185892, 4.65735929195, 
resistor:  1


5.36075 8.10816361537, 1.51250545453, 0.324932011274, 4.65727837657, 
resistor:  1


5.46219047619 8.26755174781, 1.51359638296, 0.325188522468, 4.65698818878, 
resistor:  1


5.56357142857 8.41602924254, 1.51270264983, 0.324979487674, 4.65720044017, 
resistor:  1


5.66473809524 8.56451343606, 1.51189927797, 0.324792265747, 4.65737923928, 
resistor:  1


5.76591666667 8.71266236736, 1.51106283199, 0.324602486556, 4.65748872722, 
resistor:  1


5.8670952381 8.86139805774, 1.51035524363, 0.324438364607, 4.65763010025, 
resistor:  1


5.96828571429 9.00936688061, 1.50954014468, 0.324248314753, 4.65781743097, 
resistor:  1


6.06945238095 9.15760138756, 1.50880191701, 0.324081584298, 4.6579016367, 
resistor:  1


6.17085714286 9.30579605303, 1.50802325149, 0.32390319276, 4.65803279571, 
resistor:  1


6.27220238095 9.45413050687, 1.50730635472, 0.323742270575, 4.65811189773, 
resistor:  1


6.37338095238 9.61354477166, 1.50839010621, 0.324002615839, 4.65777002032, 
resistor:  1


6.47452380952 9.76842250164, 1.50874763751, 0.324096011586, 4.65757669577, 
resistor:  1


6.57571428571 9.93827967034, 1.51136123598, 0.324723405591, 4.65675490116, 
resistor:  1


6.67686904762 10.1227572882, 1.51609342882, 0.325858364827, 4.65538975903, 
resistor:  1


6.7779047619 10.3250986009, 1.52334666296, 0.327587899544, 4.65357915103, 
resistor:  1


6.87901190476 10.5126928868, 1.52822716871, 0.328729824612, 4.65254862486, 
resistor:  1


6.98011904762 10.6873552201, 1.53111360239, 0.329402863502, 4.651865303, 
resistor:  1


7.08126190476 10.863865337, 1.5341708135, 0.330119115848, 4.65110879392, 
resistor:  1


7.18227380952 11.0379026034, 1.53682564828, 0.3307371983, 4.65049566466, 
resistor:  1


7.2833452381 11.2183540958, 1.54027493262, 0.331546921603, 4.64968989227, 
resistor:  1


7.38442857143 11.4074798028, 1.54480196978, 0.332608078429, 4.64869909827, 
resistor:  1


7.48571428571 11.5828770903, 1.54733090901, 0.33319417706, 4.64815821058, 
resistor:  1


7.58711904762 11.7623597004, 1.5503064637, 0.333884254965, 4.64752269763, 
resistor:  1


7.68864285714 11.9380072444, 1.55268068321, 0.334438829796, 4.64694949214, 
resistor:  1


7.79 12.1123250037, 1.55485558456, 0.334934719582, 4.64656167799, 
resistor:  1


7.8911547619 12.2906388448, 1.5575209479, 0.335554335455, 4.64597100335, 
resistor:  1


7.99230952381 12.4692578773, 1.56015702848, 0.3361652727, 4.64541216857, 
resistor:  1


8.09347619048 12.6491214256, 1.562878685, 0.336800524462, 4.64478671906, 
resistor:  1


8.19452380952 12.8250675063, 1.56507782568, 0.337308039796, 4.64433579776, 
resistor:  1


8.2955952381 13.006087751, 1.56783056282, 0.337961439971, 4.64358708589, 
resistor:  1


8.39678571429 13.1976274933, 1.57174756417, 0.338886730796, 4.64266486548, 
resistor:  1


8.49786904762 13.3783796819, 1.57432170429, 0.339496357483, 4.6419881306, 
resistor:  1


8.59892857143 13.5530579742, 1.57613333587, 0.339900980935, 4.64177089228, 
resistor:  1


8.7 13.7247548886, 1.57755803317, 0.34023474101, 4.64139201448, 
resistor:  1


8.80107142857 13.8957023507, 1.57886485339, 0.340540830331, 4.6410359122, 
resistor:  1


8.90213095238 14.0666092373, 1.58013955451, 0.340842279635, 4.64065218598, 
resistor:  1


9.00322619048 14.2383533856, 1.58147236162, 0.341157758837, 4.64025599553, 
resistor:  1


9.10432142857 14.4090134343, 1.58265649421, 0.341437507003, 4.63990124828, 
resistor:  1


9.20592857143 14.5866297301, 1.58448217547, 0.341867506679, 4.63943514903, 
resistor:  1


9.30733333333 14.7650741097, 1.58639145939, 0.342313498716, 4.63898369847, 
resistor:  1


9.40857142857 14.9578798282, 1.58981413297, 0.343121306381, 4.63818709127, 
resistor:  1


9.50988095238 15.1369268082, 1.59170518369, 0.343562671467, 4.63775963998, 
resistor:  1


9.61129761905 15.3163454404, 1.59357727203, 0.343994275192, 4.63739997198, 
resistor:  1


9.71258333333 15.4951179023, 1.59536524635, 0.344412110038, 4.63697670943, 
resistor:  1


9.81378571429 15.6741924287, 1.59716065594, 0.344835076987, 4.63651264323, 
resistor:  1


9.91488095238 15.8497467802, 1.5985816528, 0.345170550482, 4.63612241663, 
resistor:  1


10.016047619 16.0265908943, 1.60009132383, 0.34552271836, 4.63577136837, 
resistor:  1


10.1171190476 16.2003951518, 1.60128541293, 0.345797074546, 4.63552629789, 
resistor:  1


10.2181428571 16.3744154234, 1.60248448787, 0.346070552084, 4.63530784608, 
resistor:  1


10.31925 16.5546488764, 1.60424923094, 0.346483769336, 4.63487763231, 
resistor:  1


10.4203333333 16.7447111632, 1.60692663349, 0.347117886714, 4.63421561659, 
resistor:  1


10.5213333333 16.9306907482, 1.60917729834, 0.347648126933, 4.63366432203, 
resistor:  1


10.6225 17.1253217454, 1.61217432294, 0.348361797117, 4.63291857801, 
resistor:  1


10.7238333333 17.303039879, 1.61351256973, 0.348674739935, 4.63259502748, 
resistor:  1


10.8251904762 17.4793838756, 1.61469527155, 0.348949958076, 4.63232113167, 
resistor:  1


10.9263571429 17.6575518081, 1.61605113006, 0.349265988815, 4.63200655296, 
resistor:  1


11.0275952381 17.8354139486, 1.61734390532, 0.349568843225, 4.63169120338, 
resistor:  1


11.1287380952 18.0169153721, 1.61895402856, 0.349953434294, 4.63123938302, 
resistor:  1


11.2299047619 18.1924946544, 1.62000435802, 0.350199791814, 4.63097005395, 
resistor:  1


11.3311666667 18.37274409, 1.62143445864, 0.35053371158, 4.63064171998, 
resistor:  1


11.432297619 18.5635558273, 1.6237817144, 0.3510832184, 4.63014767264, 
resistor:  1


11.5334880952 18.7439021134, 1.62517201722, 0.351402051866, 4.62989468723, 
resistor:  1


11.6346904762 18.8929350568, 1.62384509458, 0.3510920861, 4.63019082297, 
resistor:  1


11.7358571429 19.0424860387, 1.6225901361, 0.350800427065, 4.63044872893, 
resistor:  1


11.8368809524 19.2191894539, 1.62367008093, 0.351054525699, 4.63020234836, 
resistor:  1


11.9381547619 19.4138770804, 1.62620417205, 0.351651469094, 4.62964784025, 
resistor:  1


12.0395833333 19.598182735, 1.62781237459, 0.352028435799, 4.62928506308, 
resistor:  1


12.1408571429 19.7915010393, 1.6301568173, 0.352578042955, 4.6287766345, 
resistor:  1


12.2421785714 19.967291123, 1.6310243317, 0.352779864595, 4.62858028141, 
resistor:  1


12.3434880952 20.1495309712, 1.63240170167, 0.353107017965, 4.62821744272, 
resistor:  1


12.4446309524 20.3310159427, 1.63371786761, 0.353418318046, 4.62788931942, 
resistor:  1


12.54575 20.5113745365, 1.63492613327, 0.353701397083, 4.62760232955, 
resistor:  1


12.6467857143 20.6840068822, 1.63551493237, 0.353843539139, 4.62739266637, 
resistor:  1


12.7479642857 20.8641344106, 1.63666401497, 0.354118591402, 4.62707264477, 
resistor:  1


12.8491666667 21.0643691645, 1.63935683231, 0.354757196739, 4.62645419985, 
resistor:  1


12.9505 21.2667969969, 1.64216030245, 0.355415880312, 4.62587686594, 
resistor:  1


13.0518571429 21.4695150659, 1.64493947727, 0.356068293831, 4.62530958826, 
resistor:  1


13.1530357143 21.6539280831, 1.64630649179, 0.356392375513, 4.62495814107, 
resistor:  1


13.2542142857 21.8325121009, 1.64721285097, 0.356607324018, 4.62469848418, 
resistor:  1


13.3553809524 22.0150258923, 1.64840119281, 0.356885807516, 4.62442200025, 
resistor:  1


13.4566071429 22.1954442788, 1.64940865429, 0.357120299562, 4.6242042539, 
resistor:  1


13.5577142857 22.3687877724, 1.64989372847, 0.357228458603, 4.6241330611, 
resistor:  1


13.658797619 22.5483371817, 1.65082885116, 0.357448418502, 4.62389235336, 
resistor:  1


13.76025 22.7294996281, 1.65182315933, 0.357677568625, 4.62370465246, 
resistor:  1


13.8615595238 22.9074069919, 1.65258511876, 0.357853172275, 4.62353860626, 
resistor:  1


13.9627380952 23.0845860146, 1.65329936414, 0.358015142526, 4.62342014807, 
resistor:  1


14.0639285714 23.2627569141, 1.65407245891, 0.358193733841, 4.62325786051, 
resistor:  1


14.1650238095 23.4415570952, 1.65489005952, 0.358386698514, 4.62304949725, 
resistor:  1


14.2662857143 23.6172229006, 1.65545702459, 0.358520507324, 4.62288575989, 
resistor:  1


14.3676547619 23.8032500685, 1.65672480742, 0.358822530041, 4.62255349401, 
resistor:  1


14.4687857143 23.9752475966, 1.65703246078, 0.35889640155, 4.62242814991, 
resistor:  1


14.5699761905 24.1466833522, 1.65729051555, 0.358955627368, 4.62235280139, 
resistor:  1


14.6711547619 24.3185018142, 1.65757244122, 0.359023176175, 4.62223860587, 
resistor:  1


14.7723095238 24.4890970157, 1.65777036936, 0.359068115041, 4.62217850985, 
resistor:  1


14.8735952381 24.660725274, 1.65802046373, 0.359125489845, 4.62210652533, 
resistor:  1


14.9750357143 24.8324401751, 1.65825582315, 0.359180017057, 4.62203290952, 
resistor:  1


15.0763095238 25.0066892154, 1.65867443726, 0.359278318223, 4.62190631854, 
resistor:  1


15.1776666667 25.181684814, 1.65912754359, 0.359381237428, 4.62181673389, 
resistor:  1


15.279202381 25.3599412373, 1.65976865841, 0.359529473953, 4.62167864372, 
resistor:  1


15.3805952381 25.5549395348, 1.66150523691, 0.359938861762, 4.62130315571, 
resistor:  1


15.4818095238 25.7331503354, 1.66215391656, 0.360087955235, 4.62117610817, 
resistor:  1


15.5830357143 25.9152354457, 1.6630415229, 0.360291461801, 4.62102458545, 
resistor:  1


15.6842380952 26.0960514628, 1.66383928275, 0.360479320897, 4.6208220526, 
resistor:  1


15.7854166667 26.2764149218, 1.66460065494, 0.360653204923, 4.62068986493, 
resistor:  1


15.886547619 26.4579272115, 1.66542963556, 0.360847891918, 4.62049137266, 
resistor:  1


15.9878095238 26.6370848433, 1.66608720248, 0.361000658254, 4.62034495023, 
resistor:  1


16.0892261905 26.8172468815, 1.66678288713, 0.361162437101, 4.62019020235, 
resistor:  1


16.1903809524 26.9958771096, 1.66740221796, 0.361304230314, 4.62007916489, 
resistor:  1


16.2917738095 27.1782372448, 1.66821842499, 0.361498823577, 4.61984945735, 
resistor:  1


16.3931904762 27.3694430465, 1.66956170529, 0.36181941481, 4.61951326821, 
resistor:  1


16.4945357143 27.5446628444, 1.66992653334, 0.361905705473, 4.6194058781, 
resistor:  1


16.5959404762 27.722084615, 1.67041359631, 0.362017978923, 4.61930168549, 
resistor:  1


16.697297619 27.8957059279, 1.67067189939, 0.362078951283, 4.61921974612, 
resistor:  1


16.7987380952 28.0661778199, 1.67073131689, 0.362089137834, 4.6192264194, 
resistor:  1


16.9001785714 28.2403450641, 1.67100867868, 0.36215203247, 4.61916729512, 
resistor:  1


17.001452381 28.4123535625, 1.67117214023, 0.36218800249, 4.6191353901, 
resistor:  1


17.1026190476 28.5842819861, 1.6713394543, 0.362225966415, 4.61909216497, 
resistor:  1


17.2037738095 28.7580455635, 1.67161262883, 0.362288102689, 4.61903143287, 
resistor:  1


17.3051309524 28.933458641, 1.67195837585, 0.362367147135, 4.61896585958, 
resistor:  1


17.406452381 29.1159624683, 1.67271089083, 0.362545591956, 4.61877200545, 
resistor:  1


17.5076309524 29.2880356165, 1.67287257175, 0.362579411389, 4.61876346199, 
resistor:  1


17.608952381 29.4595700934, 1.67298823099, 0.362602775381, 4.61876138763, 
resistor:  1


17.7100952381 29.6335993265, 1.67326030312, 0.36266343496, 4.61872002018, 
resistor:  1


17.8111904762 29.8141107603, 1.67389769933, 0.362811665235, 4.61858237855, 
resistor:  1


17.9123809524 29.9960966313, 1.6746013113, 0.362978039299, 4.61840371343, 
resistor:  1


18.0135119048 30.1702127883, 1.67486567571, 0.363037421066, 4.61835640588, 
resistor:  1


18.1145714286 30.3512993762, 1.67551849051, 0.363188826903, 4.61822074536, 
resistor:  1


18.2158452381 30.5237140679, 1.6756682805, 0.363221457517, 4.61819496391, 
resistor:  1


18.3173214286 30.7050355304, 1.67628414723, 0.363368653662, 4.61802044706, 
resistor:  1


18.4187857143 30.8884320764, 1.67700697296, 0.363542454139, 4.61780750639, 
resistor:  1


18.519952381 31.0605373625, 1.67713915909, 0.363573882594, 4.6177502245, 
resistor:  1


18.6211190476 31.2312993379, 1.6771977698, 0.363588682005, 4.61770176966, 
resistor:  1


18.7223333333 31.4033325929, 1.67731938289, 0.36361906447, 4.61763792532, 
resistor:  1


18.8235 31.5793328823, 1.67765468071, 0.363699224264, 4.6175326713, 
resistor:  1


18.9246547619 31.7561375009, 1.6780299509, 0.363791052385, 4.61738301602, 
resistor:  1


19.0257261905 31.9407508049, 1.67881900986, 0.363979221909, 4.61717512891, 
resistor:  1


19.1268571429 32.1132163869, 1.67895938925, 0.364015061723, 4.61708866615, 
resistor:  1


19.228 32.2888639813, 1.67926274086, 0.36408654385, 4.61699898101, 
resistor:  1


19.3291071429 32.4723102993, 1.67996949157, 0.364252236396, 4.61684179346, 
resistor:  1


19.4302738095 32.6488966769, 1.68031068409, 0.364333654376, 4.61673841243, 
resistor:  1


19.5313452381 32.8260696837, 1.68068657246, 0.364419495343, 4.61666682397, 
resistor:  1


19.6324404762 32.9969729808, 1.68073719723, 0.364431610928, 4.61663733609, 
resistor:  1


19.7338452381 33.1738452986, 1.6810634166, 0.3645050998, 4.61658788668, 
resistor:  1


19.835452381 33.3525314832, 1.681460591, 0.364596836316, 4.61650579534, 
resistor:  1


19.9368333333 33.5352029391, 1.68207269321, 0.364739555421, 4.61637660199, 
resistor:  1


20.0379880952 33.7217626165, 1.68289163843, 0.364932926964, 4.61618472562, 
resistor:  1


20.1391547619 33.9080348607, 1.68368708923, 0.36512134886, 4.615993884, 
resistor:  1


20.2403690476 34.0814442122, 1.68383511842, 0.36515781059, 4.61592517916, 
resistor:  1


20.3415595238 34.269924496, 1.68472453923, 0.36537222735, 4.61568480347, 
resistor:  1


20.44275 34.4442849412, 1.68491445335, 0.365420562974, 4.61558739208, 
resistor:  1


20.5438690476 34.6158445547, 1.68497202131, 0.365437449415, 4.61551737019, 
resistor:  1


20.6449285714 34.7872980718, 1.68502874454, 0.365454867374, 4.61544002991, 
resistor:  1


20.7460833333 34.956354839, 1.68496165167, 0.365440078787, 4.61542657502, 
resistor:  1


20.847452381 35.1280757202, 1.68500568215, 0.365452693616, 4.61537246612, 
resistor:  1


20.9488690476 35.3012059351, 1.68511273114, 0.365479008345, 4.61531943786, 
resistor:  1


21.0501071429 35.4803184382, 1.68551723739, 0.365578687248, 4.61516349174, 
resistor:  1


21.1512380952 35.6532223472, 1.68563287817, 0.365607517059, 4.61510507434, 
resistor:  1


21.2527380952 35.8274097606, 1.68577853828, 0.365643409032, 4.61503542288, 
resistor:  1


21.354047619 36.0152039453, 1.68657505068, 0.365830663167, 4.61486160833, 
resistor:  1


21.455202381 36.1904208125, 1.68678999946, 0.3658806312, 4.61481221302, 
resistor:  1


21.5563928571 36.3672142328, 1.68707327213, 0.365946069359, 4.61475262057, 
resistor:  1


21.6575238095 36.5404200252, 1.68719288255, 0.365976013773, 4.61468889268, 
resistor:  1


21.7585833333 36.7135054995, 1.6873113905, 0.366002575268, 4.6146655829, 
resistor:  1


21.8596547619 36.8873940976, 1.68746462373, 0.366038274445, 4.61462210185, 
resistor:  1


21.9609047619 37.060730298, 1.68757757022, 0.366063691369, 4.61459692622, 
resistor:  1


22.062047619 37.2337172849, 1.68768184748, 0.366087334481, 4.61457177726, 
resistor:  1


22.1631071429 37.4082559654, 1.68786153152, 0.366129042932, 4.61452485959, 
resistor:  1


22.2644047619 37.5967821667, 1.68864977837, 0.366316022833, 4.61432702134, 
resistor:  1


22.3657738095 37.7910536189, 1.68968236649, 0.366559974237, 4.61409995502, 
resistor:  1


22.4669285714 37.9701880774, 1.69004801687, 0.366649175421, 4.61396329401, 
resistor:  1


22.5680595238 38.1459836303, 1.69026422453, 0.366701273031, 4.61388896217, 
resistor:  1


22.6694166667 38.3219287891, 1.69046823536, 0.366751825903, 4.61380299292, 
resistor:  1


22.7707857143 38.4977541511, 1.69066428511, 0.366799338837, 4.61372847342, 
resistor:  1


22.871952381 38.6724621179, 1.69082470415, 0.366840282849, 4.61364231926, 
resistor:  1


22.9791904762 38.8575629039, 1.6909891993, 0.366880410583, 4.61357867059, 
resistor:  1


23.0803809524 39.0323993754, 1.69115056879, 0.366920710553, 4.61349937291, 
resistor:  1


23.1816785714 39.2106808994, 1.69145132345, 0.366993492669, 4.61339902661, 
resistor:  1


23.2830238095 39.3883326647, 1.69171895313, 0.367056048236, 4.61333727801, 
resistor:  1


23.3841547619 39.5781204548, 1.69251875288, 0.367241436404, 4.61320118135, 
resistor:  1


23.4853214286 39.755483777, 1.6927800583, 0.367301451127, 4.61314899084, 
resistor:  1


23.586547619 39.9311831564, 1.69296430327, 0.367343971262, 4.61310771715, 
resistor:  1


23.6877857143 40.1073933333, 1.69316768638, 0.367390927773, 4.61306203074, 
resistor:  1


23.7889404762 40.2834468374, 1.6933686844, 0.367437670129, 4.61301240308, 
resistor:  1


23.8901309524 40.458973811, 1.69354340885, 0.367479688773, 4.61295156074, 
resistor:  1


23.9913333333 40.6343352974, 1.69370892117, 0.367517990971, 4.61291322164, 
resistor:  1


24.092452381 40.810378532, 1.6939071991, 0.367565284951, 4.61284871742, 
resistor:  1


24.193702381 40.9868464414, 1.69411220309, 0.36761373537, 4.61278965455, 
resistor:  1


24.2951428571 41.1638959692, 1.69432615446, 0.367667693282, 4.61269008977, 
resistor:  1


24.3964880952 41.351918876, 1.69499473508, 0.367824065135, 4.61255190665, 
resistor:  1


24.4976428571 41.5273582236, 1.69515730414, 0.367866090308, 4.61246073969, 
resistor:  1


24.598797619 41.7049864887, 1.69540752091, 0.367924959495, 4.61240085223, 
resistor:  1


24.6998095238 41.8812272105, 1.69560931918, 0.367972370906, 4.61234855172, 
resistor:  1


24.8009047619 42.0565111007, 1.69576519504, 0.368011608617, 4.61226877815, 
resistor:  1


24.902 42.2278384201, 1.69576091961, 0.368011438104, 4.61224663654, 
resistor:  1


25.0031190476 42.3878734114, 1.69530342717, 0.367905458929, 4.61232607318, 
resistor:  1


25.1044404762 42.53526656, 1.69433238715, 0.367680558725, 4.61251830842, 
resistor:  1


25.2058214286 42.6850133121, 1.69345853033, 0.367477600162, 4.61269724875, 
resistor:  1


25.3071428571 42.8353494372, 1.69261894474, 0.367280986544, 4.61289426329, 
resistor:  1


25.4082857143 42.9953707019, 1.69217912556, 0.367176890306, 4.6130063079, 
resistor:  1


25.5094642857 43.1651058948, 1.69212122259, 0.367164873484, 4.61299403249, 
resistor:  1


25.6106071429 43.3177657589, 1.69139940796, 0.366995580494, 4.61316105305, 
resistor:  1


25.7118571429 43.4664336069, 1.69052096725, 0.366791024296, 4.61334846012, 
resistor:  1


25.8132738095 43.6145134159, 1.68961572785, 0.366579011552, 4.61356172638, 
resistor:  1


25.9144404762 43.7631759405, 1.68875635114, 0.366378080965, 4.61375662692, 
resistor:  1


26.0155714286 43.9109364897, 1.6878713047, 0.36617176539, 4.61395076151, 
resistor:  1


26.1167142857 44.0610742839, 1.68708336745, 0.365987389717, 4.61413154758, 
resistor:  1


26.2177619048 44.2094197571, 1.68623927236, 0.365790834377, 4.61431189877, 
resistor:  1


26.3188333333 44.3651148228, 1.68567938635, 0.365662132912, 4.61440479634, 
resistor:  1


26.4199642857 44.518718344, 1.68504082226, 0.365514545425, 4.61452354186, 
resistor:  1


26.5211309524 44.6703709372, 1.6843312986, 0.365352198689, 4.61463390638, 
resistor:  1


26.6221428571 44.8187788973, 1.68351507757, 0.365163326809, 4.61479079642, 
resistor:  1


26.7232261905 44.9661393119, 1.68266132956, 0.364966663262, 4.61494362597, 
resistor:  1


26.8242738095 45.1141968224, 1.68184224269, 0.364776929959, 4.61510428276, 
resistor:  1


26.9253333333 45.2622014183, 1.68102659521, 0.364587650097, 4.61526936536, 
resistor:  1


27.0264166667 45.4321710382, 1.68102829163, 0.364590906526, 4.61522566335, 
resistor:  1


27.1274642857 45.5820006223, 1.6802897662, 0.364418664282, 4.61538655256, 
resistor:  1


27.22875 45.7306476198, 1.67949860422, 0.364234131143, 4.6155600726, 
resistor:  1


27.3301785714 45.8926455443, 1.67919303653, 0.364160987275, 4.61564538639, 
resistor:  1


27.431297619 46.0415691571, 1.67843205219, 0.363982567827, 4.61582563203, 
resistor:  1


27.5324285714 46.1922639302, 1.67774026219, 0.363821128912, 4.61597714448, 
resistor:  1


27.6337261905 46.3557326797, 1.67750568129, 0.363767730365, 4.61600481641, 
resistor:  1


27.7349047619 46.512742208, 1.67704712193, 0.363659867139, 4.61611322475, 
resistor:  1


27.8360357143 46.6614235363, 1.67629557654, 0.363483559112, 4.61629072615, 
resistor:  1


27.9371904762 46.8092564756, 1.67551767653, 0.363301375088, 4.61647393108, 
resistor:  1


28.0387380952 46.9582164984, 1.67476212156, 0.363124462198, 4.61664992736, 
resistor:  1


28.1401309524 47.1065711938, 1.67399971498, 0.362945898669, 4.6168291598, 
resistor:  1


28.2412857143 47.2687807056, 1.67374747679, 0.362890194735, 4.61684267633, 
resistor:  1


28.3424285714 47.4604390999, 1.67453678079, 0.363078559149, 4.61664048321, 
resistor:  1


28.4435119048 47.6330113406, 1.67465295777, 0.363106542037, 4.61659822726, 
resistor:  1


28.5445952381 47.7873088797, 1.67412809609, 0.362983364401, 4.61672096993, 
resistor:  1


28.6457619048 47.9351469069, 1.67337657369, 0.362809817331, 4.61686376157, 
resistor:  1


28.7471190476 48.0838511424, 1.67264939011, 0.362641817233, 4.61699752561, 
resistor:  1


28.8485119048 48.232066638, 1.67190830491, 0.362470235875, 4.61714196382, 
resistor:  1


28.9497142857 48.3840801448, 1.67131459977, 0.362332229099, 4.61726352288, 
resistor:  1


29.0509404762 48.5454016495, 1.67104406445, 0.362273777468, 4.61726094631, 
resistor:  1


29.1521071429 48.7253842061, 1.6714189464, 0.36236401064, 4.61714502882, 
resistor:  1


29.2532380952 48.9002332014, 1.67161778953, 0.362411334522, 4.6170829091, 
resistor:  1


29.3543809524 49.0870901209, 1.67222365209, 0.362553316814, 4.61695300552, 
resistor:  1


29.4557857143 49.2651666034, 1.67251239133, 0.362620256401, 4.61689184889, 
resistor:  1


29.5571071429 49.4434364027, 1.6728104061, 0.362690157103, 4.61682357191, 
resistor:  1


29.6582857143 49.6210986946, 1.67309396007, 0.362756882815, 4.61675254972, 
resistor:  1


29.7594404762 49.7963787326, 1.6732968744, 0.362802279091, 4.61672510898, 
resistor:  1


29.860547619 49.9716598292, 1.67350111815, 0.362851483597, 4.61665535515, 
resistor:  1


29.9616309524 50.1458660059, 1.67366943694, 0.362891182431, 4.61660561623, 
resistor:  1


30.0627380952 50.3215360073, 1.67388399047, 0.362939917687, 4.61656905805, 
resistor:  1


30.164047619 50.4959870959, 1.67404546411, 0.362976737002, 4.61653748881, 
resistor:  1


30.2656190476 50.672382087, 1.674255597, 0.363028029073, 4.61645946866, 
resistor:  1


30.3668214286 50.8659679847, 1.67505078213, 0.363216613783, 4.61627591793, 
resistor:  1


30.4679761905 51.0437373859, 1.6753241852, 0.363279124374, 4.61622672755, 
resistor:  1


30.5689880952 51.2185912023, 1.67550823216, 0.363321494547, 4.61618769513, 
resistor:  1


30.6700238095 51.3916881677, 1.67563248359, 0.363350312893, 4.61615472762, 
resistor:  1


30.7710952381 51.5670197097, 1.67582659345, 0.363397502094, 4.61608323512, 
resistor:  1


30.87225 51.7406418942, 1.67595953953, 0.363430334161, 4.61602569268, 
resistor:  1


30.9733690476 51.9142421048, 1.67609284043, 0.363463931416, 4.61595878726, 
resistor:  1


31.0745238095 52.0886794846, 1.67625028798, 0.363502380877, 4.61589716013, 
resistor:  1


31.1755952381 52.2628091541, 1.67640132466, 0.36353954557, 4.61583472945, 
resistor:  1


31.2766666667 52.4371815161, 1.67655914471, 0.36357673368, 4.61578892504, 
resistor:  1


31.3776904762 52.6252740457, 1.67715575133, 0.363716969386, 4.61566254806, 
resistor:  1


31.47875 52.8037824015, 1.67744216024, 0.363784350784, 4.61559619855, 
resistor:  1


31.5798095238 52.9791321695, 1.67762671683, 0.3638265428, 4.61555965998, 
resistor:  1


31.6810714286 53.1536302252, 1.67777249406, 0.363860917076, 4.61551675323, 
resistor:  1


31.7826071429 53.3296807453, 1.67795173334, 0.363901732661, 4.61548421783, 
resistor:  1


31.8838571429 53.5046871434, 1.67811212124, 0.363937870411, 4.61545949418, 
resistor:  1


31.9851190476 53.6797195081, 1.67827168091, 0.363975771364, 4.61541115907, 
resistor:  1


32.08625 53.8539626782, 1.67841248754, 0.364008568649, 4.61537497961, 
resistor:  1


32.1876309524 54.0313707008, 1.67863769722, 0.36406253052, 4.61530640827, 
resistor:  1


32.2888095238 54.2046682938, 1.67874471352, 0.364089270792, 4.615254344, 
resistor:  1


32.3900119048 54.3883175572, 1.67916942164, 0.364191812684, 4.61512756841, 
resistor:  1


32.4911547619 54.561985056, 1.67928734623, 0.364220968216, 4.61507409106, 
resistor:  1


32.5923214286 54.7368359519, 1.67943962114, 0.36425864333, 4.61500901767, 
resistor:  1


32.6933928571 54.911681957, 1.67959569681, 0.36429771457, 4.61493728841, 
resistor:  1


32.7944880952 55.0852618715, 1.6797109841, 0.364325729707, 4.61489179678, 
resistor:  1


32.8956904762 55.260599183, 1.67987351483, 0.364365604016, 4.61482751183, 
resistor:  1


32.9968333333 55.4315324528, 1.67990461063, 0.36437499134, 4.61478482951, 
resistor:  1


33.0979047619 55.6045225535, 1.68000128569, 0.36439992005, 4.61472899, 
resistor:  1


33.1993333333 55.7803312864, 1.68016419867, 0.364439497709, 4.61467005968, 
resistor:  1


33.3006547619 55.9560275696, 1.68032814879, 0.36447909703, 4.61461382558, 
resistor:  1


33.4018214286 56.1432449166, 1.68084381376, 0.364598870415, 4.61451872373, 
resistor:  1


33.502952381 56.3191271378, 1.68101982468, 0.36464071362, 4.61446528407, 
resistor:  1


33.6039761905 56.4933669609, 1.68115126141, 0.364671195349, 4.61443230776, 
resistor:  1


33.7050833333 56.6692960914, 1.68132787363, 0.364712884561, 4.61438252792, 
resistor:  1


33.8061428571 56.8432610223, 1.68144769613, 0.364740196648, 4.61435818445, 
resistor:  1


33.9071904762 57.0183701554, 1.68160113989, 0.364776058974, 4.61431847264, 
resistor:  1


34.008297619 57.1930495761, 1.68173809277, 0.364808371032, 4.61427811533, 
resistor:  1


34.1094047619 57.3682489144, 1.68188947637, 0.364843057897, 4.6142478057, 
resistor:  1


34.210547619 57.5431645808, 1.68202991725, 0.364877222499, 4.61419498402, 
resistor:  1


34.3115714286 57.7190480083, 1.68220357171, 0.364920144412, 4.61412509805, 
resistor:  1


34.4126666667 57.9049956047, 1.68266516994, 0.365029214221, 4.6140184664, 
resistor:  1


34.513797619 58.0808240583, 1.6828291311, 0.365069336972, 4.61395610509, 
resistor:  1


34.6149166667 58.2544684051, 1.68292961575, 0.365095298356, 4.61389692926, 
resistor:  1


34.7163809524 58.4301935963, 1.68307271649, 0.365131115843, 4.61383179122, 
resistor:  1


34.8177142857 58.604452685, 1.68317920597, 0.365157248684, 4.61378673511, 
resistor:  1


34.918952381 58.7791342298, 1.68330176657, 0.365187871295, 4.61372991797, 
resistor:  1


35.020297619 58.9557270156, 1.68347304346, 0.365229492661, 4.61366879862, 
resistor:  1


35.1215238095 59.1330487295, 1.68366979321, 0.365276539135, 4.61360944339, 
resistor:  1


35.2226666667 59.30803468, 1.68380308173, 0.365306690433, 4.61358666029, 
resistor:  1


35.3238928571 59.488507754, 1.6840869718, 0.36537168719, 4.61354278067, 
resistor:  1


35.4252142857 59.6724388686, 1.68446232639, 0.36545874092, 4.61347392671, 
resistor:  1


35.5263690476 59.8479049432, 1.68460516928, 0.365489608808, 4.61346853066, 
resistor:  1


35.6275 60.0234504959, 1.68475055774, 0.365523283395, 4.61343613712, 
resistor:  1


35.7286071429 60.1977592067, 1.68486162827, 0.365548355441, 4.61341741317, 
resistor:  1


35.8296428571 60.3734486217, 1.6850139663, 0.365583656781, 4.61338463287, 
resistor:  1


35.9306904762 60.5486788751, 1.68515211015, 0.365615539842, 4.61335311808, 
resistor:  1


36.0317857143 60.7231777619, 1.68526695411, 0.365642955313, 4.61331519077, 
resistor:  1


36.1328690476 60.8988998282, 1.68541556299, 0.365676431966, 4.61329302733, 
resistor:  1


36.2341428571 61.0730469614, 1.68551101656, 0.365699875638, 4.61325187966, 
resistor:  1


36.3355 61.25723089, 1.68587829781, 0.36578779687, 4.613154344, 
resistor:  1


36.4366785714 61.4368301892, 1.6861259752, 0.365845397776, 4.61310441474, 
resistor:  1


36.5378452381 61.618205171, 1.68642142878, 0.365914635936, 4.6130403177, 
resistor:  1


36.638952381 61.7926618935, 1.68652916849, 0.365939137474, 4.61302008276, 
resistor:  1


36.7402142857 61.968140385, 1.68665702119, 0.365969644944, 4.61297805195, 
resistor:  1


36.8415952381 62.1432791609, 1.68676949951, 0.365995523968, 4.61295376107, 
resistor:  1


36.9428690476 62.3183680572, 1.68688490265, 0.36602214709, 4.61292897089, 
resistor:  1


37.0441309524 62.4934905179, 1.68700112302, 0.366049408394, 4.61289615628, 
resistor:  1


37.145202381 62.6683745024, 1.68711894095, 0.366076743374, 4.61286797528, 
resistor:  1


37.2462619048 62.8434474666, 1.68724173253, 0.366103332641, 4.61286224282, 
resistor:  1


37.347297619 63.0269072177, 1.68758949739, 0.366182616726, 4.61281283387, 
resistor:  1


37.4484047619 63.2075676229, 1.68785741408, 0.366243666217, 4.61277277961, 
resistor:  1


37.5494761905 63.3820295749, 1.6879604193, 0.366264671386, 4.61278237215, 
resistor:  1


37.6508452381 63.5575819667, 1.68807848973, 0.366290540842, 4.61277563937, 
resistor:  1


37.7522261905 63.7319535365, 1.68816411554, 0.366310188092, 4.61275224794, 
resistor:  1


37.8534047619 63.906471553, 1.6882621776, 0.366333265875, 4.61272338917, 
resistor:  1


37.9545595238 64.0844543932, 1.68845206471, 0.366377903194, 4.61267981515, 
resistor:  1


38.05575 64.260687824, 1.68859338796, 0.36641163907, 4.61263648025, 
resistor:  1


38.1568928571 64.4376879203, 1.68875616161, 0.366448291638, 4.61261472847, 
resistor:  1


38.2579285714 64.6121093271, 1.68885540174, 0.366473313734, 4.61256578732, 
resistor:  1


38.3591666667 64.7974833594, 1.68923073649, 0.366563154735, 4.61246488425, 
resistor:  1


38.4603095238 64.9767075004, 1.68944837691, 0.366615795791, 4.6123970428, 
resistor:  1


38.5614285714 65.1527294576, 1.6895828778, 0.36664856814, 4.61234993985, 
resistor:  1


38.6624761905 65.329562161, 1.68974076671, 0.366687456542, 4.61229115667, 
resistor:  1


38.7635952381 65.5092542758, 1.68996848392, 0.366741911565, 4.61222801314, 
resistor:  1


38.8647142857 65.6862910892, 1.69012669452, 0.366781255108, 4.61216447264, 
resistor:  1


38.9659047619 65.8679339918, 1.69039919371, 0.366845880737, 4.61209466965, 
resistor:  1


39.0670595238 66.0425889297, 1.69049295582, 0.366870334104, 4.61203808856, 
resistor:  1


39.1684047619 66.2165913167, 1.69056135217, 0.366887145441, 4.61200975022, 
resistor:  1


39.2697857143 66.3922747207, 1.69067066482, 0.366912685504, 4.61197919178, 
resistor:  1


39.3710238095 66.5775641334, 1.69102953623, 0.366996583641, 4.61190523738, 
resistor:  1


39.4722857143 66.7586976188, 1.69128025932, 0.367055372691, 4.61184840538, 
resistor:  1


39.5734166667 66.9339940357, 1.691387797, 0.367080720753, 4.61181900147, 
resistor:  1


39.6745714286 67.1089800362, 1.69148594729, 0.367103543288, 4.61179461599, 
resistor:  1


39.7756785714 67.2847639613, 1.69160568412, 0.36713120617, 4.61176845581, 
resistor:  1


39.876952381 67.460000959, 1.69170402779, 0.367154601149, 4.61173776438, 
resistor:  1


39.9780595238 67.6365266109, 1.69184116029, 0.367186824086, 4.61170160343, 
resistor:  1


40.079297619 67.8121440768, 1.69194941292, 0.367212111215, 4.61167369803, 
resistor:  1


40.180452381 67.9874907206, 1.69205388919, 0.367236955353, 4.61164089161, 
resistor:  1


40.2816428571 68.1627743548, 1.69215477622, 0.367261813961, 4.61159894588, 
resistor:  1


40.3828690476 68.3514199044, 1.69258454182, 0.367364621835, 4.61148713376, 
resistor:  1


40.4840357143 68.5287196715, 1.69273439425, 0.367400550474, 4.61144296932, 
resistor:  1


40.5853571429 68.7050482149, 1.69285311382, 0.367428359264, 4.61141505908, 
resistor:  1


40.6867261905 68.8805805653, 1.69294969182, 0.36744983515, 4.61140340039, 
resistor:  1


40.7880714286 69.0565839956, 1.69305832752, 0.367475395423, 4.61137393868, 
resistor:  1


40.8892857143 69.2359924192, 1.69325512074, 0.367521259277, 4.61133471247, 
resistor:  1


40.990452381 69.4115463061, 1.69335887443, 0.367544867826, 4.61131547651, 
resistor:  1


41.0916428571 69.5883097064, 1.69349057054, 0.36757693036, 4.61126847959, 
resistor:  1


41.1928452381 69.7650249014, 1.69361995993, 0.367608663768, 4.61121983736, 
resistor:  1


41.2941071429 69.9410686928, 1.69373001457, 0.367633916602, 4.61119769721, 
resistor:  1


41.3955 70.1296369983, 1.6941367298, 0.367729169521, 4.61111283915, 
resistor:  1


41.4966785714 70.3075275962, 1.69429289323, 0.367765473088, 4.61107995951, 
resistor:  1


41.5977738095 70.4839248268, 1.69441579132, 0.367794553468, 4.61104502368, 
resistor:  1


41.6988333333 70.6589913758, 1.69450763313, 0.367814902727, 4.61103465792, 
resistor:  1


41.7999047619 70.834442769, 1.69460775503, 0.367837264371, 4.61102213166, 
resistor:  1


41.9009761905 71.0095329477, 1.69469877324, 0.367858065396, 4.61100419465, 
resistor:  1


42.0021428571 71.185419372, 1.69480446781, 0.367882610811, 4.61097941417, 
resistor:  1


42.1032738095 71.3604111566, 1.69488984347, 0.367902079195, 4.61096546354, 
resistor:  1


42.2046309524 71.5358507983, 1.69497633753, 0.367923638275, 4.61092349971, 
resistor:  1


42.306 71.7118565055, 1.69507532041, 0.367946896041, 4.61089655408, 
resistor:  1


42.4071547619 71.9034634034, 1.69555028643, 0.368060485989, 4.61078354393, 
resistor:  1


42.5083214286 72.0818674788, 1.69571192313, 0.36809947767, 4.61073319939, 
resistor:  1


42.6094761905 72.2572592981, 1.69580257159, 0.368122416014, 4.61068838226, 
resistor:  1


42.7105119048 72.4316127088, 1.69587320495, 0.368140137572, 4.61065379229, 
resistor:  1


42.8116071429 72.6076118161, 1.69597958736, 0.368165850696, 4.61061684233, 
resistor:  1


42.9126785714 72.7821542495, 1.6960524645, 0.368183850985, 4.61058469017, 
resistor:  1


43.0137857143 72.956477108, 1.69611848612, 0.368200638531, 4.61054881436, 
resistor:  1


43.1149404762 73.1322089769, 1.69621500503, 0.368223997493, 4.61051457715, 
resistor:  1


43.216 73.3074890045, 1.69630435497, 0.368246358354, 4.6104735965, 
resistor:  1


43.3171190476 73.4829193927, 1.69639442808, 0.368266192705, 4.61046506181, 
resistor:  1


43.4182619048 73.6723448762, 1.69680548332, 0.368362601768, 4.61037950704, 
resistor:  1


43.5193809524 73.848025802, 1.69689973033, 0.368383793123, 4.61036603905, 
resistor:  1


43.6205952381 74.0245936242, 1.69701016733, 0.368409792488, 4.61033685275, 
resistor:  1


43.7219166667 74.2009363874, 1.69711078664, 0.368432969222, 4.61031613093, 
resistor:  1


43.8232738095 74.3764654245, 1.69719098915, 0.368450941773, 4.61030390369, 
resistor:  1


43.9244404762 74.5524877176, 1.6972894113, 0.368473181884, 4.61028809969, 
resistor:  1


44.0256071429 74.7274353341, 1.69736297087, 0.368490981915, 4.61026033712, 
resistor:  1


44.1267619048 74.920051841, 1.6978370632, 0.368602185113, 4.61016761039, 
resistor:  1


44.2278809524 75.1180444786, 1.69843191356, 0.368742454838, 4.6100434533, 
resistor:  1


44.3290595238 75.3163726533, 1.69902933792, 0.3688842472, 4.60991019499, 
resistor:  1


44.4302142857 75.5285684722, 1.69993707405, 0.369101614969, 4.60970556243, 
resistor:  1


44.5315714286 75.7275487184, 1.7005361879, 0.369242026524, 4.60959096805, 
resistor:  1


44.6327261905 75.9260725674, 1.70113006863, 0.369381881937, 4.60946943562, 
resistor:  1


44.7337738095 76.1222557467, 1.70167301491, 0.369510655015, 4.60934749495, 
resistor:  1


44.8348333333 76.2984059711, 1.70176624509, 0.369531575761, 4.60933469688, 
resistor:  1


44.9359166667 76.47357401, 1.70183629673, 0.369547676879, 4.60931970388, 
resistor:  1


45.0370238095 76.6494987406, 1.70192193571, 0.369567958802, 4.60929279057, 
resistor:  1


45.1380952381 76.8259529936, 1.70202026887, 0.369590400954, 4.60927505894, 
resistor:  1


45.2393690476 77.0006551249, 1.70207181811, 0.369602549853, 4.6092586817, 
resistor:  1


45.340702381 77.1764849645, 1.70214577436, 0.369618136911, 4.60925979217, 
resistor:  1


45.4418809524 77.3653066508, 1.70251109834, 0.36970250826, 4.60919944088, 
resistor:  1


45.5430238095 77.5418493073, 1.70260652063, 0.369724462117, 4.60918042173, 
resistor:  1


45.6441190476 77.7182805743, 1.70270085601, 0.369746695789, 4.60915695075, 
resistor:  1


45.7453333333 77.8932395066, 1.70275815762, 0.369759456343, 4.60914572927, 
resistor:  1


45.846452381 78.0684907611, 1.70282511965, 0.36977398034, 4.60914112252, 
resistor:  1


45.947702381 78.2450357045, 1.70291508933, 0.369794823047, 4.60912113368, 
resistor:  1


46.0488690476 78.4201589185, 1.70297687089, 0.369809389819, 4.6091021694, 
resistor:  1


46.1499880952 78.5955390252, 1.7030457053, 0.369825211964, 4.60908807392, 
resistor:  1


46.2510714286 78.7698640739, 1.70309274231, 0.369837609638, 4.60905536266, 
resistor:  1


46.3521547619 78.946093537, 1.70318065994, 0.369858386214, 4.60903155173, 
resistor:  1


46.4532380952 79.1335616074, 1.70351012873, 0.369935513988, 4.6089656951, 
resistor:  1


46.5543452381 79.3099812461, 1.70359997204, 0.36995796778, 4.60892699438, 
resistor:  1


46.6556904762 79.4858691621, 1.70366933488, 0.369975317173, 4.60889548322, 
resistor:  1


46.757047619 79.6606751701, 1.70371482432, 0.369986279432, 4.60887595556, 
resistor:  1


46.858202381 79.8362774736, 1.70378446925, 0.370003150529, 4.60884958243, 
resistor:  1


46.9594047619 80.0112378155, 1.70383841578, 0.370016692908, 4.60882193164, 
resistor:  1


47.0606666667 80.1858906969, 1.70388344187, 0.370027295067, 4.60880694593, 
resistor:  1


47.1617619048 80.3634620928, 1.70399617926, 0.370054006431, 4.60877618685, 
resistor:  1


47.2628809524 80.5392127968, 1.70406905322, 0.370070881486, 4.60876010438, 
resistor:  1


47.3639166667 80.7183550031, 1.70421621951, 0.370103485794, 4.60875162717, 
resistor:  1


47.4650357143 80.9058000924, 1.70453469327, 0.370176734861, 4.60870063172, 
resistor:  1


47.5661071429 81.0831641985, 1.70464158345, 0.370201296682, 4.60867981099, 
resistor:  1


47.6671785714 81.2589733177, 1.70471539858, 0.370217895035, 4.60866815639, 
resistor:  1


47.7683333333 81.4352512534, 1.70479574167, 0.370235693888, 4.60865916249, 
resistor:  1


47.8695238095 81.6106367, 1.70485582904, 0.370249102878, 4.60865007628, 
resistor:  1


47.9707619048 81.7860068899, 1.70491365245, 0.370262417614, 4.60863626344, 
resistor:  1


48.0718571429 81.9612090985, 1.70497280467, 0.370276356917, 4.6086209862, 
resistor:  1


48.1731071429 82.1365565176, 1.70502924534, 0.370289508141, 4.60860287208, 
resistor:  1


48.2745357143 82.3125174415, 1.70509185067, 0.370305286069, 4.60857171886, 
resistor:  1


48.375797619 82.4928677092, 1.70525080245, 0.370342801993, 4.60853364213, 
resistor:  1


48.4769404762 82.6770915481, 1.70549318369, 0.370399631026, 4.60848300106, 
resistor:  1


48.5781428571 82.8531866557, 1.70556513244, 0.370417544837, 4.60845109206, 
resistor:  1


48.6793809524 83.0286209464, 1.70562195578, 0.370431513405, 4.6084270056, 
resistor:  1


48.7804642857 83.2030198461, 1.70566272922, 0.370441211062, 4.60841174477, 
resistor:  1


48.8815952381 83.3805462278, 1.70576565314, 0.37046610151, 4.60837861207, 
resistor:  1


48.9827619048 83.5577100284, 1.70585950606, 0.370489238988, 4.60834132729, 
resistor:  1


49.0839642857 83.7396147277, 1.70604831835, 0.370534122219, 4.60829434469, 
resistor:  1


49.1851547619 83.9392993995, 1.70659825726, 0.37066283238, 4.60819114217, 
resistor:  1


49.2862857143 84.1405326363, 1.70717941953, 0.370799205747, 4.60808052445, 
resistor:  1


49.3874166667 84.3470746345, 1.70786569388, 0.37096176209, 4.60794160307, 
resistor:  1


49.4889642857 84.5550242241, 1.708563221, 0.371126143586, 4.60780866906, 
resistor:  1


49.5903452381 84.7552752874, 1.70910839359, 0.371253300352, 4.60771182886, 
resistor:  1


49.6918333333 84.9544969009, 1.70962693872, 0.371373521222, 4.60762666561, 
resistor:  1


49.7931309524 85.1543260005, 1.71016211216, 0.371499092981, 4.60752335069, 
resistor:  1


49.8942857143 85.3533606406, 1.71068408774, 0.371620351668, 4.60743456785, 
resistor:  1


49.9954642857 85.5430220663, 1.71101565489, 0.371696170859, 4.60738940205, 
resistor:  1


50.0967738095 85.7202257118, 1.71109273499, 0.371711928437, 4.60739644756, 
resistor:  1


50.1979761905 85.8959330529, 1.71114334823, 0.371722959129, 4.6073906995, 
resistor:  1


50.2993690476 86.0724473578, 1.71120332099, 0.371737063301, 4.60737473525, 
resistor:  1


50.4005238095 86.2556501144, 1.71140384255, 0.371783312816, 4.60733958196, 
resistor:  1


50.5016309524 86.4364643848, 1.71155787951, 0.371818436988, 4.60731790806, 
resistor:  1


50.6028809524 86.6117836461, 1.71159787775, 0.371827317347, 4.60731134014, 
resistor:  1


50.7040119048 86.7864951227, 1.71162974807, 0.37183460557, 4.60730171032, 
resistor:  1


50.8050238095 86.962266342, 1.71168636133, 0.371847316417, 4.60729256271, 
resistor:  1


50.9061547619 87.1368904009, 1.71171621209, 0.371853699946, 4.60728924464, 
resistor:  1


51.0073095238 87.3117038333, 1.71174885812, 0.371860804835, 4.60728411475, 
resistor:  1


51.1084642857 87.4874296181, 1.71179922623, 0.371872216903, 4.6072753388, 
resistor:  1


51.2096785714 87.6634275231, 1.71185271942, 0.371884071177, 4.60726742489, 
resistor:  1


51.3110595238 87.8397134182, 1.71190605365, 0.37189434415, 4.60727976505, 
resistor:  1


51.4122261905 88.0279975046, 1.71219968531, 0.371962159976, 4.6072319545, 
resistor:  1


51.5133809524 88.2055872519, 1.71228495628, 0.371979550241, 4.60724213815, 
resistor:  1


51.6145119048 88.380591602, 1.71232059242, 0.371986583174, 4.6072470117, 
resistor:  1


51.7155714286 88.5561313647, 1.71236880727, 0.371997987773, 4.60723170531, 
resistor:  1


51.8166428571 88.7320538565, 1.71242382686, 0.372012092692, 4.60720127971, 
resistor:  1


51.9177619048 88.9065954495, 1.71245046373, 0.3720187089, 4.60718697984, 
resistor:  1


52.0190119048 89.0832917934, 1.71251410843, 0.372034268522, 4.60716190216, 
resistor:  1


52.1203690476 89.2600540426, 1.71257524982, 0.372048791888, 4.60714306946, 
resistor:  1


52.2216904762 89.4366300918, 1.71263375958, 0.372064707412, 4.60710059532, 
resistor:  1


52.3231071429 89.6117866782, 1.71266179651, 0.372072755294, 4.60707342335, 
resistor:  1


52.4242857143 89.8009668416, 1.71296500502, 0.37214661561, 4.60697840919, 
resistor:  1


52.5254285714 89.976694918, 1.71301210414, 0.372158500414, 4.60695380844, 
resistor:  1


52.6264642857 90.1524945314, 1.7130638692, 0.372170551085, 4.60694006334, 
resistor:  1


52.72775 90.3275283271, 1.71309278942, 0.372176734534, 4.60693702308, 
resistor:  1


52.8291190476 90.5032859548, 1.71313259782, 0.372185212087, 4.60693533401, 
resistor:  1


52.9303095238 90.6798893076, 1.71319401159, 0.372199230595, 4.60692483726, 
resistor:  1


53.0315238095 90.8536577898, 1.71320096545, 0.372201841595, 4.60690766446, 
resistor:  1


53.1325833333 91.03126086, 1.71328505315, 0.372221729568, 4.60688492981, 
resistor:  1


53.2375119048 91.2235988309, 1.71352107878, 0.372276126809, 4.60684850151, 
resistor:  1


53.3387738095 91.3996155524, 1.71356799237, 0.372286611171, 4.60684105874, 
resistor:  1


53.4401666667 91.5898607192, 1.71387677906, 0.372358961747, 4.60677953855, 
resistor:  1


53.5413095238 91.7665751437, 1.71393968433, 0.37237242135, 4.60677853815, 
resistor:  1


53.6425119048 91.9421198473, 1.7139786446, 0.372380965532, 4.60677381455, 
resistor:  1


53.7436666667 92.1181396681, 1.71402781726, 0.372391609053, 4.60677059664, 
resistor:  1


53.8447857143 92.2934627409, 1.71406500215, 0.372399346375, 4.6067708166, 
resistor:  1


53.9462619048 92.4714123165, 1.71413938708, 0.372416457683, 4.60675576961, 
resistor:  1


54.0475714286 92.6476328359, 1.71418678744, 0.372426464391, 4.60675539442, 
resistor:  1


54.1490714286 92.8242846177, 1.71423594475, 0.372437068762, 4.60675163518, 
resistor:  1


54.2504761905 93.0001816717, 1.71427401568, 0.372446603673, 4.60673240243, 
resistor:  1


54.3516785714 93.1757033686, 1.71431142179, 0.37245619492, 4.60671107329, 
resistor:  1


54.452797619 93.364684167, 1.71459848253, 0.372524095204, 4.60664713764, 
resistor:  1


54.5539642857 93.5421720176, 1.71467231103, 0.372541190221, 4.60663142, 
resistor:  1


54.6551309524 93.7179060213, 1.71471377688, 0.372551643888, 4.60661026813, 
resistor:  1


54.7561785714 93.8927852049, 1.71474320624, 0.372559082804, 4.60659371637, 
resistor:  1


54.8574642857 94.0685120281, 1.7147805363, 0.372567683739, 4.60658452111, 
resistor:  1


54.9588809524 94.2455312155, 1.71483715793, 0.372581590388, 4.60656244732, 
resistor:  1


55.06025 94.4199635596, 1.71484807206, 0.372584304095, 4.60655459727, 
resistor:  1


55.1617738095 94.5970735778, 1.71490267707, 0.372597434942, 4.60653572441, 
resistor:  1


55.2631547619 94.7733019905, 1.71494556181, 0.372607077109, 4.60652782796, 
resistor:  1


55.3643452381 94.9487455346, 1.71498001333, 0.372614638478, 4.60652298878, 
resistor:  1


55.465547619 95.139054552, 1.71528198379, 0.372684315686, 4.6064737704, 
resistor:  1


55.5667857143 95.3147101187, 1.71531804285, 0.372691283655, 4.60648096346, 
resistor:  1


55.6681190476 95.4905840589, 1.71535495886, 0.372699542083, 4.60647426569, 
resistor:  1


55.7694761905 95.666113064, 1.71538482336, 0.372706095705, 4.60646988199, 
resistor:  1


55.8706785714 95.8429346943, 1.71544246723, 0.372718031953, 4.60647375767, 
resistor:  1


55.9723333333 96.0226018352, 1.71553687539, 0.372739989878, 4.60645504162, 
resistor:  1


56.0735119048 96.2002019678, 1.71560864836, 0.372756225883, 4.60644399212, 
resistor:  1


56.1746666667 96.3757800282, 1.71564489381, 0.372764594941, 4.60643394083, 
resistor:  1


56.2756785714 96.5506268784, 1.71567237089, 0.372771684283, 4.60641672343, 
resistor:  1


56.3767738095 96.7268155362, 1.71572101417, 0.372782812601, 4.60640644383, 
resistor:  1


56.4778809524 96.915005303, 1.71598161384, 0.372844527179, 4.60634609968, 
resistor:  1


56.5789047619 97.0899026059, 1.71600887317, 0.372851130461, 4.60633432467, 
resistor:  1


56.6799880952 97.2653539409, 1.71604400794, 0.372859113143, 4.60632636058, 
resistor:  1


56.7810952381 97.4409189249, 1.71608029955, 0.372867166699, 4.60632096223, 
resistor:  1


56.8821309524 97.6149865524, 1.71609229327, 0.372869625119, 4.60631893806, 
resistor:  1


56.9834761905 97.7919936443, 1.71614650741, 0.372882934201, 4.60629738995, 
resistor:  1


57.084797619 97.9667377131, 1.71616160167, 0.372886652556, 4.60628930265, 
resistor:  1


57.1861428571 98.1534118201, 1.71638454556, 0.37293908574, 4.60624469756, 
resistor:  1


57.2875238095 98.3483847623, 1.71675049334, 0.373023071757, 4.60619402688, 
resistor:  1


57.3886904762 98.525904796, 1.71681744223, 0.373038409203, 4.60618203484, 
resistor:  1


57.4898809524 98.7165639916, 1.71711199182, 0.373105732125, 4.60614274041, 
resistor:  1


57.5910238095 98.8920558428, 1.71714356338, 0.373111902067, 4.60614710828, 
resistor:  1


57.6921309524 99.0679024228, 1.7171822359, 0.373119995771, 4.60614738212, 
resistor:  1


57.793297619 99.246414791, 1.71726513073, 0.373139017313, 4.60613303948, 
resistor:  1


57.8944047619 99.4219623879, 1.71729829155, 0.373145252256, 4.60614313212, 
resistor:  1


57.9955952381 99.5987564687, 1.71735036186, 0.373157022377, 4.60613456393, 
resistor:  1


58.09675 99.77520814, 1.71739741276, 0.373167534882, 4.60612810584, 
resistor:  1


58.1978095238 99.9504086403, 1.71742561203, 0.37317445013, 4.60611746427, 
resistor:  1


58.2988690476 100.12544921, 1.71745097025, 0.373180306133, 4.60610826278, 
resistor:  1


58.3998928571 100.297309706, 1.7174228376, 0.373174386468, 4.60610233657, 
resistor:  1


58.5011190476 100.493580345, 1.71780612031, 0.373265975344, 4.60601226669, 
resistor:  1


58.6021666667 100.67397961, 1.717922482, 0.373294102662, 4.60597579473, 
resistor:  1


58.703452381 100.851172444, 1.71797685406, 0.373305531391, 4.60597748016, 
resistor:  1


58.8048214286 101.026625923, 1.71799902574, 0.373310023908, 4.60597791317, 
resistor:  1


58.906 101.208617259, 1.7181376644, 0.37334150022, 4.60595996176, 
resistor:  1


59.0071785714 101.38368912, 1.71815856264, 0.373347099223, 4.60594347837, 
resistor:  1


59.108297619 101.560266917, 1.71820659718, 0.373358661575, 4.60592667393, 
resistor:  1


59.2093690476 101.735552966, 1.71823403293, 0.373363367528, 4.60593910314, 
resistor:  1


59.3104404762 101.911576736, 1.71827381348, 0.373371012136, 4.60594828456, 
resistor:  1


59.4115 102.087592896, 1.7183136749, 0.373379809372, 4.60594501678, 
resistor:  1


59.5125952381 102.276264295, 1.71856501781, 0.37343722319, 4.60591097619, 
resistor:  1


59.6136547619 102.452319537, 1.71860490597, 0.373446197146, 4.60590413375, 
resistor:  1


59.7149285714 102.627449703, 1.71862300028, 0.373449140768, 4.60591277773, 
resistor:  1


59.8160357143 102.802958179, 1.71865214656, 0.373455346408, 4.60591061761, 
resistor:  1


59.9170952381 102.978771348, 1.71868764564, 0.373462192535, 4.60591789064, 
resistor:  1


60.0183452381 103.154775527, 1.71872075309, 0.373468926571, 4.60592000703, 
resistor:  1


60.1195952381 103.330185763, 1.71874386967, 0.373472762422, 4.60593143336, 
resistor:  1


60.2209166667 103.505257052, 1.7187592415, 0.373476337579, 4.60592571761, 
resistor:  1


60.32225 103.681411084, 1.71879217178, 0.373484837312, 4.60590649642, 
resistor:  1


60.4234166667 103.858088832, 1.71883840011, 0.373497409236, 4.60587467765, 
resistor:  1


60.5246309524 104.045300846, 1.71905717075, 0.373548702068, 4.6058303915, 
resistor:  1


60.6257261905 104.221651157, 1.71909942703, 0.373558438429, 4.60582047455, 
resistor:  1


60.7268809524 104.396168967, 1.7191096814, 0.373561028468, 4.60581250078, 
resistor:  1


60.8280714286 104.571217071, 1.71912761025, 0.373565897408, 4.60579703354, 
resistor:  1


60.9292857143 104.746915829, 1.71915548658, 0.373572491583, 4.60578752208, 
resistor:  1


61.0304404762 104.921986463, 1.71917465521, 0.373576914048, 4.60578105013, 
resistor:  1


61.1315952381 105.097072724, 1.71919401603, 0.373581176107, 4.60577713217, 
resistor:  1


61.2326309524 105.276450552, 1.71928674164, 0.37360184477, 4.60577077226, 
resistor:  1


61.3337261905 105.451255764, 1.71930294005, 0.373602833361, 4.60579844464, 
resistor:  1


61.4349642857 105.632746782, 1.71942391454, 0.373629187389, 4.60579722718, 
resistor:  1


61.5361190476 105.817151075, 1.71959416214, 0.37366760888, 4.60577844212, 
resistor:  1


61.6383571429 105.994871796, 1.71962519297, 0.373674790099, 4.6057716171, 
resistor:  1


61.73975 106.170681916, 1.71964871765, 0.373679320297, 4.60577437527, 
resistor:  1


61.8409166667 106.346614693, 1.71968043853, 0.373686411612, 4.6057690146, 
resistor:  1


61.9420833333 106.522534315, 1.71971184343, 0.373692598628, 4.60577401293, 
resistor:  1


62.0432619048 106.697659417, 1.71973001002, 0.373696044153, 4.60577710833, 
resistor:  1


62.144452381 106.8751784, 1.71978630923, 0.373708502476, 4.60577103997, 
resistor:  1


62.2455833333 107.050341968, 1.71980622938, 0.373712957307, 4.60576658095, 
resistor:  1


62.3466547619 107.225799776, 1.71983244628, 0.373719154234, 4.60575742731, 
resistor:  1


62.4477738095 107.405203388, 1.7199204525, 0.373740248388, 4.60573207998, 
resistor:  1


62.5488809524 107.590280244, 1.72009920251, 0.373783154153, 4.60568361567, 
resistor:  1


62.6499642857 107.765290042, 1.72011734198, 0.373787583103, 4.60567444618, 
resistor:  1


62.7510714286 107.940248869, 1.72013395805, 0.37379112514, 4.60567187709, 
resistor:  1


62.8522619048 108.116265997, 1.72016507791, 0.373798988771, 4.60565563668, 
resistor:  1


62.9533809524 108.292672444, 1.72020423376, 0.373808148982, 4.60564625754, 
resistor:  1


63.054547619 108.467257562, 1.72021307991, 0.373810097952, 4.60564351658, 
resistor:  1


63.1558214286 108.643044062, 1.72023800189, 0.373815841118, 4.60563674861, 
resistor:  1


63.2571666667 108.818837487, 1.72026101107, 0.373820761693, 4.6056351154, 
resistor:  1


63.3584047619 108.991368134, 1.72023535857, 0.373814157187, 4.60564433178, 
resistor:  1


63.4596190476 109.168418609, 1.72028165702, 0.373824481005, 4.60564178218, 
resistor:  1


63.5609166667 109.341519112, 1.72026340787, 0.37381987695, 4.60565374619, 
resistor:  1


63.6620833333 109.490437364, 1.71986890205, 0.373727305048, 4.60574785734, 
resistor:  1


63.7631190476 109.64540474, 1.7195740481, 0.373658282884, 4.60581755394, 
resistor:  1


63.86425 109.825029758, 1.7196636578, 0.373678859452, 4.60580088711, 
resistor:  1


63.965452381 110.004947029, 1.71975563268, 0.373699323445, 4.60579165969, 
resistor:  1


64.0665833333 110.180249926, 1.71977720979, 0.37370405021, 4.60578820018, 
resistor:  1


64.167702381 110.354947041, 1.71978959736, 0.373706538431, 4.60578712329, 
resistor:  1


64.2688571429 110.529863618, 1.719804405, 0.373709782716, 4.60578373847, 
resistor:  1


64.3702738095 110.705293336, 1.71982014033, 0.373713534572, 4.60577672977, 
resistor:  1


64.471452381 110.888436288, 1.71996181554, 0.373746765721, 4.60574680054, 
resistor:  1


64.572547619 111.068998353, 1.72006529784, 0.373771885859, 4.6057152227, 
resistor:  1


64.6738214286 111.24466456, 1.72008800629, 0.37377706364, 4.60570826806, 
resistor:  1


64.7751904762 111.420071375, 1.72010411017, 0.37378074697, 4.60570270622, 
resistor:  1


64.8763690476 111.593795824, 1.72009928209, 0.373780283533, 4.60569239476, 
resistor:  1


64.9775595238 111.769535339, 1.72012516565, 0.373786392164, 4.60568373155, 
resistor:  1


65.0788452381 111.946566288, 1.72016829553, 0.373796660173, 4.60566988394, 
resistor:  1


65.18 112.121141135, 1.72017706559, 0.373798801103, 4.60566392445, 
resistor:  1


65.281 112.296227931, 1.72019772876, 0.373803121806, 4.60566308635, 
resistor:  1


65.3820714286 112.471085635, 1.72021294488, 0.373806903533, 4.60565394208, 
resistor:  1


65.4831547619 112.655099938, 1.72036763268, 0.373842526345, 4.60562844759, 
resistor:  1


65.5843571429 112.83724049, 1.72049015049, 0.373870231115, 4.60561478698, 
resistor:  1


65.685452381 113.011740091, 1.72049877096, 0.373870727125, 4.60562782726, 
resistor:  1


65.7865833333 113.187914228, 1.72053188497, 0.373877171912, 4.60563466509, 
resistor:  1


65.8877380952 113.371244671, 1.7206728892, 0.373909615441, 4.60561480984, 
resistor:  1


65.988797619 113.54554436, 1.72067909187, 0.373910373397, 4.60561822299, 
resistor:  1


66.0898095238 113.721071984, 1.72070509513, 0.373916189711, 4.60561374002, 
resistor:  1


66.1911071429 113.896132104, 1.72071652855, 0.373919452975, 4.60560115507, 
resistor:  1


66.2925 114.071809031, 1.7207347593, 0.373924050537, 4.60559064049, 
resistor:  1


66.3936666667 114.246319956, 1.7207412347, 0.373926317609, 4.60557744287, 
resistor:  1


66.4947857143 114.431935472, 1.72091592209, 0.37396750666, 4.60553820519, 
resistor:  1


66.5958214286 114.611684548, 1.72100414245, 0.373987755905, 4.60552328811, 
resistor:  1


66.6968571429 114.786410448, 1.72101678198, 0.373989657335, 4.6055305847, 
resistor:  1


66.7979047619 114.962191559, 1.72104487362, 0.373995971253, 4.60552518083, 
resistor:  1


66.8990595238 115.137015125, 1.72105581071, 0.373998400074, 4.60552182957, 
resistor:  1


67.0001666667 115.3120753, 1.72107146947, 0.374001756912, 4.60551944367, 
resistor:  1


67.1013095238 115.488249254, 1.72110276347, 0.374008423901, 4.60551835786, 
resistor:  1


67.2024285714 115.663698943, 1.7211237957, 0.374012352338, 4.60552315366, 
resistor:  1


67.3036904762 115.840084406, 1.72115501522, 0.374018794021, 4.60552445957, 
resistor:  1


67.4047380952 116.014793663, 1.72116674498, 0.374020217102, 4.60553547156, 
resistor:  1


67.5058928571 116.202389087, 1.72136659733, 0.374066712027, 4.60549974385, 
resistor:  1


67.607047619 116.381035965, 1.7214334905, 0.374081573814, 4.60549341559, 
resistor:  1


67.708297619 116.556974096, 1.72145775622, 0.374085767856, 4.60550364511, 
resistor:  1


67.8096666667 116.73396017, 1.72149438138, 0.37409342472, 4.60550467306, 
resistor:  1


67.9109047619 116.909171739, 1.72150808694, 0.374095693289, 4.60551101528, 
resistor:  1


68.0121309524 117.084794253, 1.72152809526, 0.374099170755, 4.60551918169, 
resistor:  1


68.1133095238 117.263054963, 1.72158798013, 0.37411250595, 4.60551360918, 
resistor:  1


68.214452381 117.437928483, 1.72159893371, 0.374114890548, 4.60551097447, 
resistor:  1


68.3155238095 117.613904053, 1.7216277867, 0.374119856579, 4.60552428792, 
resistor:  1


68.4165952381 117.788001864, 1.72162910847, 0.374118403502, 4.60554283416, 
resistor:  1


68.5176309524 117.980504043, 1.72189993149, 0.374181443374, 4.60549761506, 
resistor:  1


68.6186904762 118.156972294, 1.72193569237, 0.374188967134, 4.60549883409, 
resistor:  1


68.7198333333 118.331717111, 1.72194418076, 0.374189145627, 4.60551645204, 
resistor:  1


68.8209285714 118.507366166, 1.72196697467, 0.374193127642, 4.60552583295, 
resistor:  1


68.9222619048 118.686039763, 1.7220276364, 0.374205672311, 4.60553222984, 
resistor:  1


69.0234404762 118.861000277, 1.72203818669, 0.374206139071, 4.60555181982, 
resistor:  1


69.1246309524 119.032823876, 1.72200302897, 0.374195531924, 4.60558539497, 
resistor:  1


69.2259880952 119.202695342, 1.72193562882, 0.374177555215, 4.60562375813, 
resistor:  1


69.3273571429 119.374518365, 1.72189627998, 0.374166013091, 4.60565867139, 
resistor:  1


69.4287142857 119.551701902, 1.72193455016, 0.374172623692, 4.60567754531, 
resistor:  1


69.5303452381 119.719287239, 1.72182788435, 0.374145793008, 4.60572354264, 
resistor:  1


69.6315 119.868113555, 1.72146390003, 0.374060068924, 4.60581545943, 
resistor:  1


69.7326428571 120.016899777, 1.72110069058, 0.373973657527, 4.60591989638, 
resistor:  1


69.8336904762 120.165536801, 1.72073874346, 0.373888180939, 4.6060148892, 
resistor:  1


69.9348690476 120.313992791, 1.72037203229, 0.373801154653, 4.6061174979, 
resistor:  1


70.0361428571 120.462456271, 1.72000414866, 0.373713773767, 4.60622162329, 
resistor:  1


70.1373452381 120.610434033, 1.71963215351, 0.373625707566, 4.6063230152, 
resistor:  1


70.2387738095 120.75910346, 1.7192655411, 0.373539385089, 4.60641555056, 
resistor:  1


70.3399285714 120.907503027, 1.71890284057, 0.373454073247, 4.60650571478, 
resistor:  1


70.4410357143 121.055114674, 1.71853115796, 0.373366759823, 4.60659699999, 
resistor:  1


70.5421785714 121.218133425, 1.71837808074, 0.373330560186, 4.60663595242, 
resistor:  1


70.6434285714 121.36628969, 1.71801244849, 0.373244918199, 4.60672139308, 
resistor:  1


70.7448809524 121.51513727, 1.71765272107, 0.373160183753, 4.60681244812, 
resistor:  1


70.8461190476 121.663613075, 1.71729397051, 0.373076294125, 4.60689447102, 
resistor:  1


70.9473333333 121.811613608, 1.71693012104, 0.372991024334, 4.60698070928, 
resistor:  1


71.048702381 121.961520951, 1.71659040719, 0.372912535626, 4.60704451863, 
resistor:  1


71.1498452381 122.109425123, 1.71622896317, 0.372828409, 4.6071233192, 
resistor:  1


71.2509047619 122.25785074, 1.71587787058, 0.372745767582, 4.60720974548, 
resistor:  1


71.352 122.405750277, 1.71551954083, 0.372661821696, 4.60729407931, 
resistor:  1


71.4531071429 122.55663693, 1.71520374453, 0.372586560022, 4.60738665883, 
resistor:  1


71.5542619048 122.717409626, 1.71502586093, 0.37254408965, 4.60743684711, 
resistor:  1


71.6554404762 122.866132427, 1.71467974533, 0.372462423341, 4.60752639402, 
resistor:  1


71.7565357143 123.013898116, 1.71432325838, 0.372378052053, 4.607624093, 
resistor:  1


71.8575595238 123.162722869, 1.71398421663, 0.372297999493, 4.60771160717, 
resistor:  1


71.9586666667 123.310855239, 1.71363452036, 0.372215219955, 4.60780645119, 
resistor:  1


72.05975 123.45904565, 1.71328717695, 0.372132771664, 4.60790484817, 
resistor:  1


72.1609880952 123.607795341, 1.71294488343, 0.372052198386, 4.6079914481, 
resistor:  1


72.2624166667 123.755546452, 1.71258521595, 0.371967516237, 4.60808147217, 
resistor:  1


72.3636904762 123.909381383, 1.71231429143, 0.371904062862, 4.60814354835, 
resistor:  1


72.4648571429 124.066267045, 1.71208875498, 0.371850907734, 4.60819979523, 
resistor:  1


72.566 124.221233574, 1.71183796232, 0.371792637036, 4.60825009199, 
resistor:  1


72.6671428571 124.369246112, 1.71149217132, 0.371711085682, 4.60833965143, 
resistor:  1


72.768202381 124.516604808, 1.71114031588, 0.371628746967, 4.60842162134, 
resistor:  1


72.8692857143 124.664590934, 1.71079748775, 0.371548323622, 4.60850375345, 
resistor:  1


72.9704047619 124.811843013, 1.71044471275, 0.371465617156, 4.60858849753, 
resistor:  1


73.0715714286 124.960676168, 1.71011343707, 0.371387562143, 4.608672636, 
resistor:  1


73.1726785714 125.108478413, 1.70977037954, 0.371306655625, 4.60876162027, 
resistor:  1


73.2738333333 125.256743277, 1.70943347139, 0.371226519602, 4.60885866151, 
resistor:  1


73.3748571429 125.405323101, 1.70910483487, 0.371148629599, 4.60894869069, 
resistor:  1


73.4759404762 125.567321, 1.70895833638, 0.371113014438, 4.60900031185, 
resistor:  1


73.5772380952 125.721288481, 1.70869812098, 0.371051840321, 4.6090638419, 
resistor:  1


73.6785833333 125.870106239, 1.70836762252, 0.370973402364, 4.60915639023, 
resistor:  1


73.7799047619 126.018751331, 1.7080362429, 0.370895313294, 4.60924084641, 
resistor:  1


73.8811547619 126.167314762, 1.70770631792, 0.370817028382, 4.60933309967, 
resistor:  1


73.9824047619 126.315822834, 1.70737654771, 0.37073895353, 4.60942252697, 
resistor:  1


74.0835357143 126.465936033, 1.70707208847, 0.370666724087, 4.60950693167, 
resistor:  1


74.1846785714 126.614122223, 1.7067422096, 0.370589164367, 4.6095886714, 
resistor:  1


74.2857619048 126.761786877, 1.70640757565, 0.370510475525, 4.60967205189, 
resistor:  1


74.3870238095 126.911182129, 1.70609302039, 0.370436760421, 4.60974637197, 
resistor:  1


74.4883690476 127.07433003, 1.70596204018, 0.370405435461, 4.60978392339, 
resistor:  1


74.5898571429 127.224045249, 1.70564806158, 0.370332381554, 4.6098497563, 
resistor:  1


74.6909642857 127.371728748, 1.70531643239, 0.370254384, 4.60993295263, 
resistor:  1


74.7921190476 127.519739504, 1.70498898986, 0.370178017781, 4.6100056716, 
resistor:  1


74.8932261905 127.667913207, 1.70466569142, 0.370101909037, 4.61008633946, 
resistor:  1


74.9944285714 127.815407741, 1.70433204407, 0.370023552522, 4.61016832484, 
resistor:  1


75.0956071429 127.963888079, 1.70401296357, 0.369948582816, 4.61024639174, 
resistor:  1


75.1969761905 128.112848189, 1.70369680643, 0.369873628124, 4.61033353801, 
resistor:  1


75.2984166667 128.261176525, 1.70337149441, 0.369796356366, 4.61042615372, 
resistor:  1


75.3996309524 128.409564313, 1.70305295518, 0.369720847417, 4.61051404178, 
resistor:  1


75.5040238095 128.578451934, 1.70293509467, 0.369692205222, 4.61055282628, 
resistor:  1


75.6093333333 128.735615166, 1.70264184976, 0.369622988431, 4.61062893043, 
resistor:  1


75.7108928571 128.88500067, 1.70233100952, 0.369549113188, 4.61071728934, 
resistor:  1


75.8123333333 129.034409772, 1.70202398605, 0.369476793025, 4.61079551793, 
resistor:  1


75.913797619 129.183745444, 1.7017162821, 0.369403779504, 4.61088131033, 
