time, energy_1, power_1, avg_current_1, avg_voltage_1, 
resistor:  1


0.000547619047619 0.000780884931769, 1.42596378845, 0.310967221467, 4.68756368886, 
resistor:  1


0.101738095238 0.149340706715, 1.46789367704, 0.313860811908, 4.67759160972, 
resistor:  1


0.202714285714 0.297357190669, 1.46687831901, 0.313619640262, 4.67767200645, 
resistor:  1


0.303607142857 0.444782599114, 1.46499385663, 0.313069085163, 4.67981507001, 
resistor:  1


0.404619047619 0.594572338879, 1.46946205913, 0.314013815538, 4.6801700922, 
resistor:  1


0.505702380952 0.742476845639, 1.46820911589, 0.313643416545, 4.68152144847, 
resistor:  1


0.606607142857 0.89068308505, 1.46830299567, 0.313638590806, 4.68184743662, 
resistor:  1


0.707488095238 1.03862163257, 1.46804114382, 0.313546367435, 4.68238954914, 
resistor:  1


0.80830952381 1.1869664983, 1.46845541632, 0.313629790964, 4.68245308709, 
resistor:  1


0.909130952381 1.33518070033, 1.46863408053, 0.313650056532, 4.68269887568, 
resistor:  1


1.01002380952 1.48284585395, 1.46812960246, 0.313529750125, 4.68287590871, 
resistor:  1


1.11095238095 1.63175964983, 1.46879351249, 0.31366802505, 4.68292948972, 
resistor:  1


1.21183333333 1.77986012486, 1.46873342719, 0.313648042784, 4.68302378954, 
resistor:  1


1.31264285714 1.92696707455, 1.46800560721, 0.313495382199, 4.68297694851, 
resistor:  1


1.41358333333 2.09981293983, 1.48545394553, 0.317774163706, 4.67735327293, 
resistor:  1


1.51470238095 2.24771895217, 1.48393438899, 0.317433679559, 4.67740639936, 
resistor:  1


1.61572619048 2.39595083341, 1.48289409897, 0.317208711224, 4.67729188867, 
resistor:  1


1.71676190476 2.54369504982, 1.4816819052, 0.316933328833, 4.67740148859, 
resistor:  1


1.8178452381 2.69209868186, 1.48092842308, 0.316768829502, 4.67733355326, 
resistor:  1


1.91922619048 2.83989173402, 1.47970663808, 0.316488382653, 4.67751134028, 
resistor:  1


2.02052380952 2.98850748647, 1.47907561019, 0.316351553547, 4.67744164906, 
resistor:  1


2.12164285714 3.13829219195, 1.47918024063, 0.316376053595, 4.67735574867, 
resistor:  1


2.22277380952 3.28593907187, 1.47830564576, 0.316186458713, 4.67734084301, 
resistor:  1


2.32385714286 3.43906129957, 1.47989359421, 0.316543151552, 4.677078233, 
resistor:  1


2.42489285714 3.5963790441, 1.4831084324, 0.317303585187, 4.67611748856, 
resistor:  1


2.52594047619 3.74444957967, 1.48239818593, 0.31711920796, 4.67652881538, 
resistor:  1


2.62711904762 3.89386338376, 1.48218002808, 0.317058541514, 4.67668470462, 
resistor:  1


2.72823809524 4.04164347097, 1.48141156669, 0.316861858005, 4.67710442375, 
resistor:  1


2.82930952381 4.19060342028, 1.48113996896, 0.316790546669, 4.67724567463, 
resistor:  1


2.93039285714 4.3393110289, 1.48079497885, 0.316694078321, 4.67752797826, 
resistor:  1


3.03152380952 4.48724621179, 1.48019494278, 0.316548819274, 4.67773069536, 
resistor:  1


3.13269047619 4.63589868712, 1.47984574996, 0.316453663452, 4.67799070104, 
resistor:  1


3.23373809524 4.78417957863, 1.47945796404, 0.316358724035, 4.67812486842, 
resistor:  1


3.33479761905 4.94193646514, 1.48192994889, 0.316950431787, 4.67731697649, 
resistor:  1


3.43622619048 5.09464697982, 1.48262852834, 0.317127772442, 4.67692952453, 
resistor:  1


3.53753571429 5.24412275392, 1.4824225612, 0.317081466397, 4.67693505114, 
resistor:  1


3.63869047619 5.3926686396, 1.48203554957, 0.316998710164, 4.67691120933, 
resistor:  1


3.73989285714 5.54076390585, 1.48153011797, 0.316881647754, 4.67701082423, 
resistor:  1


3.84107142857 5.68918207771, 1.48114456695, 0.316796534195, 4.67699247431, 
resistor:  1


3.94223809524 5.86186919491, 1.4869394119, 0.318181690275, 4.67518847018, 
resistor:  1


4.04332142857 6.0341099152, 1.4923646368, 0.319466608468, 4.67362844435, 
resistor:  1


4.14445238095 6.20746181901, 1.49777612298, 0.320738639398, 4.67219953717, 
resistor:  1


4.24552380952 6.38583377047, 1.50413330768, 0.322253230939, 4.67033989832, 
resistor:  1


4.34660714286 6.58394515997, 1.51473205274, 0.324755495486, 4.66787358119, 
resistor:  1


4.44767857143 6.75864487751, 1.51958932485, 0.325872013421, 4.66697533967, 
resistor:  1


4.55386904762 6.92701955391, 1.52112840345, 0.326228627316, 4.66661128792, 
resistor:  1


4.65513095238 7.10112384208, 1.52544018949, 0.327244146524, 4.66544154293, 
resistor:  1


4.75632142857 7.27119689804, 1.52874380069, 0.328011028967, 4.66465137649, 
resistor:  1


4.85752380952 7.44458096371, 1.53258764252, 0.328908171858, 4.66368428403, 
resistor:  1


4.95889285714 7.6198991656, 1.53661298704, 0.329861440503, 4.66252529094, 
resistor:  1


5.0604047619 7.79892338642, 1.54116592513, 0.33093641076, 4.66129080889, 
resistor:  1


5.16179761905 7.97764131278, 1.5455160976, 0.331960366893, 4.66015941443, 
resistor:  1


5.26297619048 8.15275034641, 1.54907604582, 0.33279657489, 4.65921905572, 
resistor:  1


5.36411904762 8.34975444275, 1.55659379828, 0.334593270884, 4.65722460108, 
resistor:  1


5.46530952381 8.54874869811, 1.56418381445, 0.336378589146, 4.65551761216, 
resistor:  1


5.56652380952 8.74872584438, 1.57166773084, 0.338133306174, 4.65387796572, 
resistor:  1


5.6676547619 8.94619573883, 1.57846518792, 0.33972476081, 4.65240201354, 
resistor:  1


5.76871428571 9.14471774922, 1.58522632536, 0.341314848263, 4.65087266383, 
resistor:  1


5.86980952381 9.34189592143, 1.5915160251, 0.342794304506, 4.64943106496, 
resistor:  1


5.97098809524 9.53985776146, 1.59770168845, 0.344251666167, 4.64799388576, 
resistor:  1


6.07230952381 9.74080236676, 1.60413469184, 0.34577201034, 4.64648031137, 
resistor:  1


6.17367857143 9.94014728773, 1.61008500406, 0.347168655145, 4.64516392283, 
resistor:  1


6.27492857143 10.140999761, 1.61611397573, 0.348588221937, 4.64380881619, 
resistor:  1


6.37605952381 10.3582306015, 1.62455048653, 0.350591506354, 4.64194042717, 
resistor:  1


6.47746428571 10.5583356804, 1.63001063606, 0.351852147116, 4.64096492768, 
resistor:  1


6.57879761905 10.759870941, 1.63553761098, 0.353128712436, 4.63997570634, 
resistor:  1


6.68001190476 10.9566171617, 1.64020922685, 0.354206503275, 4.63912784788, 
resistor:  1


6.78121428571 11.1567957108, 1.64525042871, 0.355373603124, 4.6381910617, 
resistor:  1


6.88267857143 11.3561024802, 1.64995391871, 0.356458196345, 4.63735510045, 
resistor:  1


6.98388095238 11.5562067012, 1.65469697723, 0.3575608959, 4.63642649922, 
resistor:  1


7.08502380952 11.7536871582, 1.65894815236, 0.358537213631, 4.63569892872, 
resistor:  1


7.18611904762 11.9518094771, 1.66317999993, 0.359518445327, 4.63488420854, 
resistor:  1


7.28751190476 12.1517233254, 1.66747217489, 0.360514328234, 4.63405924435, 
resistor:  1


7.38858333333 12.3651886078, 1.67355337959, 0.361963469348, 4.63264871027, 
resistor:  1


7.48963095238 12.5805401749, 1.67972764678, 0.363438009695, 4.63119451173, 
resistor:  1


7.59077380952 12.7700506938, 1.68231210865, 0.364044239181, 4.63061826955, 
resistor:  1


7.69189285714 12.944373719, 1.68285933767, 0.364165185225, 4.63048231749, 
resistor:  1


7.79298809524 13.1200585595, 1.68357225741, 0.36432713131, 4.63028530583, 
resistor:  1


7.89807142857 13.3021524585, 1.68422792561, 0.364476593835, 4.63009862281, 
resistor:  1


7.9995 13.494727329, 1.68694635027, 0.365132061476, 4.62925387784, 
resistor:  1


8.10080952381 13.6723836284, 1.68777991733, 0.365327257422, 4.62898578582, 
resistor:  1


8.20220238095 13.8476893935, 1.68828916312, 0.365443632663, 4.62882034536, 
resistor:  1


8.3034047619 14.0217791876, 1.68867826989, 0.365526929315, 4.62874281636, 
resistor:  1


8.40452380952 14.2118352545, 1.69097447715, 0.366064059722, 4.62820684614, 
resistor:  1


8.50578571429 14.4048405792, 1.69353438507, 0.366668102768, 4.62757022892, 
resistor:  1


8.60692857143 14.5810295968, 1.69410370677, 0.366795788598, 4.62743351251, 
resistor:  1


8.70797619048 14.7550045765, 1.69442408359, 0.366861374425, 4.62739947776, 
resistor:  1


8.80914285714 14.9307219925, 1.69491200615, 0.36696609988, 4.62733216575, 
resistor:  1


8.91047619048 15.1135734377, 1.69615777144, 0.367255855591, 4.6270415353, 
resistor:  1


9.01179761905 15.3038473436, 1.69820140116, 0.367735871519, 4.62654693725, 
resistor:  1


9.11317857143 15.4787712651, 1.6985041107, 0.367795230655, 4.62654453779, 
resistor:  1


9.21455952381 15.6545031026, 1.69888783746, 0.36788084344, 4.62643893029, 
resistor:  1


9.31573809524 15.8288418577, 1.69915058752, 0.367942095682, 4.62631859393, 
resistor:  1


9.41705952381 16.022198212, 1.70140139515, 0.368478688429, 4.62570148891, 
resistor:  1


9.5184047619 16.20382833, 1.70236806853, 0.368701919003, 4.62546097999, 
resistor:  1


9.61952380952 16.3650505793, 1.70123291998, 0.368435721755, 4.62566529718, 
resistor:  1


9.72072619048 16.5136177892, 1.69880495197, 0.367869990942, 4.62617015973, 
resistor:  1


9.82191666667 16.6614764849, 1.6963569383, 0.367304119773, 4.62661401762, 
resistor:  1


9.92333333333 16.8451638473, 1.69753078743, 0.367600006392, 4.6261233175, 
resistor:  1


10.0246547619 17.0313054419, 1.69894184352, 0.367938170747, 4.62569093683, 
resistor:  1


10.125797619 17.2072746517, 1.6993500462, 0.36802998994, 4.62558365708, 
resistor:  1


10.2269166667 17.3837868028, 1.69980722142, 0.368137548721, 4.62541382791, 
resistor:  1


10.3279880952 17.5626318633, 1.70048916607, 0.368287945564, 4.62532779465, 
resistor:  1


10.429202381 17.7791855388, 1.70475026655, 0.369299349946, 4.62442414612, 
resistor:  1


10.5305952381 17.9889820253, 1.70825880385, 0.370118884674, 4.62376063546, 
resistor:  1


10.6318452381 18.1866319882, 1.7105809557, 0.370653540786, 4.62336016614, 
resistor:  1


10.733047619 18.3620621112, 1.71079666865, 0.370692068082, 4.6233995452, 
resistor:  1


10.834202381 18.5370521745, 1.71097525436, 0.370726388501, 4.62339276608, 
resistor:  1


10.9354761905 18.7301837793, 1.71279087011, 0.371149882623, 4.62299668076, 
resistor:  1


11.0368809524 18.9065824508, 1.71303672952, 0.371208923108, 4.62287120239, 
resistor:  1


11.1381071429 19.0837519608, 1.71337478766, 0.371279622128, 4.62285126314, 
resistor:  1


11.2392380952 19.2571265461, 1.71338362822, 0.371274538231, 4.62287730865, 
resistor:  1


11.3408452381 19.4317115297, 1.71342709663, 0.371281267784, 4.62284935049, 
resistor:  1


11.4421190476 19.63697015, 1.71620047548, 0.37194276838, 4.62216901396, 
resistor:  1


11.5432261905 19.8162057495, 1.716695612, 0.372051626973, 4.62210555716, 
resistor:  1


11.6443571429 19.9912645551, 1.71681994204, 0.372080409634, 4.62202710068, 
resistor:  1


11.7455 20.1649023852, 1.71681941043, 0.372083741667, 4.62193212199, 
resistor:  1


11.8466904762 20.3394745408, 1.71689085502, 0.372106023809, 4.62179479322, 
resistor:  1


11.9480119048 20.5148851546, 1.71701244676, 0.37213852883, 4.62166829014, 
resistor:  1


12.0495714286 20.6899193765, 1.71706682675, 0.372154553997, 4.62156387997, 
resistor:  1


12.1508333333 20.864234851, 1.71710320425, 0.372163144158, 4.62150522767, 
resistor:  1


12.2519642857 21.0392224573, 1.71721219281, 0.372190804576, 4.62140394978, 
resistor:  1


12.3531071429 21.2137378292, 1.71727951388, 0.372206283682, 4.62134308772, 
resistor:  1


12.4543809524 21.4016442293, 1.71840289061, 0.372467143837, 4.62110813098, 
resistor:  1


12.5557738095 21.5761731094, 1.71842639384, 0.372468596222, 4.6211054329, 
resistor:  1


12.6568690476 21.7508602581, 1.71850243344, 0.372486086917, 4.62104615441, 
resistor:  1


12.7580714286 21.9207400272, 1.71818602442, 0.372412050873, 4.62106416001, 
resistor:  1


12.859202381 22.0943432948, 1.71817369696, 0.372409892436, 4.6210121993, 
resistor:  1


12.9607380952 22.2709494367, 1.71833959401, 0.372446914296, 4.62095598964, 
resistor:  1


13.0621071429 22.4447173679, 1.71830755348, 0.372435413941, 4.62096855533, 
resistor:  1


13.16325 22.6197158528, 1.71839901641, 0.372454043711, 4.62094071814, 
resistor:  1


13.2646666667 22.7936941022, 1.71837669766, 0.372450178618, 4.62088674345, 
resistor:  1


13.365797619 22.9674355041, 1.71837372962, 0.372455967998, 4.62076751447, 
resistor:  1


13.4669761905 23.1549803862, 1.71938971739, 0.372696203592, 4.6205075075, 
resistor:  1


13.5680119048 23.3282891929, 1.71935942839, 0.372693003959, 4.6204330128, 
resistor:  1


13.6691071429 23.5013233927, 1.71930201052, 0.372681505878, 4.62037706409, 
resistor:  1


13.7704285714 23.6764951903, 1.71937242675, 0.372697738938, 4.62032645704, 
resistor:  1


13.8715714286 23.8502453071, 1.71936146023, 0.372698637505, 4.62024700813, 
resistor:  1


13.9729642857 24.0241604632, 1.7193317017, 0.372694843692, 4.62017376299, 
resistor:  1


14.0743095238 24.1983520682, 1.71932783113, 0.372696446402, 4.62010390376, 
resistor:  1


14.1756666667 24.3746928071, 1.71947417926, 0.372733698172, 4.62000103148, 
resistor:  1


14.2767857143 24.5454837624, 1.71925839987, 0.372681213335, 4.62003379805, 
resistor:  1


14.3778452381 24.7189865364, 1.71924138332, 0.372678393812, 4.61999021098, 
resistor:  1


14.479 24.910239979, 1.72043925541, 0.37295891953, 4.61973342232, 
resistor:  1


14.5801309524 25.0858287799, 1.72054893484, 0.372979940101, 4.61973274123, 
resistor:  1


14.6812142857 25.2605166967, 1.72060132119, 0.372989534731, 4.61972002617, 
resistor:  1


14.7823333333 25.4348280336, 1.72062335899, 0.372990501873, 4.61973315612, 
resistor:  1


14.883547619 25.6103540566, 1.72071569978, 0.373004417326, 4.61977484291, 
resistor:  1


14.984702381 25.783386831, 1.72064724247, 0.372981788471, 4.6198383666, 
resistor:  1


15.085797619 25.9576055343, 1.72066510434, 0.372978789889, 4.61989080612, 
resistor:  1


15.1868809524 26.1321206401, 1.72070359424, 0.372985969081, 4.61987474095, 
resistor:  1


15.2879285714 26.3066980709, 1.72074967174, 0.372991874629, 4.61989275798, 
resistor:  1


15.389047619 26.4848580681, 1.72101995677, 0.373057760739, 4.61978163598, 
resistor:  1


15.4903452381 26.6708361962, 1.72177158005, 0.373234356621, 4.61960028422, 
resistor:  1


15.591702381 26.845339696, 1.72177091636, 0.373232393414, 4.61959172284, 
resistor:  1


15.6929642857 27.019502678, 1.72175901162, 0.373226934427, 4.61960336, 
resistor:  1


15.7941785714 27.2066408406, 1.72257396721, 0.373418428151, 4.619393354, 
resistor:  1


15.8955119048 27.3957684942, 1.7234907978, 0.373634229413, 4.61917809972, 
resistor:  1


15.9968333333 27.5695763327, 1.72343961822, 0.373620051374, 4.61918651036, 
resistor:  1


16.0981309524 27.744354292, 1.72345189476, 0.373620394186, 4.61918543481, 
resistor:  1


16.1994285714 27.9179951007, 1.72339382081, 0.373608184376, 4.61915088471, 
resistor:  1


16.3007857143 28.0929463108, 1.72341056457, 0.373605670121, 4.61919978506, 
resistor:  1


16.4020238095 28.2717034991, 1.72367165341, 0.373663899142, 4.61915517806, 
resistor:  1


16.5032380952 28.4563802462, 1.72429071689, 0.373806972622, 4.61903766894, 
resistor:  1


16.6044166667 28.6317077123, 1.72434288341, 0.373814263097, 4.61906296118, 
resistor:  1


16.705547619 28.8059992776, 1.72433732401, 0.37380807913, 4.61909707808, 
resistor:  1


16.8067261905 28.9803334755, 1.72432948255, 0.373801043707, 4.61913645559, 
resistor:  1


16.9081428571 29.1551777348, 1.7243276202, 0.373794549656, 4.61918473583, 
resistor:  1


17.0096190476 29.3300679587, 1.72432244817, 0.373789538148, 4.61920559393, 
resistor:  1


17.1109404762 29.5067462819, 1.72443743364, 0.373810840419, 4.61922795563, 
resistor:  1


17.2121428571 29.6807277803, 1.72440631168, 0.373801445517, 4.61923593883, 
resistor:  1


17.313297619 29.8553509979, 1.72441736143, 0.373801718838, 4.61923436531, 
resistor:  1


17.4143333333 30.0337658468, 1.72465780182, 0.373858495089, 4.6191557327, 
resistor:  1


17.5154047619 30.2155418082, 1.72508384585, 0.373959416873, 4.61903735441, 
resistor:  1


17.6164761905 30.3896790539, 1.72507138916, 0.37395439752, 4.61904205104, 
resistor:  1


17.7175952381 30.5645365921, 1.72509509227, 0.373957159927, 4.61904713201, 
resistor:  1


17.8188214286 30.7404098992, 1.72516515878, 0.373972334082, 4.61902344384, 
resistor:  1


17.9201309524 30.9146443219, 1.72513495599, 0.373963956424, 4.61902332035, 
resistor:  1


18.0213928571 31.0883702259, 1.72508143363, 0.373951602922, 4.6190075589, 
resistor:  1


18.1224761905 31.2651028347, 1.72521141736, 0.373980677992, 4.61897349761, 
resistor:  1


18.2235119048 31.4382958103, 1.72515023309, 0.373967694698, 4.61894794788, 
resistor:  1


18.324797619 31.6146002946, 1.72523598633, 0.373982654637, 4.61897006695, 
resistor:  1


18.4261190476 31.7966984559, 1.72563188014, 0.374073916475, 4.61889024313, 
resistor:  1


18.5276190476 31.9783724206, 1.7259839129, 0.374152813688, 4.61884747039, 
resistor:  1


18.6287380952 32.1537849252, 1.72603129427, 0.374160934373, 4.61885563581, 
resistor:  1


18.7301190476 32.3282725597, 1.72600464938, 0.374150186353, 4.61889328282, 
resistor:  1


18.8313452381 32.5038940598, 1.72605268762, 0.374156703212, 4.61891860489, 
resistor:  1


18.9325238095 32.6772860907, 1.72598679497, 0.374138031914, 4.61895234468, 
resistor:  1


19.0336785714 32.8508552594, 1.72593306838, 0.37412245522, 4.61897577168, 
resistor:  1


19.1348452381 33.0259140182, 1.72595668307, 0.374123782971, 4.61900042878, 
resistor:  1


19.2362142857 33.1997096432, 1.72589622626, 0.374109624969, 4.61899263049, 
resistor:  1


19.3373452381 33.373588778, 1.72586197159, 0.374101229035, 4.61898396733, 
resistor:  1


19.438452381 33.5546110414, 1.72619766141, 0.374182679394, 4.6188659847, 
resistor:  1


19.5397380952 33.7265508486, 1.72604927887, 0.374146533587, 4.61889587898, 
resistor:  1


19.6411904762 33.8880129924, 1.72535432786, 0.373983937581, 4.61903892218, 
resistor:  1


19.7423690476 34.0356520132, 1.72399026333, 0.373669571883, 4.61928719308, 
resistor:  1


19.8435833333 34.1845447243, 1.72270018726, 0.373372593193, 4.61951417695, 
resistor:  1


19.9451071429 34.3391746531, 1.72168414073, 0.373139807942, 4.61967726547, 
resistor:  1


20.046452381 34.4879801267, 1.72040316517, 0.372845188957, 4.6198990714, 
resistor:  1


20.1476547619 34.6376383597, 1.7191895915, 0.372566598155, 4.62010224567, 
resistor:  1


20.248797619 34.7859108888, 1.71792476488, 0.37227612123, 4.62031512625, 
resistor:  1


20.3499285714 34.9346191279, 1.71669492624, 0.371990370176, 4.6205709136, 
resistor:  1


20.4511071429 35.1102787344, 1.71679110031, 0.372019729949, 4.6204848606, 
resistor:  1


20.5524642857 35.2757705819, 1.71637668804, 0.371921341447, 4.62059120813, 
resistor:  1


20.6538333333 35.4253050765, 1.71519274436, 0.371644009619, 4.62086913193, 
resistor:  1


20.7549404762 35.6015129813, 1.71532715414, 0.37168060255, 4.62076203669, 
resistor:  1


20.856047619 35.7752543988, 1.71534199827, 0.371686335386, 4.62071222624, 
resistor:  1


20.9571547619 35.9523848196, 1.71551841021, 0.371728564414, 4.62064944704, 
resistor:  1


21.0582738095 36.1272032213, 1.71558236673, 0.371741428187, 4.6206378979, 
resistor:  1


21.1594404762 36.3029610434, 1.71568624814, 0.371763253701, 4.62062708106, 
resistor:  1


21.2605357143 36.4764652323, 1.71568890467, 0.371764704763, 4.62059739601, 
resistor:  1


21.3618809524 36.6526656709, 1.71579767496, 0.371791320517, 4.62054465639, 
resistor:  1


21.4632142857 36.8416336471, 1.71650122655, 0.371961601206, 4.62032978976, 
resistor:  1


21.564547619 37.0143688907, 1.71644541516, 0.371947785154, 4.62033338155, 
resistor:  1


21.6656666667 37.1886752981, 1.71647962051, 0.371955274362, 4.62031404089, 
resistor:  1


21.7667619048 37.3639840928, 1.71656143694, 0.37197351867, 4.62028947333, 
resistor:  1


21.8679166667 37.5396799764, 1.71665552547, 0.371994381503, 4.62026582779, 
resistor:  1


21.969 37.7165796804, 1.7168091256, 0.372030410622, 4.62021509189, 
resistor:  1


22.0702261905 37.8886816055, 1.71673281816, 0.372011459868, 4.62022649814, 
resistor:  1


22.1713690476 38.0650293107, 1.71685515806, 0.372040388361, 4.62018242372, 
resistor:  1


22.2724404762 38.2443180613, 1.71711394188, 0.372101838721, 4.6200988355, 
resistor:  1


22.3735119048 38.418115563, 1.71712495234, 0.372100951478, 4.62012365756, 
resistor:  1


22.4747738095 38.6087706885, 1.71787137952, 0.372277584041, 4.61994732087, 
resistor:  1


22.5761428571 38.7854402945, 1.71798347219, 0.372302687541, 4.61992124531, 
resistor:  1


22.6773452381 38.9618456739, 1.71809553829, 0.372326016994, 4.61992135998, 
resistor:  1


22.7786547619 39.1397607508, 1.7182648036, 0.372362743362, 4.61990081034, 
resistor:  1


22.8800714286 39.3190458718, 1.71848440222, 0.372410015833, 4.61989281312, 
resistor:  1


22.9814404762 39.4968236313, 1.71864003356, 0.372442852507, 4.61988521153, 
resistor:  1


23.0827261905 39.6776433254, 1.7189322872, 0.372507649138, 4.61985416747, 
resistor:  1


23.1838809524 39.8503354769, 1.71888112947, 0.372492023788, 4.61989483648, 
resistor:  1


23.2850595238 40.0250849904, 1.71891701413, 0.372499869339, 4.61987826896, 
resistor:  1


23.3861904762 40.2059872681, 1.71921918232, 0.372569430619, 4.61981709974, 
resistor:  1


23.487297619 40.3952494815, 1.71987642583, 0.372722611383, 4.61967981247, 
resistor:  1


23.5883571429 40.5706531395, 1.7199439916, 0.372739046686, 4.61964349242, 
resistor:  1


23.6893809524 40.7449951761, 1.71996875976, 0.372744791016, 4.61962320757, 
resistor:  1


23.7904761905 40.9178878372, 1.71992723095, 0.372734291926, 4.61962872837, 
resistor:  1


23.8916071429 41.0744113823, 1.71919834177, 0.372562272912, 4.61980568426, 
resistor:  1


23.9928690476 41.2287824856, 1.71837650611, 0.372372461776, 4.61995398041, 
resistor:  1


24.0940238095 41.4032520118, 1.71840338248, 0.372380565821, 4.61991132543, 
resistor:  1


24.1951428571 41.5743465792, 1.71829308158, 0.372358160475, 4.61987685531, 
resistor:  1


24.296297619 41.746182583, 1.7182116896, 0.372341930978, 4.61984303652, 
resistor:  1


24.3976190476 41.9215620958, 1.71826447548, 0.372355141339, 4.61980686492, 
resistor:  1


24.4990238095 42.1090161915, 1.71880383965, 0.372480515843, 4.61970091898, 
resistor:  1


24.6002857143 42.2797657699, 1.71866970412, 0.372445344723, 4.6197613992, 
resistor:  1


24.7014166667 42.4509342811, 1.71856273889, 0.372415102597, 4.61984142608, 
resistor:  1


24.8026071429 42.6058030798, 1.71779534443, 0.372233000779, 4.62004884094, 
resistor:  1


24.90375 42.7619604965, 1.71708921333, 0.372067178083, 4.62021333963, 
resistor:  1


25.0049047619 42.9116664639, 1.7161299702, 0.371845381043, 4.62039978482, 
resistor:  1


25.1060833333 43.0750901765, 1.71572322153, 0.371749431499, 4.62048472946, 
resistor:  1


25.2072619048 43.22448733, 1.71476328898, 0.371525008138, 4.62070576287, 
resistor:  1


25.3083928571 43.3882277481, 1.71438099578, 0.371438188328, 4.62074276988, 
resistor:  1


25.4094642857 43.5471261323, 1.71381520061, 0.371307631003, 4.62083482604, 
resistor:  1


25.5105238095 43.7122235634, 1.71349768785, 0.371236924683, 4.62085743301, 
resistor:  1


25.6115833333 43.8607597196, 1.71253604858, 0.371016998868, 4.62100529949, 
resistor:  1


25.7129761905 44.010455651, 1.71160488482, 0.370803585257, 4.62115809948, 
resistor:  1


25.8143690476 44.1612665237, 1.71072422658, 0.370603770985, 4.62127199865, 
resistor:  1


25.915702381 44.3203173139, 1.71017233731, 0.370480248278, 4.62131212257, 
resistor:  1


26.0170119048 44.5005266808, 1.71043957099, 0.370546468115, 4.62119787179, 
resistor:  1


26.1181785714 44.6738286559, 1.71044962166, 0.370550555579, 4.62116264134, 
resistor:  1


26.2193690476 44.8446098813, 1.71036190077, 0.370531927631, 4.62114172353, 
resistor:  1


26.3204880952 45.0171246776, 1.71034535966, 0.370529174629, 4.6211173299, 
resistor:  1


26.4216547619 45.1937274211, 1.71048058225, 0.370559778477, 4.62108892751, 
resistor:  1


26.5228452381 45.3800937691, 1.71098135821, 0.370677529979, 4.62097549945, 
resistor:  1


26.6241190476 45.5567620416, 1.71110871162, 0.370704809337, 4.62096771971, 
resistor:  1


26.7255119048 45.7354362146, 1.71130253286, 0.370747796843, 4.62094195593, 
resistor:  1


26.8266904762 45.9090925126, 1.71132151219, 0.370750054727, 4.62095196711, 
resistor:  1


26.9278333333 46.0883533993, 1.71155075229, 0.370801286944, 4.62092153828, 
resistor:  1


27.0289880952 46.2620584336, 1.71157197119, 0.370804001568, 4.62093199234, 
resistor:  1


27.1301071429 46.441904304, 1.71182163268, 0.370860177597, 4.62089546028, 
resistor:  1


27.2312261905 46.6160743917, 1.7118610108, 0.370867526367, 4.62089762745, 
resistor:  1


27.3322619048 46.793888195, 1.71203862886, 0.370911258958, 4.62082151339, 
resistor:  1


27.4336071429 46.9762998169, 1.71236321831, 0.370990361948, 4.62071707965, 
resistor:  1


27.5351309524 47.1612895471, 1.71276794102, 0.371086879549, 4.62060391795, 
resistor:  1


27.6363333333 47.3370448082, 1.71285547317, 0.371107532289, 4.6205717635, 
resistor:  1


27.7375119048 47.5120117456, 1.71291541609, 0.371121335579, 4.62054956377, 
resistor:  1


27.83875 47.6882316448, 1.7130162685, 0.371144831403, 4.62051855865, 
resistor:  1


27.9398928571 47.864132974, 1.71311082755, 0.371166633084, 4.62049028481, 
resistor:  1


28.041047619 48.041045183, 1.71324002711, 0.371196712391, 4.62045367989, 
resistor:  1


28.1420833333 48.2165612412, 1.71332593505, 0.371216520573, 4.62042801667, 
resistor:  1


28.2431547619 48.3927396208, 1.71343251237, 0.371240403041, 4.62040795444, 
resistor:  1


28.3441666667 48.5670254205, 1.71347515669, 0.371247868421, 4.62041872662, 
resistor:  1


28.4452380952 48.7498953173, 1.71381568873, 0.371328036924, 4.62033470766, 
resistor:  1


28.5465119048 48.9342507494, 1.71419369598, 0.371416319801, 4.62025072864, 
resistor:  1


28.648 49.1101597319, 1.71426137014, 0.371429549908, 4.62025690516, 
resistor:  1


28.7492738095 49.2904975998, 1.71449539652, 0.371483031313, 4.62021451745, 
resistor:  1


28.8503928571 49.4668725496, 1.71459961722, 0.371504808065, 4.62021349994, 
resistor:  1


28.95175 49.6433142128, 1.71469131271, 0.371524335989, 4.62020673827, 
resistor:  1


29.0531547619 49.8212972652, 1.71483261193, 0.371555278056, 4.62019217321, 
resistor:  1


29.1543928571 49.9977249364, 1.71492938239, 0.371576164025, 4.62018374692, 
resistor:  1


29.2556071429 50.1696165712, 1.71487183042, 0.371560930456, 4.62020994137, 
resistor:  1


29.3567380952 50.3461606716, 1.71497802339, 0.371586452019, 4.6201637394, 
resistor:  1


29.4578571429 50.5317773982, 1.71539216696, 0.371685493691, 4.6200502541, 
resistor:  1


29.559 50.7083443345, 1.71549593472, 0.371709143003, 4.62002622281, 
resistor:  1


29.6601309524 50.8832471222, 1.71554357612, 0.371720291035, 4.62000656331, 
resistor:  1


29.7611785714 51.0584971709, 1.71560736576, 0.371737281288, 4.61995628748, 
resistor:  1


29.8623095238 51.2359263351, 1.71573890808, 0.371769289905, 4.61991005425, 
resistor:  1


29.9634166667 51.4104173014, 1.7157728664, 0.371777956011, 4.61988237386, 
resistor:  1


30.064702381 51.5851112827, 1.71580315777, 0.37178506206, 4.61986529227, 
resistor:  1


30.165797619 51.7586493227, 1.71580576043, 0.371787088768, 4.61983664103, 
resistor:  1


30.2669642857 51.9324908298, 1.71581432282, 0.371789472265, 4.61982084821, 
resistor:  1


30.3696428571 52.1141313377, 1.71599421115, 0.371831325199, 4.61977687783, 
resistor:  1


30.4710833333 52.3002026888, 1.71638802981, 0.371922885832, 4.61969612828, 
resistor:  1


30.5723809524 52.4788805108, 1.71654542028, 0.371957559893, 4.61968196449, 
resistor:  1


30.6736428571 52.649839052, 1.71645211158, 0.371934893594, 4.6197009413, 
resistor:  1


30.7748690476 52.8259914547, 1.71653017834, 0.371952935852, 4.6196779446, 
resistor:  1


30.8761547619 52.9979145705, 1.71646744807, 0.371937365802, 4.61969140128, 
resistor:  1


30.9775119048 53.1750072309, 1.71656805086, 0.371959787604, 4.61967348882, 
resistor:  1


31.0786666667 53.3483576921, 1.71655876567, 0.371957679906, 4.61966827032, 
resistor:  1


31.1797857143 53.5199768892, 1.71649598171, 0.371942833998, 4.61966987274, 
resistor:  1


31.2808928571 53.6936527103, 1.71650000387, 0.371944593367, 4.61964855479, 
resistor:  1


31.3819880952 53.8676195717, 1.71651392538, 0.371949829188, 4.61961064002, 
resistor:  1


31.4830357143 54.0538260883, 1.71691912365, 0.372048203818, 4.6194843791, 
resistor:  1


31.5841190476 54.2283085758, 1.71694858717, 0.372054123646, 4.61948086096, 
resistor:  1


31.6851309524 54.3995854542, 1.71688056256, 0.372037229075, 4.61949773971, 
resistor:  1


31.7861666667 54.5742731812, 1.71691899037, 0.37204510021, 4.61949312521, 
resistor:  1


31.8874880952 54.7473603659, 1.71689159718, 0.372039341506, 4.61948021881, 
resistor:  1


31.9888928571 54.9195508021, 1.71683187184, 0.372026381803, 4.61947022134, 
resistor:  1


32.090297619 55.0960483478, 1.7169067424, 0.372044842032, 4.6194341897, 
resistor:  1


32.1915238095 55.2700546938, 1.71691327881, 0.37204699039, 4.61941603664, 
resistor:  1


32.2925952381 55.4424061976, 1.71687675731, 0.372038535836, 4.619412339, 
resistor:  1


32.393702381 55.6151403485, 1.71685038328, 0.372032303569, 4.6194080106, 
resistor:  1


32.4949047619 55.8057049482, 1.71736785681, 0.372154735827, 4.61928505745, 
resistor:  1


32.5960595238 55.9795987755, 1.71737319152, 0.372152995977, 4.61931158868, 
resistor:  1


32.6971309524 56.1519967104, 1.71733712026, 0.372141212935, 4.61935172188, 
resistor:  1


32.7982380952 56.3249560484, 1.71731651819, 0.372135112242, 4.61936257539, 
resistor:  1


32.8995238095 56.5012513743, 1.71738812092, 0.372148517185, 4.61937985942, 
resistor:  1


33.0005714286 56.6758856086, 1.71742134015, 0.372153992734, 4.6193919222, 
resistor:  1


33.1016904762 56.8482415129, 1.71738182235, 0.372141822874, 4.61942692014, 
resistor:  1


33.2028214286 57.0234153435, 1.71742679959, 0.372150543247, 4.61943165417, 
resistor:  1


33.3038928571 57.1951585758, 1.71737156437, 0.372136892056, 4.61944254903, 
resistor:  1


33.4051904762 57.3707622991, 1.71742060085, 0.372150709227, 4.61939690837, 
resistor:  1


33.5065357143 57.5589612689, 1.71784280415, 0.372252972759, 4.61927325338, 
resistor:  1


33.60775 57.7354345317, 1.71792025743, 0.372270453864, 4.6192551843, 
resistor:  1


33.7088571429 57.9088101711, 1.71791081275, 0.37226893519, 4.61923971032, 
resistor:  1


33.809952381 58.0804406356, 1.71785041225, 0.372255961039, 4.61922892112, 
resistor:  1


33.911047619 58.25435129, 1.7178576122, 0.372259426109, 4.61919671928, 
resistor:  1


34.0121785714 58.4294337892, 1.7178974192, 0.372269665619, 4.61916830197, 
resistor:  1


34.1144761905 58.6031622608, 1.71783854847, 0.372257254472, 4.61915457236, 
resistor:  1


34.2155833333 58.7764811981, 1.71782782791, 0.37225589199, 4.61913410515, 
resistor:  1


34.3168452381 58.951047433, 1.71784577003, 0.372259639495, 4.61912739205, 
resistor:  1


34.4179404762 59.1276233581, 1.71793031599, 0.372278314235, 4.61911595749, 
resistor:  1


34.5190119048 59.3132690205, 1.71827829789, 0.372361654845, 4.61901764825, 
resistor:  1


34.6200595238 59.4863996981, 1.71826393474, 0.372355782658, 4.61904432962, 
resistor:  1


34.7211071429 59.6600689943, 1.71826516789, 0.372353605638, 4.61906661169, 
resistor:  1


34.822202381 59.8360647899, 1.71833085499, 0.37236625394, 4.61907732579, 
resistor:  1


34.9234642857 60.0099697646, 1.71832809236, 0.372363857087, 4.61909108467, 
resistor:  1


35.0248214286 60.1835983257, 1.71831278136, 0.372357289706, 4.61912291976, 
resistor:  1


35.126 60.3577096463, 1.71832003776, 0.372357252154, 4.61913696064, 
resistor:  1


35.2271547619 60.5323905726, 1.71834458337, 0.372361198744, 4.61914503855, 
resistor:  1


35.3283452381 60.7070474275, 1.71836656991, 0.372366499326, 4.61913081456, 
resistor:  1


35.4294761905 60.8880502325, 1.71857043285, 0.372414389192, 4.61908576484, 
resistor:  1


35.5305357143 61.0692556302, 1.71878229254, 0.372466206076, 4.61901117959, 
resistor:  1


35.6315833333 61.2438022432, 1.71880664607, 0.372471227507, 4.61900699753, 
resistor:  1


35.732702381 61.4170755511, 1.7187917918, 0.37246693688, 4.61901317916, 
resistor:  1


35.833952381 61.588718736, 1.71872524921, 0.372451166561, 4.61902093198, 
resistor:  1


35.9351309524 61.7641128739, 1.71876687901, 0.372462746334, 4.61898307488, 
resistor:  1


36.0363095238 61.9369953695, 1.71873857751, 0.372457118258, 4.61896816456, 
resistor:  1


36.1373571429 62.1111913048, 1.7187530084, 0.37246129344, 4.61894732016, 
resistor:  1


36.2384404762 62.2847583531, 1.71874831076, 0.372460187055, 4.61894022275, 
resistor:  1


36.3395119048 62.4584425591, 1.71874742629, 0.372459609351, 4.6189364804, 
resistor:  1


36.44075 62.6446630438, 1.71908270395, 0.37253695471, 4.61887708192, 
resistor:  1


36.5424880952 62.8269871098, 1.71928597051, 0.372585832089, 4.61881719426, 
resistor:  1


36.6438571429 63.0016514169, 1.71929639315, 0.372584847336, 4.61885048392, 
resistor:  1


36.745202381 63.1774133772, 1.71933774435, 0.372592026225, 4.61886572346, 
resistor:  1


36.8465595238 63.352640651, 1.71936380139, 0.372595800078, 4.6188819312, 
resistor:  1


36.9478928571 63.5261164771, 1.71934342028, 0.372588917811, 4.61890535262, 
resistor:  1


37.0490952381 63.6997065959, 1.71933231261, 0.372584554027, 4.61892205818, 
resistor:  1


37.1504761905 63.8768990166, 1.71940996635, 0.372600559144, 4.61892528909, 
resistor:  1


37.2519166667 64.0505271832, 1.71938877015, 0.372594183163, 4.61894076165, 
resistor:  1


37.3532857143 64.2235749768, 1.71935543952, 0.372586219877, 4.61894379606, 
resistor:  1


37.4545119048 64.4112378139, 1.71971905488, 0.372673340765, 4.61884589885, 
resistor:  1


37.5558571429 64.5870471581, 1.71975963463, 0.372684618737, 4.61880898914, 
resistor:  1


37.657202381 64.7622079116, 1.7197827724, 0.372688884678, 4.61881174019, 
resistor:  1


37.7584166667 64.9364968951, 1.71978866244, 0.372689880045, 4.61880905217, 
resistor:  1


37.8597142857 65.113025823, 1.71984989986, 0.372704182144, 4.61879017158, 
resistor:  1


37.9611190476 65.2874253712, 1.71984986242, 0.372704040414, 4.61878535016, 
resistor:  1


38.0624880952 65.463076515, 1.71988432157, 0.372711905237, 4.61877559867, 
resistor:  1


38.163702381 65.6368713325, 1.71987693116, 0.372709484985, 4.61877778405, 
resistor:  1


38.264797619 65.8102827145, 1.71986491003, 0.372704985322, 4.61879372831, 
resistor:  1


38.3659404762 65.9838495865, 1.71985487043, 0.372700637119, 4.61881434954, 
resistor:  1


38.4671666667 66.1724801271, 1.72023275591, 0.372786904549, 4.61876005588, 
resistor:  1


38.5686071429 66.3484442796, 1.72027068631, 0.372795661149, 4.61874804302, 
resistor:  1


38.6699404762 66.5264137723, 1.72036504202, 0.372814530465, 4.61876049851, 
resistor:  1


38.7711309524 66.6998335863, 1.72034789669, 0.372808483643, 4.61878322311, 
resistor:  1


38.8723095238 66.8727062388, 1.72031729161, 0.372798884739, 4.61881318535, 
resistor:  1


38.9734761905 67.0477470377, 1.72034300225, 0.372804692409, 4.61880407481, 
resistor:  1


39.0745952381 67.2239171223, 1.72039957708, 0.372817189453, 4.61879641566, 
resistor:  1


39.1756309524 67.3961833115, 1.72035986845, 0.372805744096, 4.61882527061, 
resistor:  1


39.2766904762 67.5706656294, 1.72037574475, 0.372808945674, 4.61882196457, 
resistor:  1


39.3777738095 67.7431806916, 1.72034054082, 0.372800690912, 4.6188237939, 
resistor:  1


39.479047619 67.9301602833, 1.72066360209, 0.37287752876, 4.61874407494, 
resistor:  1


39.5803095238 68.1046345921, 1.72066958069, 0.37288051636, 4.61871709301, 
resistor:  1


39.6814880952 68.2806565386, 1.7207181438, 0.372891049365, 4.61871069455, 
resistor:  1


39.7826309524 68.4534797628, 1.72068759969, 0.372883673177, 4.61871393771, 
resistor:  1


39.8836904762 68.6300088763, 1.72075372306, 0.372898393298, 4.6187061864, 
resistor:  1


39.9847619048 68.8031989585, 1.72073549225, 0.372894198051, 4.61870555093, 
resistor:  1


40.0860119048 68.9782688507, 1.72075658249, 0.37289868828, 4.61869777523, 
resistor:  1


40.1871666667 69.1519644764, 1.72074744781, 0.372895944643, 4.61870154503, 
resistor:  1


40.2881904762 69.3199762565, 1.72060287239, 0.372861141343, 4.61873730985, 
resistor:  1


40.3893333333 69.495735993, 1.72064578089, 0.372870965609, 4.61872635741, 
resistor:  1


40.4905595238 69.6853179442, 1.72102630252, 0.372960950052, 4.61864005807, 
resistor:  1


40.5918571429 69.8635997039, 1.7211235115, 0.372984580865, 4.61860387574, 
resistor:  1


40.6932261905 70.0389640316, 1.72114552195, 0.372988233757, 4.61861165316, 
resistor:  1


40.7944880952 70.2157501252, 1.72120679542, 0.373001066058, 4.61861167294, 
resistor:  1


40.8958571429 70.3905373705, 1.72121437936, 0.373001056173, 4.61862633839, 
resistor:  1


40.9971785714 70.5682458476, 1.72129517949, 0.37301868996, 4.61861965771, 
resistor:  1


41.0983214286 70.743944073, 1.72133414733, 0.373026110064, 4.61862818667, 
resistor:  1


41.1994642857 70.9193434035, 1.72136566902, 0.373031709894, 4.61863756052, 
resistor:  1


41.3007261905 71.0928887617, 1.72134718489, 0.37302770176, 4.61863170068, 
resistor:  1


41.4019047619 71.2691569774, 1.72139802232, 0.373039962269, 4.61861259691, 
resistor:  1


41.503202381 71.4525382117, 1.7216150589, 0.373091591249, 4.61855743248, 
resistor:  1


41.604297619 71.6325483711, 1.72175838725, 0.373126740529, 4.61850764166, 
resistor:  1


41.7053928571 71.8083796417, 1.72180082052, 0.373137263507, 4.61848561409, 
resistor:  1


41.806452381 71.982216545, 1.72179681474, 0.373135588178, 4.61848995314, 
resistor:  1


41.9075238095 72.1559724516, 1.72179040641, 0.373133446914, 4.61849452431, 
resistor:  1


42.0086309524 72.3288266638, 1.72176110061, 0.373126352078, 4.61849654475, 
resistor:  1


42.1097619048 72.5032274001, 1.72176768807, 0.373129352381, 4.61847117042, 
resistor:  1


42.2108928571 72.6787121357, 1.72179992453, 0.373138131938, 4.61844670216, 
resistor:  1


42.3119761905 72.8536212667, 1.72182034086, 0.373142574089, 4.61843860312, 
resistor:  1


42.41325 73.0359605553, 1.72200811198, 0.373186005004, 4.61840538442, 
resistor:  1


42.5145714286 73.2194629438, 1.72222041722, 0.373235626593, 4.61836162968, 
resistor:  1


42.6157619048 73.3935764337, 1.72221669057, 0.373233521258, 4.61837120424, 
resistor:  1


42.7169285714 73.5676287614, 1.72221250969, 0.373232198197, 4.61837072749, 
resistor:  1


42.8181309524 73.7430702709, 1.72223935587, 0.373237621576, 4.61837053408, 
resistor:  1


42.9193690476 73.9194823708, 1.72228725657, 0.373248941528, 4.61835365877, 
resistor:  1


43.0205238095 74.0931550312, 1.7222745906, 0.373245372137, 4.61835840409, 
resistor:  1


43.1217261905 74.2683258828, 1.72229482546, 0.37324944753, 4.61835726846, 
resistor:  1


43.2229047619 74.4428973226, 1.72230204639, 0.37325151972, 4.61834523574, 
resistor:  1


43.324047619 74.6179075325, 1.72232078103, 0.373257960884, 4.61831147933, 
resistor:  1


43.4251785714 74.8008880076, 1.72252344074, 0.373306246251, 4.61825592116, 
resistor:  1


43.5263214286 74.9799969565, 1.72263574076, 0.373333199128, 4.6182205631, 
resistor:  1


43.6273809524 75.1526707558, 1.72260330818, 0.373326050654, 4.6182161751, 
resistor:  1


43.7285714286 75.3264817453, 1.72259187265, 0.373324509288, 4.61819924328, 
resistor:  1


43.8296309524 75.5012073032, 1.72260650301, 0.373328775354, 4.61818036719, 
resistor:  1


43.9309642857 75.6740300901, 1.72256701669, 0.373320481793, 4.61817045308, 
resistor:  1


44.0323452381 75.8474659848, 1.72253977331, 0.373313919246, 4.61817290082, 
resistor:  1


44.1336190476 76.0202887202, 1.72250294358, 0.373305772497, 4.61816941825, 
resistor:  1


44.2346904762 76.1969966572, 1.7225619946, 0.373319588926, 4.61815183561, 
resistor:  1


44.3360714286 76.3698937222, 1.72252279603, 0.373309705783, 4.61816509617, 
resistor:  1


44.4373095238 76.5550834922, 1.72276594404, 0.373365690483, 4.61812144206, 
resistor:  1


44.5384166667 76.7301977051, 1.72278683096, 0.373370934324, 4.61810722354, 
resistor:  1


44.6395 76.9045277597, 1.7227909757, 0.373370587668, 4.61811811153, 
resistor:  1


44.7406785714 77.0791773194, 1.72279857571, 0.373372860232, 4.61810505586, 
resistor:  1


44.8417857143 77.2523241207, 1.72277537324, 0.373366074989, 4.61812191826, 
resistor:  1


44.943 77.4245556892, 1.72272780387, 0.373353769189, 4.61814155406, 
resistor:  1


45.0441904762 77.6015577113, 1.72278726493, 0.373366641488, 4.61813710652, 
resistor:  1


45.145297619 77.7740244626, 1.72274918019, 0.373357141311, 4.61814734685, 
resistor:  1


45.2463571429 77.9479365397, 1.72274502218, 0.373356035951, 4.61814489968, 
resistor:  1


45.3475 78.1260769263, 1.72283095929, 0.373378237509, 4.61810097468, 
resistor:  1


45.4488452381 78.3365948824, 1.72362123772, 0.373564689767, 4.61794321213, 
resistor:  1


45.5501904762 78.5361965758, 1.72416834605, 0.373694427997, 4.61782108802, 
resistor:  1


45.651297619 78.7351455214, 1.72470772197, 0.37382230827, 4.61769882236, 
resistor:  1


45.7523690476 78.9327980765, 1.72521772576, 0.373944609305, 4.61756722021, 
resistor:  1


45.8537261905 79.1193359263, 1.72547233343, 0.374004451249, 4.61751349499, 
resistor:  1


45.9549761905 79.2948848649, 1.72549071805, 0.374008444216, 4.61750812177, 
resistor:  1


46.0561428571 79.4700519581, 1.72550385308, 0.374010442409, 4.61751376271, 
resistor:  1


46.1572619048 79.6423949966, 1.72545752738, 0.373999401485, 4.61752122109, 
resistor:  1


46.2583214286 79.8161637611, 1.72544444537, 0.373994690862, 4.61753933741, 
resistor:  1


46.359452381 79.9923215084, 1.72548029366, 0.374001228255, 4.61754950828, 
resistor:  1


46.4606428571 80.1786179252, 1.72573199583, 0.37405902875, 4.6175089993, 
resistor:  1


46.5617857143 80.353662895, 1.72574272362, 0.374061496194, 4.61750341074, 
resistor:  1


46.6629880952 80.5287432043, 1.72575196085, 0.374061582547, 4.61752295922, 
resistor:  1


46.7641428571 80.7022446863, 1.72572915391, 0.374056176608, 4.61752418799, 
resistor:  1


46.8653333333 80.8798304881, 1.72579228047, 0.374069247655, 4.61752704129, 
resistor:  1


46.9667142857 81.0541678783, 1.72577897157, 0.374064429692, 4.61754569574, 
resistor:  1


47.0679880952 81.2296719384, 1.72579443536, 0.374067082414, 4.61755063108, 
resistor:  1


47.1691428571 81.403780638, 1.72578460636, 0.374063146952, 4.61756820444, 
resistor:  1


47.270297619 81.5777701594, 1.72577229822, 0.374059478973, 4.61757590906, 
resistor:  1


47.3714642857 81.7587344495, 1.7259068446, 0.37409034943, 4.61755138632, 
resistor:  1


47.4725357143 81.9499368904, 1.72625994498, 0.374174870511, 4.61746255551, 
resistor:  1


47.5735714286 82.1235752467, 1.72624364286, 0.374170932264, 4.61746295227, 
resistor:  1


47.6746071429 82.2964011534, 1.72621036827, 0.374162051114, 4.61747890195, 
resistor:  1


47.7756785714 82.471810034, 1.72623000866, 0.374166896487, 4.61746822616, 
resistor:  1


47.8768214286 82.6467818252, 1.72623786123, 0.374168890313, 4.6174591314, 
resistor:  1


47.9778452381 82.821972494, 1.72625452608, 0.374172331272, 4.61745743086, 
resistor:  1


48.0789047619 82.9964059772, 1.72625408978, 0.374171424672, 4.61746372483, 
resistor:  1


48.18 83.1690948363, 1.72621616514, 0.374161894103, 4.61747570552, 
resistor:  1


48.281047619 83.3449698221, 1.72624609308, 0.37416743677, 4.6174835968, 
resistor:  1


48.3823452381 83.5209461352, 1.72626907034, 0.374171110308, 4.61749662179, 
resistor:  1


48.48375 83.7117237078, 1.72659341961, 0.374247261874, 4.61742992441, 
resistor:  1


48.5848690476 83.8860480152, 1.72658792047, 0.374244644623, 4.61744289808, 
resistor:  1


48.6860238095 84.0608530363, 1.72659105137, 0.374243914329, 4.61745577861, 
resistor:  1


48.7870714286 84.2364626874, 1.72661445381, 0.374247761035, 4.61746668938, 
resistor:  1


48.8884880952 84.4114309992, 1.72661160711, 0.374246703823, 4.61746751312, 
resistor:  1


48.9898928571 84.5858054247, 1.72659706914, 0.374241320581, 4.61749031641, 
resistor:  1


49.0911190476 84.7622217586, 1.72663046602, 0.37424807652, 4.61749256723, 
resistor:  1


49.1922142857 84.9368368051, 1.7266317046, 0.374248283993, 4.61748893094, 
resistor:  1


49.2932380952 85.1092152202, 1.72659006608, 0.374238878291, 4.6174887614, 
resistor:  1


49.3943095238 85.2861321052, 1.72663881584, 0.374251267045, 4.61746283557, 
resistor:  1


49.4953690476 85.4739565917, 1.726908158, 0.374315605643, 4.61739065493, 
resistor:  1


49.5964404762 85.6465697261, 1.72686928545, 0.374306329616, 4.61739638039, 
resistor:  1


49.6976785714 85.8221121138, 1.72688372135, 0.374309545992, 4.61739123676, 
resistor:  1


49.7987380952 85.9972436423, 1.72689604058, 0.374311925114, 4.61739113142, 
resistor:  1


49.9000119048 86.1755578871, 1.72696467591, 0.374330126512, 4.6173490773, 
resistor:  1


50.0014047619 86.3506056191, 1.72696359293, 0.374330240427, 4.61734267317, 
resistor:  1


50.102547619 86.5275330451, 1.7270086484, 0.374340742748, 4.61732840204, 
resistor:  1


50.2037142857 86.7015810643, 1.72699534881, 0.37433671483, 4.61733731233, 
resistor:  1


50.3049166667 86.8744131376, 1.72695670511, 0.3743262204, 4.61735914369, 
resistor:  1


50.4064166667 87.0514176859, 1.72699079686, 0.37433273216, 4.61736663579, 
resistor:  1


50.5079285714 87.2400874741, 1.72725530311, 0.374394716961, 4.61730983772, 
resistor:  1


50.6091785714 87.4157386215, 1.72727044953, 0.374396935027, 4.61731885168, 
resistor:  1


50.7103452381 87.5893084991, 1.72724733164, 0.37439085654, 4.61732826764, 
resistor:  1


50.8114404762 87.7664099438, 1.72729623725, 0.374400852771, 4.61733181358, 
resistor:  1


50.9125952381 87.9401428452, 1.72727676588, 0.374395880475, 4.61733691265, 
resistor:  1


51.0138452381 88.1136559042, 1.72724983763, 0.374388059829, 4.61735761505, 
resistor:  1


51.1150952381 88.2886678841, 1.72725234048, 0.374387771264, 4.61736404915, 
resistor:  1


51.2162857143 88.4652799932, 1.72728808346, 0.374394544066, 4.6173732984, 
resistor:  1


51.3174404762 88.6379458272, 1.7272479883, 0.374385105342, 4.61737668546, 
resistor:  1


51.4186904762 88.8133388125, 1.72725788988, 0.374387258034, 4.61737369334, 
resistor:  1


51.5201190476 88.9980531297, 1.7274426918, 0.37443124911, 4.6173245123, 
resistor:  1


51.6212857143 89.1707409683, 1.72740255758, 0.374420980817, 4.61734055906, 
resistor:  1


51.7223928571 89.347452689, 1.72744236594, 0.374430782298, 4.61732276743, 
resistor:  1


51.8237619048 89.5206554521, 1.72740557925, 0.374422315461, 4.61732607881, 
resistor:  1


51.9249166667 89.6930826824, 1.72736112911, 0.374412880467, 4.61731791318, 
resistor:  1


52.0260952381 89.8680867364, 1.72736559077, 0.374413681993, 4.6173157101, 
resistor:  1


52.1272261905 90.0419785392, 1.72735027585, 0.374410057393, 4.61731567413, 
resistor:  1


52.2282857143 90.2149326541, 1.72731942893, 0.374402173534, 4.61732649431, 
resistor:  1


52.3301428571 90.3904524717, 1.72731140288, 0.374399558396, 4.61733357275, 
resistor:  1


52.4312619048 90.5718281464, 1.72743941031, 0.374428435192, 4.6173181541, 
resistor:  1


52.5324166667 90.7569417179, 1.72763690454, 0.374473493677, 4.61728993164, 
resistor:  1


52.6335119048 90.9262318861, 1.72753496006, 0.374447346598, 4.61733621467, 
resistor:  1


52.7346904762 91.0947580522, 1.72741618903, 0.374417800176, 4.61737910401, 
resistor:  1


52.8357857143 91.2638115719, 1.7273105782, 0.374390911848, 4.61742447715, 
resistor:  1


52.9372142857 91.4329950099, 1.72719694913, 0.374363603149, 4.61745404156, 
resistor:  1


53.0386071429 91.6038789437, 1.72711697909, 0.374342919429, 4.61749100137, 
resistor:  1


53.1397380952 91.7731050897, 1.72701462934, 0.374317245937, 4.61752989484, 
resistor:  1


53.2410119048 91.9417118052, 1.72689640027, 0.37428821999, 4.61756759696, 
resistor:  1


53.3420714286 92.1094994864, 1.72677020257, 0.374258053035, 4.61759796175, 
resistor:  1


53.443202381 92.2831925249, 1.72675267225, 0.374253732191, 4.6176023729, 
resistor:  1


53.5443452381 92.4602513176, 1.72679768342, 0.374263859611, 4.61759558424, 
resistor:  1


53.6453809524 92.6289613031, 1.72669034423, 0.374237667137, 4.61762737877, 
resistor:  1


53.746452381 92.797229097, 1.72657403393, 0.374209098027, 4.61766694175, 
resistor:  1


53.8475357143 92.9458401077, 1.7260927334, 0.374096634008, 4.61778008838, 
resistor:  1


53.9486190476 93.0941408808, 1.72560748587, 0.373984289913, 4.61787879219, 
resistor:  1


54.0496785714 93.242579879, 1.72512737066, 0.373872005981, 4.61799302496, 
resistor:  1


54.1507857143 93.3899196786, 1.72462723203, 0.373757009005, 4.61808395778, 
resistor:  1


54.2518690476 93.5385578968, 1.7241536474, 0.373646714779, 4.61818935796, 
resistor:  1


54.3530357143 93.6880297635, 1.72369451922, 0.373538519293, 4.61831027978, 
resistor:  1


54.4543095238 93.8471929599, 1.72341167817, 0.373471851301, 4.6183830523, 
resistor:  1


54.5556428571 94.0004184163, 1.72301916893, 0.373379221283, 4.61848706067, 
resistor:  1


54.6568214286 94.1483761518, 1.72253661466, 0.373265445062, 4.61861647382, 
resistor:  1


54.7580714286 94.2974664616, 1.72207428059, 0.373156593045, 4.6187369944, 
resistor:  1


54.8591428571 94.4459155619, 1.72160756882, 0.373046707414, 4.61885925906, 
resistor:  1


54.9602738095 94.5944599364, 1.72114244307, 0.372937972295, 4.61896918082, 
resistor:  1


55.0616071429 94.7427253854, 1.72066763579, 0.372826171463, 4.61909432755, 
resistor:  1


55.1627142857 94.8915453133, 1.72021167816, 0.372718745142, 4.61921425748, 
resistor:  1


55.263797619 95.0387245211, 1.71972844096, 0.372605862426, 4.61932866659, 
resistor:  1


55.3648928571 95.1869641157, 1.71926575134, 0.372497873609, 4.61943570529, 
resistor:  1


55.4661071429 95.3491394615, 1.71905230731, 0.372448614856, 4.61947573811, 
resistor:  1


55.5672857143 95.4982194326, 1.7186050786, 0.372344191796, 4.61957941921, 
resistor:  1


55.6684047619 95.6467637271, 1.71815169011, 0.372238221645, 4.61968637493, 
resistor:  1


55.7694761905 95.7944795352, 1.71768655686, 0.372129664076, 4.61979460603, 
resistor:  1


55.8706190476 95.9426008818, 1.7172281696, 0.372023039558, 4.61989531132, 
resistor:  1


55.9719880952 96.0914243382, 1.71677704524, 0.371918155713, 4.61999368399, 
resistor:  1


56.073297619 96.2414633383, 1.71635105166, 0.371818785691, 4.62009249529, 
resistor:  1


56.1745595238 96.3900336332, 1.71590190382, 0.371713760272, 4.62019830323, 
resistor:  1


56.2756666667 96.5379369799, 1.71544723853, 0.371606653034, 4.62031879101, 
resistor:  1


56.3768452381 96.687407645, 1.71501983193, 0.371505774041, 4.62043355525, 
resistor:  1


56.478 96.849298963, 1.71481459972, 0.37145738618, 4.62048460634, 
resistor:  1


56.5790357143 96.9986110916, 1.71439137955, 0.371357427417, 4.62059918143, 
resistor:  1


56.680202381 97.1467461895, 1.71394494213, 0.371252436819, 4.62071486255, 
resistor:  1


56.7814166667 97.2958489863, 1.71351570105, 0.371151163854, 4.6208297273, 
resistor:  1


56.8825595238 97.4447786603, 1.71308709517, 0.371051054178, 4.62092930405, 
resistor:  1


56.983797619 97.593746423, 1.7126578168, 0.37094990951, 4.62104248344, 
resistor:  1


57.0848571429 97.7424475423, 1.7122307462, 0.370849260693, 4.62115531853, 
resistor:  1


57.185952381 97.8908314899, 1.71179856965, 0.370747552728, 4.62126754742, 
resistor:  1


57.287047619 98.0383571108, 1.71135293553, 0.37064366351, 4.62136987859, 
resistor:  1


57.388297619 98.1913001804, 1.71099865746, 0.370561085533, 4.62145030213, 
resistor:  1


57.4896547619 98.3526236689, 1.71078821183, 0.370512566748, 4.62148837479, 
resistor:  1


57.590797619 98.5016641494, 1.71037159098, 0.370415391073, 4.62158457146, 
resistor:  1


57.6919761905 98.6494100283, 1.70993293249, 0.37031304699, 4.62168539315, 
resistor:  1


57.7931904762 98.7979365568, 1.70950826114, 0.370213692505, 4.6217873176, 
resistor:  1


57.8944880952 98.946441883, 1.70908224839, 0.370115153946, 4.62187260427, 
resistor:  1


57.9955833333 99.0946521592, 1.70865859887, 0.37001608211, 4.62197396934, 
resistor:  1


58.0966904762 99.2422354008, 1.70822528077, 0.369914963472, 4.62207477436, 
resistor:  1


58.1977380952 99.3906602663, 1.70780967645, 0.369817328511, 4.62218019393, 
resistor:  1


58.2988571429 99.5387954037, 1.7073884512, 0.3697181242, 4.62229113862, 
resistor:  1


58.3999880952 99.6948165703, 1.70710337145, 0.369650821319, 4.62236702653, 
resistor:  1


58.5011190476 99.8508514431, 1.70681951164, 0.369583792032, 4.62244203637, 
resistor:  1


58.6021666667 99.999116749, 1.70640647671, 0.369486349862, 4.62255344082, 
resistor:  1


58.70325 100.14776743, 1.70600039061, 0.369390663977, 4.62266055707, 
resistor:  1


58.8043333333 100.29607669, 1.70558989456, 0.369293838228, 4.62277088031, 
resistor:  1


58.9056428571 100.444513192, 1.70517641977, 0.369197421898, 4.62286551537, 
resistor:  1


59.0069880952 100.595083667, 1.70479949773, 0.369108299822, 4.62296920462, 
resistor:  1


59.1081190476 100.744061288, 1.70440309911, 0.369015168176, 4.62306961938, 
resistor:  1


59.2094285714 100.892603106, 1.70399555511, 0.36891932338, 4.62317496186, 
resistor:  1


59.3106071429 101.040792373, 1.70358722057, 0.368824258989, 4.62326614534, 
resistor:  1


59.4118095238 101.20159005, 1.70339181488, 0.368778952309, 4.62330584421, 
resistor:  1


59.5129642857 101.351484651, 1.70301523152, 0.368691251347, 4.62338947736, 
resistor:  1


59.6142261905 101.5001899, 1.70261691523, 0.368597992512, 4.62348576186, 
resistor:  1


59.7153333333 101.64852626, 1.70221818394, 0.368505057444, 4.62357632642, 
resistor:  1


59.8163928571 101.800276823, 1.70187923344, 0.368425824973, 4.62365674589, 
resistor:  1


59.9176071429 101.948476759, 1.70147777291, 0.368333138017, 4.62373464066, 
resistor:  1


60.0186785714 102.09606148, 1.70107146492, 0.368238045123, 4.62383344435, 
resistor:  1


60.1197380952 102.244490601, 1.70068090514, 0.368147029647, 4.62392177319, 
resistor:  1


60.220797619 102.392551605, 1.70028554342, 0.368053902717, 4.62402610953, 
resistor:  1


60.3218928571 102.54084168, 1.69989429747, 0.367961770205, 4.62412898292, 
resistor:  1


60.4231666667 102.70370848, 1.69974058206, 0.367925133464, 4.62417220911, 
resistor:  1


60.5245238095 102.852810013, 1.69935760812, 0.367835072484, 4.62427250487, 
resistor:  1


60.625702381 103.001157412, 1.69896847981, 0.36774315005, 4.62437748798, 
resistor:  1


60.7268452381 103.149865441, 1.69858758571, 0.367653453493, 4.62447720211, 
resistor:  1


60.8281190476 103.298719903, 1.69820670967, 0.367564031613, 4.62457290716, 
resistor:  1


60.929297619 103.446881859, 1.6978183879, 0.367473048089, 4.62466826483, 
resistor:  1


61.0304404762 103.595264693, 1.69743596613, 0.367382748838, 4.62477227169, 
resistor:  1


61.1316428571 103.743851156, 1.69705648838, 0.367293446402, 4.6248711069, 
resistor:  1


61.2327857143 103.892225594, 1.69667645171, 0.367204307578, 4.62496551224, 
resistor:  1


61.3338214286 104.04026107, 1.69629510516, 0.367115358214, 4.62505305325, 
resistor:  1


61.4350357143 104.203098669, 1.6961510229, 0.367082368894, 4.62507553796, 
resistor:  1


61.5363333333 104.352968308, 1.69579438123, 0.366999473577, 4.62515327758, 
resistor:  1


61.6376904762 104.50199962, 1.69542367361, 0.366912820453, 4.62524085591, 
resistor:  1


61.7388571429 104.650347021, 1.69504833526, 0.366825282111, 4.62532683662, 
resistor:  1


61.8399285714 104.798782912, 1.69467826585, 0.366739529635, 4.62540307078, 
resistor:  1


61.941202381 104.947426703, 1.69430722474, 0.366653001299, 4.62548765624, 
resistor:  1


62.0426785714 105.097875331, 1.69396095964, 0.36657214243, 4.62556812609, 
resistor:  1


62.1440833333 105.246469713, 1.69358793417, 0.36648500273, 4.62565581828, 
resistor:  1


62.2452738095 105.395262553, 1.69322514148, 0.366399333343, 4.62575418127, 
resistor:  1


62.3463809524 105.545920012, 1.69289569658, 0.366321665574, 4.6258417434, 
resistor:  1


62.4475238095 105.709791728, 1.69277795626, 0.366293827688, 4.62587599396, 
resistor:  1


62.5489166667 105.859505841, 1.69242748688, 0.366211437555, 4.62596599739, 
resistor:  1


62.6502261905 106.008841262, 1.69207435804, 0.366128054632, 4.62606161114, 
resistor:  1


62.7513928571 106.157627143, 1.6917174633, 0.366044056122, 4.62615426236, 
resistor:  1


62.8526190476 106.305855275, 1.69135124177, 0.365958571648, 4.62623951838, 
resistor:  1


62.95375 106.454531685, 1.69099587689, 0.365874875524, 4.62633275999, 
resistor:  1


63.0548928571 106.602503725, 1.69063016198, 0.36578864911, 4.62643067299, 
resistor:  1


63.1559642857 106.751217626, 1.69027927661, 0.365705903009, 4.62652424901, 
resistor:  1


63.2570238095 106.898574272, 1.68990837435, 0.365619355533, 4.62661067513, 
resistor:  1


63.3581190476 107.055721877, 1.68969223655, 0.365569234682, 4.62665656706, 
resistor:  1


63.4594047619 107.210505304, 1.68943446139, 0.365509303617, 4.62671234902, 
resistor:  1


63.560797619 107.359337785, 1.68908103433, 0.365426833906, 4.62679410013, 
resistor:  1


63.6620119048 107.507449577, 1.68872214937, 0.36534308237, 4.62687733717, 
resistor:  1


63.7631785714 107.655026216, 1.68835727182, 0.365257908629, 4.62696280027, 
resistor:  1


63.8643809524 107.803685202, 1.68800955391, 0.365177498302, 4.62703207279, 
resistor:  1


63.9655 107.951896086, 1.68765812955, 0.36509533177, 4.62711561106, 
resistor:  1


64.0665833333 108.099392241, 1.6872975991, 0.365011186772, 4.6271999095, 
resistor:  1


64.167797619 108.247878552, 1.68695019259, 0.364929893451, 4.62728364318, 
resistor:  1


64.2692857143 108.397157885, 1.68660903386, 0.364849519052, 4.6273738738, 
resistor:  1


64.3705595238 108.560632685, 1.68649509167, 0.364822525589, 4.62740422632, 
resistor:  1


64.4718452381 108.711606535, 1.68618729825, 0.364750017989, 4.62748547922, 
resistor:  1


64.5735595238 108.861806511, 1.68585729691, 0.364672002972, 4.62757592573, 
resistor:  1


64.6747261905 109.010863032, 1.68552492531, 0.364593652933, 4.62766389697, 
resistor:  1


64.7759047619 109.159706472, 1.68518999269, 0.364514947106, 4.62774944127, 
resistor:  1


64.8773809524 109.308958762, 1.6848546775, 0.364436407122, 4.62783087723, 
resistor:  1


64.9790714286 109.458154257, 1.68451398044, 0.364356039579, 4.62792267411, 
resistor:  1


65.0804166667 109.609371834, 1.68421435277, 0.364285476694, 4.62800012291, 
resistor:  1


65.1816071429 109.757496933, 1.68387221095, 0.364204915617, 4.62809039036, 
resistor:  1


65.2828095238 109.905889609, 1.68353492154, 0.364126335552, 4.62816643172, 
resistor:  1


65.3839404762 110.067775044, 1.68340687701, 0.364096870958, 4.62819012777, 
resistor:  1


65.4851547619 110.216604405, 1.68307771136, 0.364020135825, 4.62826327322, 
resistor:  1


65.5863809524 110.365197254, 1.6827456501, 0.363942398055, 4.62834464985, 
resistor:  1


65.6875119048 110.512883088, 1.68240324353, 0.363862665022, 4.62842105848, 
resistor:  1


65.788702381 110.661515768, 1.68207476, 0.363786389053, 4.6284912608, 
resistor:  1


65.8899285714 110.809161268, 1.68173139158, 0.363706478397, 4.6285680707, 
resistor:  1


65.9910952381 110.95775965, 1.68140503276, 0.363630124244, 4.6286462506, 
resistor:  1


66.0924047619 111.106053802, 1.68107143631, 0.363552439716, 4.62872316307, 
resistor:  1


66.1936666667 111.254910611, 1.68074857027, 0.363476468747, 4.62880506447, 
resistor:  1


66.2948095238 111.402992268, 1.68041801565, 0.363398637489, 4.62889203339, 
resistor:  1


66.396202381 111.568797578, 1.68034907987, 0.363381998962, 4.62891468011, 
resistor:  1


66.4974880952 111.717883127, 1.68003162716, 0.36330722361, 4.62899787149, 
resistor:  1


66.5986309524 111.86716261, 1.67972165509, 0.363233810752, 4.6290848052, 
resistor:  1


66.6997738095 112.016082956, 1.67940723871, 0.363159647394, 4.62916866018, 
resistor:  1


66.8009166667 112.164697829, 1.67908920156, 0.36308510011, 4.62924701703, 
resistor:  1


66.9021666667 112.313032164, 1.67876524423, 0.363008857108, 4.62933164123, 
resistor:  1


67.00325 112.461771956, 1.67845249232, 0.362934821419, 4.629419207, 
resistor:  1


67.1044285714 112.610003093, 1.67813072089, 0.362859117576, 4.62950295216, 
resistor:  1


67.2056071429 112.758244128, 1.67781006559, 0.362783742623, 4.62958552914, 
resistor:  1


67.3067619048 112.910053433, 1.67754398277, 0.362722106146, 4.62964130554, 
resistor:  1


67.4078928571 113.072096654, 1.67743111173, 0.362695778631, 4.62966454747, 
resistor:  1


67.5089761905 113.220346815, 1.67711544751, 0.362622368383, 4.62973324093, 
resistor:  1


67.6101071429 113.369240384, 1.67680906265, 0.362550658416, 4.62980695657, 
resistor:  1


67.7113214286 113.516737493, 1.67648090597, 0.362474310131, 4.62988018324, 
resistor:  1


67.8125119048 113.665392685, 1.6761713951, 0.362402599778, 4.62994385114, 
resistor:  1


67.9138333333 113.814019516, 1.67585915754, 0.362329906682, 4.63001339993, 
resistor:  1


68.015202381 113.965207249, 1.67558432909, 0.362265648482, 4.63007855328, 
resistor:  1


68.1163928571 114.113896143, 1.67527802569, 0.36219428098, 4.63014753457, 
resistor:  1


68.2175 114.262458915, 1.6749728283, 0.362122262052, 4.63022966144, 
resistor:  1


68.3187380952 114.420447238, 1.67480328865, 0.362082308502, 4.63027305741, 
resistor:  1


68.4199047619 114.574693746, 1.67458131, 0.362029553485, 4.63033655673, 
resistor:  1


68.5211547619 114.723492738, 1.67427844929, 0.361958192585, 4.63041662783, 
resistor:  1


68.6223095238 114.872054735, 1.67397535192, 0.361886577977, 4.63049978092, 
resistor:  1


68.7234166667 115.020712208, 1.67367569581, 0.361815977056, 4.6305787207, 
resistor:  1


68.8247261905 115.170080731, 1.67338233082, 0.36174754745, 4.63064557321, 
resistor:  1


68.9259404762 115.31850204, 1.67307839753, 0.361677018947, 4.63071009582, 
resistor:  1


69.0270238095 115.467126528, 1.67278147247, 0.361607535271, 4.63078121195, 
resistor:  1


69.1280952381 115.615103753, 1.67247634055, 0.361535680639, 4.63086180339, 
resistor:  1


69.2291904762 115.763433554, 1.67217661738, 0.361465427869, 4.63093558052, 
resistor:  1


69.3303333333 115.924843844, 1.67206528903, 0.361439863542, 4.63095299667, 
resistor:  1


69.4316309524 116.074034314, 1.67177456041, 0.361371967275, 4.6310208592, 
resistor:  1


69.533047619 116.222222488, 1.67146740245, 0.361300374948, 4.63109121859, 
resistor:  1


69.6342380952 116.370615487, 1.671169509, 0.361230750986, 4.63116163905, 
resistor:  1


69.7354166667 116.518796886, 1.67086973098, 0.361161172628, 4.63122549056, 
resistor:  1


69.8366309524 116.672227721, 1.67064513464, 0.361109040535, 4.63127331174, 
resistor:  1


69.9378095238 116.819820104, 1.67033856078, 0.361037678986, 4.63134135648, 
resistor:  1


70.039 116.968397033, 1.67004664591, 0.360969511621, 4.63140941159, 
resistor:  1


70.1401547619 117.116801922, 1.66975397074, 0.3609011118, 4.63147847451, 
resistor:  1


70.2411904762 117.264604401, 1.66945639169, 0.360830889199, 4.63155991947, 
resistor:  1


70.3424642857 117.447227724, 1.66964903656, 0.360876012573, 4.63152300296, 
resistor:  1


70.4439880952 117.622092634, 1.66972506546, 0.360891954171, 4.63152306896, 
resistor:  1


70.5451547619 117.774870058, 1.66949623196, 0.360837448337, 4.63158968465, 
resistor:  1


70.64625 117.923608439, 1.66921256881, 0.360770344276, 4.63166846211, 
resistor:  1


70.7474404762 118.072515185, 1.66892984948, 0.360704124078, 4.63173706695, 
resistor:  1


70.8485238095 118.221356378, 1.66864953596, 0.360637918812, 4.63181306228, 
resistor:  1


70.9498333333 118.370358982, 1.66836697735, 0.360571083461, 4.631892103, 
resistor:  1


71.0511309524 118.520664546, 1.66810384237, 0.360508984405, 4.63196186167, 
resistor:  1


71.1523333333 118.669435243, 1.66782211748, 0.360442439979, 4.63203876634, 
resistor:  1


71.2535357143 118.81782767, 1.66753588407, 0.36037570599, 4.63210408972, 
resistor:  1


71.3547380952 118.979376953, 1.66743484916, 0.360352473794, 4.63212025825, 
resistor:  1


71.4560119048 119.128322241, 1.66715604559, 0.360287378222, 4.63218498871, 
resistor:  1


71.5571785714 119.277213668, 1.66687977432, 0.360222716655, 4.63225141697, 
resistor:  1


71.6583095238 119.425633973, 1.66659853918, 0.360156973471, 4.63231804046, 
resistor:  1


71.7593214286 119.573756463, 1.66631671095, 0.36009170425, 4.63237568673, 
resistor:  1


71.8604642857 119.722093981, 1.66603563128, 0.360026028401, 4.63244195219, 
resistor:  1


71.9618214286 119.872306001, 1.66577643008, 0.359965515142, 4.63250294065, 
resistor:  1


72.0632380952 120.021015378, 1.66549573056, 0.359899882081, 4.63256981035, 
resistor:  1


72.1645595238 120.169294843, 1.66521206026, 0.359833309089, 4.632641273, 
resistor:  1


72.2656547619 120.321873579, 1.66499388922, 0.359781835415, 4.63269914357, 
resistor:  1


72.3677857143 120.483545499, 1.66487815414, 0.35975423637, 4.63273476915, 
resistor:  1


72.4691785714 120.633369625, 1.66461621345, 0.359692283418, 4.63280688286, 
resistor:  1


72.5704285714 120.782666701, 1.66435101844, 0.359629504874, 4.63288162231, 
resistor:  1


72.6715595238 120.931355974, 1.66408092473, 0.359565777613, 4.63295338829, 
resistor:  1


72.7728571429 121.079738131, 1.66380355101, 0.359500883174, 4.63302091168, 
resistor:  1


72.874 121.228484099, 1.66353547355, 0.359437563171, 4.6330930977, 
resistor:  1


72.9752738095 121.37794677, 1.66327497568, 0.359375886118, 4.63316644527, 
resistor:  1


73.0767142857 121.527157493, 1.66300795925, 0.359312863522, 4.63323849386, 
resistor:  1


73.177952381 121.677835026, 1.66276632602, 0.359255761552, 4.63330404006, 
resistor:  1


73.2792380952 121.836036097, 1.66262694951, 0.359223784383, 4.6333277952, 
resistor:  1


73.3806190476 121.991982515, 1.66245507463, 0.359183533944, 4.6333686601, 
resistor:  1


73.4821666667 122.141573514, 1.66219341447, 0.359122607191, 4.63342692698, 
resistor:  1


73.5833333333 122.289934731, 1.66192436781, 0.359059664256, 4.63349167971, 
resistor:  1


73.6844404762 122.438001739, 1.66165340943, 0.358996611147, 4.63355173546, 
resistor:  1


73.7855833333 122.586500991, 1.66138824758, 0.358934967924, 4.63360947079, 
resistor:  1


73.8870238095 122.734524265, 1.66111067866, 0.358870492938, 4.63366982499, 
resistor:  1


73.9884047619 122.885849676, 1.66087983747, 0.358816243397, 4.63372794746, 
resistor:  1


74.0895357143 123.033560024, 1.66060643838, 0.358752753092, 4.63378710467, 
resistor:  1


74.1908452381 123.18252058, 1.6603466396, 0.358691446694, 4.63385772279, 
resistor:  1


74.291952381 123.344805737, 1.66027142623, 0.358673593383, 4.63387657424, 
resistor:  1


74.393 123.494373965, 1.66002680313, 0.358615527583, 4.63394686143, 
resistor:  1


74.4940714286 123.642376432, 1.65976129457, 0.35855290125, 4.63401851443, 
resistor:  1


74.5954642857 123.791486612, 1.65950420441, 0.358491966905, 4.63409168156, 
resistor:  1


74.6965833333 123.939801679, 1.6592432498, 0.358430843277, 4.63415548925, 
resistor:  1


74.7977619048 124.088649792, 1.65898880705, 0.358370800274, 4.63422395232, 
resistor:  1


74.8989761905 124.236804938, 1.65872500876, 0.358308648478, 4.63429396452, 
resistor:  1


75.000297619 124.38723525, 1.65848988869, 0.358252945456, 4.63436009531, 
resistor:  1


75.1016785714 124.535778217, 1.6582289582, 0.358191408091, 4.63443032018, 
resistor:  1


75.2029285714 124.684240061, 1.65797053958, 0.358130639948, 4.63449693515, 
resistor:  1


75.304297619 124.848177881, 1.65791570771, 0.35811852898, 4.63449991503, 
resistor:  1


75.4058333333 124.997354761, 1.65766160568, 0.358059149757, 4.63455991358, 
resistor:  1


75.5077261905 125.146962865, 1.65740605867, 0.357999534878, 4.63461871842, 
resistor:  1


75.6088928571 125.295189193, 1.65714884134, 0.357939347228, 4.63468080441, 
resistor:  1


75.7100238095 125.443084102, 1.65688871552, 0.357879309101, 4.63473134504, 
resistor:  1


75.8112380952 125.591712726, 1.6566371409, 0.357820441414, 4.63479186623, 
resistor:  1


75.9123571429 125.739283187, 1.65637437592, 0.357759080821, 4.63485380547, 
resistor:  1


76.0134285714 125.889595507, 1.65614941824, 0.357706330071, 4.63490885882, 
resistor:  1


76.1145833333 126.037500806, 1.65589162137, 0.357646187945, 4.63496869188, 
resistor:  1


76.2157142857 126.185496927, 1.65563621767, 0.357585951331, 4.63503735868, 
