time, energy_1, power_1, avg_current_1, avg_voltage_1, 
resistor:  1


0.000547619047619 0.00077608701161, 1.41720236903, 0.309534222147, 4.68036684783, 
resistor:  1


0.101738095238 0.149012042258, 1.46466318157, 0.313355480634, 4.67500991875, 
resistor:  1


0.20280952381 0.296813968721, 1.46351099863, 0.313016662096, 4.67604402075, 
resistor:  1


0.303869047619 0.444629219617, 1.46322642303, 0.312990240114, 4.67559720479, 
resistor:  1


0.404880952381 0.591524008109, 1.46098255458, 0.312614238574, 4.6737796558, 
resistor:  1


0.505773809524 0.739583090222, 1.46228032432, 0.313010439806, 4.67200017056, 
resistor:  1


0.606869047619 0.892193276632, 1.47015782092, 0.314813568267, 4.67051514577, 
resistor:  1


0.707988095238 1.04019510658, 1.46922683246, 0.314591125559, 4.67081625951, 
resistor:  1


0.808952380952 1.18893522478, 1.46972214035, 0.31460870357, 4.67208939191, 
resistor:  1


0.909821428571 1.33637828086, 1.46883579447, 0.314334726141, 4.67331956498, 
resistor:  1


1.01072619048 1.48500628399, 1.46924686229, 0.31436907145, 4.67415068589, 
resistor:  1


1.11280952381 1.63522643541, 1.46945762094, 0.314382641918, 4.6747011244, 
resistor:  1


1.21388095238 1.81080240441, 1.49174628769, 0.319710706265, 4.66916142506, 
resistor:  1


1.31522619048 1.95976418491, 1.49005866755, 0.31927380306, 4.67009079497, 
resistor:  1


1.41636904762 2.10852031949, 1.48868003225, 0.318900413197, 4.67102821217, 
resistor:  1


1.51747619048 2.25699334596, 1.48733361362, 0.318560926811, 4.67161771652, 
resistor:  1


1.61866666667 2.40536950165, 1.48601904962, 0.318250640058, 4.67188834112, 
resistor:  1


1.71979761905 2.55403868697, 1.48508095295, 0.318036966672, 4.67195035653, 
resistor:  1


1.82083333333 2.70497953187, 1.48557228295, 0.31814703411, 4.67180805168, 
resistor:  1


1.9219047619 2.85338223365, 1.48466369937, 0.317939955198, 4.6718862664, 
resistor:  1


2.02298809524 3.00115906198, 1.48352779191, 0.317670667762, 4.67217595621, 
resistor:  1


2.12442857143 3.15583341935, 1.48549754122, 0.318150240834, 4.67139156183, 
resistor:  1


2.22576190476 3.31312331891, 1.48853447074, 0.318873072135, 4.6704642536, 
resistor:  1


2.32696428571 3.46115003909, 1.48741003905, 0.318614852715, 4.67063710539, 
resistor:  1


2.42819047619 3.61168220814, 1.48739657928, 0.318609598553, 4.67061734686, 
resistor:  1


2.52932142857 3.76017589316, 1.48663426114, 0.318429098537, 4.67079463956, 
resistor:  1


2.63048809524 3.90826523465, 1.48575667068, 0.318196753507, 4.67138056002, 
resistor:  1


2.73164285714 4.05685832663, 1.48513496778, 0.318033419778, 4.67176553949, 
resistor:  1


2.83282142857 4.20637428306, 1.48487096314, 0.317948729724, 4.67213170178, 
resistor:  1


2.93396428571 4.35533700786, 1.48445467761, 0.317842292937, 4.67237482392, 
resistor:  1


3.03517857143 4.50426113012, 1.48401849319, 0.317719117252, 4.67272528792, 
resistor:  1


3.13629761905 4.66418057133, 1.48716134049, 0.318464883443, 4.67179725465, 
resistor:  1


3.23733333333 4.81581010152, 1.48758549265, 0.318547797523, 4.67189260201, 
resistor:  1


3.3384047619 4.96409862549, 1.48696727315, 0.318392447242, 4.67217907664, 
resistor:  1


3.43945238095 5.11210455092, 1.48631351294, 0.318224905581, 4.67255615398, 
resistor:  1


3.54052380952 5.2605448028, 1.48580975184, 0.318103796861, 4.67268779182, 
resistor:  1


3.64179761905 5.40923945192, 1.48532126652, 0.317990208702, 4.67278020481, 
resistor:  1


3.74316666667 5.55694301, 1.48455666147, 0.317818770914, 4.67285298343, 
resistor:  1


3.84432142857 5.70530949309, 1.48408752991, 0.31770968119, 4.67293957841, 
resistor:  1


3.94547619048 5.85349710716, 1.48359711846, 0.317600345613, 4.67296894182, 
resistor:  1


4.04652380952 6.00154988997, 1.48313717464, 0.317492377418, 4.67307386099, 
resistor:  1


4.14760714286 6.17017287898, 1.48764641068, 0.318586148095, 4.67154871395, 
resistor:  1


4.24872619048 6.37533221792, 1.50052790698, 0.321667399646, 4.66822570535, 
resistor:  1


4.35005952381 6.55456428733, 1.50677576972, 0.323122991847, 4.66680304725, 
resistor:  1


4.45123809524 6.75185836464, 1.51684951921, 0.32549111374, 4.66449790811, 
resistor:  1


4.55267857143 6.93065801354, 1.52232535304, 0.326761177896, 4.6633001952, 
resistor:  1


4.65388095238 7.11062651732, 1.52789179398, 0.328045204487, 4.66218492304, 
resistor:  1


4.75501190476 7.28618824859, 1.53231756187, 0.329070800687, 4.66123247825, 
resistor:  1


4.85603571429 7.46405671852, 1.53706792077, 0.33017972502, 4.66007287492, 
resistor:  1


4.95711904762 7.64790352058, 1.54281215503, 0.331504903594, 4.65894603897, 
resistor:  1


5.05825 7.81728049785, 1.54545158856, 0.332130579006, 4.65815617959, 
resistor:  1


5.1595 8.00547721216, 1.5515994209, 0.333585112993, 4.65660579576, 
resistor:  1


5.26086904762 8.1773813897, 1.55437843362, 0.334222832879, 4.65602244155, 
resistor:  1


5.36203571429 8.34831337236, 1.55692983359, 0.334819140576, 4.65533384457, 
resistor:  1


5.46314285714 8.52144556001, 1.55980646724, 0.335490613233, 4.65460586209, 
resistor:  1


5.56425 8.6946424702, 1.56259019099, 0.336146550666, 4.65382544861, 
resistor:  1


5.66547619048 8.86274429196, 1.56434234193, 0.336566141948, 4.65319693915, 
resistor:  1


5.76683333333 9.03751434477, 1.56715372586, 0.337230400288, 4.65239594327, 
resistor:  1


5.86798809524 9.20676522404, 1.56898157846, 0.337651740042, 4.65195915166, 
resistor:  1


5.96907142857 9.37804318675, 1.5711058745, 0.338145484008, 4.65143097251, 
resistor:  1


6.07017857143 9.55354251911, 1.57384867788, 0.338786450519, 4.6507535013, 
resistor:  1


6.17126190476 9.7452611294, 1.57913588498, 0.340046621079, 4.64936404906, 
resistor:  1


6.27232142857 9.91992825798, 1.58154016355, 0.340610295262, 4.64874090302, 
resistor:  1


6.37336904762 10.0988218372, 1.58453429603, 0.341304227918, 4.64808865393, 
resistor:  1


6.47439285714 10.2747528369, 1.586983222, 0.341873305589, 4.64752546239, 
resistor:  1


6.57554761905 10.4493519696, 1.58912269746, 0.342365328837, 4.64707967049, 
resistor:  1


6.67672619048 10.6246146583, 1.5912910542, 0.342863346825, 4.64664269498, 
resistor:  1


6.77798809524 10.8001792424, 1.59341962402, 0.343350287762, 4.64624044492, 
resistor:  1


6.87910714286 10.9758732742, 1.59553747983, 0.343833521026, 4.64585723596, 
resistor:  1


6.9801547619 11.1508878649, 1.59751298435, 0.344283092503, 4.64551374266, 
resistor:  1


7.08127380952 11.327425835, 1.59963110307, 0.34477218468, 4.64508118586, 
resistor:  1


7.18233333333 11.5146524647, 1.60319104256, 0.3456061706, 4.64426042094, 
resistor:  1


7.28363095238 11.6910922394, 1.60511869915, 0.346049141528, 4.64387848423, 
resistor:  1


7.38507142857 11.8673367715, 1.60693594994, 0.346464336442, 4.6435423283, 
resistor:  1


7.48622619048 12.0415628321, 1.60849572612, 0.346818267742, 4.64327082588, 
resistor:  1


7.58735714286 12.2166527991, 1.61013282611, 0.347200388753, 4.64286393062, 
resistor:  1


7.68847619048 12.3911318388, 1.61164989418, 0.347555407302, 4.6424740638, 
resistor:  1


7.7895952381 12.5649602882, 1.61304405481, 0.347883342876, 4.64208560364, 
resistor:  1


7.89061904762 12.7392807805, 1.61448432672, 0.348230971838, 4.64158197638, 
resistor:  1


7.99173809524 12.9142600927, 1.61595136613, 0.348578955698, 4.64114759083, 
resistor:  1


8.09319047619 13.0933720463, 1.61782576165, 0.349026522494, 4.6405906752, 
resistor:  1


8.19453571429 13.281357031, 1.62075772125, 0.349716344148, 4.6399100422, 
resistor:  1


8.29576190476 13.4599233243, 1.62250598304, 0.350129062636, 4.63944448995, 
resistor:  1


8.39694047619 13.6389751331, 1.62427912545, 0.35054765839, 4.63897163012, 
resistor:  1


8.49796428571 13.8381977021, 1.62841325721, 0.351525824628, 4.6380130233, 
resistor:  1


8.5990952381 14.0376913665, 1.63246143668, 0.352467005957, 4.63724634319, 
resistor:  1


8.70022619048 14.2347379822, 1.63613424186, 0.353329736324, 4.63644144246, 
resistor:  1


8.80155952381 14.4343450488, 1.63997584857, 0.354223777481, 4.63570727022, 
resistor:  1


8.90292857143 14.634210134, 1.64375239188, 0.355107870194, 4.63492978984, 
resistor:  1


9.00421428571 14.8321985807, 1.64725073283, 0.355923782078, 4.63423259203, 
resistor:  1


9.10552380952 15.0385505617, 1.65158544157, 0.356945990766, 4.63331973185, 
resistor:  1


9.20664285714 15.243137447, 1.65566729192, 0.357904737132, 4.63248085606, 
resistor:  1


9.30783333333 15.4403519134, 1.65885564991, 0.358647563745, 4.63185569213, 
resistor:  1


9.40894047619 15.6411456559, 1.6623705608, 0.359476527651, 4.63107180287, 
resistor:  1


9.51019047619 15.8394663569, 1.66552566918, 0.360224503731, 4.63031824535, 
resistor:  1


9.6115 16.0186130995, 1.66660907242, 0.360476704687, 4.63004805071, 
resistor:  1


9.71280952381 16.2013670366, 1.66804126004, 0.360815518142, 4.62965028648, 
resistor:  1


9.81394047619 16.388477652, 1.6699181834, 0.361256649577, 4.62919255138, 
resistor:  1


9.91513095238 16.5616652219, 1.67034256042, 0.361359187077, 4.62900767228, 
resistor:  1


10.0163214286 16.7365126639, 1.67092407959, 0.361495732997, 4.62882522989, 
resistor:  1


10.1177261905 16.9205085802, 1.67236276824, 0.361842154327, 4.62837904076, 
resistor:  1


10.2192142857 17.1004123575, 1.6733588199, 0.36207967861, 4.62807315248, 
resistor:  1


10.3204166667 17.2746832961, 1.67383583958, 0.362194179013, 4.62788695504, 
resistor:  1


10.4216309524 17.4496582479, 1.67436923526, 0.362323753414, 4.62766727294, 
resistor:  1


10.5228571429 17.6238237908, 1.67481355601, 0.362433268671, 4.62745739504, 
resistor:  1


10.6239642857 17.7989931184, 1.67536266499, 0.362556109067, 4.62736363475, 
resistor:  1


10.7249761905 17.9721578531, 1.67572939407, 0.362637254869, 4.62729790035, 
resistor:  1


10.8260714286 18.1479063633, 1.67631504032, 0.362772635323, 4.62714700389, 
resistor:  1


10.9273690476 18.3222647258, 1.6767315761, 0.362870524537, 4.62700670035, 
resistor:  1


11.0285119048 18.4984708281, 1.67733153737, 0.363008282547, 4.62686692318, 
resistor:  1


11.1299047619 18.6855323501, 1.67885824271, 0.36337220076, 4.62646057206, 
resistor:  1


11.2312261905 18.8795502302, 1.68098744608, 0.363872405471, 4.62600040717, 
resistor:  1


11.3323571429 19.0814241561, 1.6838001058, 0.364531007849, 4.62543157214, 
resistor:  1


11.4335119048 19.2782960848, 1.68612201093, 0.365065198357, 4.62504912376, 
resistor:  1


11.5345833333 19.4782955479, 1.68868653379, 0.365661319252, 4.62457422784, 
resistor:  1


11.6356904762 19.6694292781, 1.69043937, 0.36606602498, 4.62425374746, 
resistor:  1


11.7368452381 19.8439685345, 1.6907412624, 0.366141064738, 4.62409294129, 
resistor:  1


11.8379047619 20.0176032508, 1.69097518973, 0.366198122268, 4.62397083446, 
resistor:  1


11.9389642857 20.1927078905, 1.69132827666, 0.366285222517, 4.62380299953, 
resistor:  1


12.0400119048 20.3664869671, 1.69156701241, 0.366343049949, 4.62369005658, 
resistor:  1


12.1410714286 20.5548570057, 1.69300190075, 0.366686899326, 4.62328632025, 
resistor:  1


12.2422261905 20.7291387837, 1.69324912489, 0.366745588012, 4.62318335579, 
resistor:  1


12.3433928571 20.9044624068, 1.69357506876, 0.366823534595, 4.62305677158, 
resistor:  1


12.4445952381 21.0784471374, 1.69378326367, 0.366872622572, 4.62296899353, 
resistor:  1


12.5456547619 21.2532164705, 1.6940699289, 0.36694004628, 4.62286737435, 
resistor:  1


12.6469285714 21.4283880823, 1.69435511249, 0.367004267329, 4.62280107972, 
resistor:  1


12.7483095238 21.6038083629, 1.69464102848, 0.367072408567, 4.62268986398, 
resistor:  1


12.8494285714 21.778917444, 1.69493276086, 0.367139409351, 4.62261168414, 
resistor:  1


12.9505595238 21.9547188858, 1.69527184099, 0.367216214527, 4.62253720061, 
resistor:  1


13.0516309524 22.1291456341, 1.69550807212, 0.367267888877, 4.62249770607, 
resistor:  1


13.1527380952 22.3181294292, 1.69684283741, 0.367579274958, 4.62221661567, 
resistor:  1


13.2538928571 22.4927846384, 1.69707005186, 0.367629348158, 4.62217808307, 
resistor:  1


13.3549642857 22.6675660852, 1.69731386773, 0.367686558095, 4.62208914443, 
resistor:  1


13.4560119048 22.8431587176, 1.69761730885, 0.3677526311, 4.62205368215, 
resistor:  1


13.5571428571 23.0171500775, 1.69778767695, 0.367794747195, 4.62196006461, 
resistor:  1


13.6583452381 23.2090902032, 1.69926076685, 0.368152459095, 4.62151753503, 
resistor:  1


13.7597857143 23.4097486244, 1.70131636571, 0.368640104338, 4.62103766294, 
resistor:  1


13.8609761905 23.5884969319, 1.70179189458, 0.368748568859, 4.62094819352, 
resistor:  1


13.9621190476 23.7640188829, 1.7020352571, 0.368803419847, 4.62089500035, 
resistor:  1


14.0631904762 23.9384330572, 1.70220499379, 0.368841887932, 4.62084276571, 
resistor:  1


14.1644642857 24.1263419659, 1.70330070232, 0.369098977572, 4.62059485375, 
resistor:  1


14.2658095238 24.3022656468, 1.70353218345, 0.369150283721, 4.62055190087, 
resistor:  1


14.366952381 24.4765653066, 1.70367136033, 0.369181998123, 4.62050444574, 
resistor:  1


14.4681547619 24.6516199536, 1.70385376431, 0.369224639709, 4.62043807606, 
resistor:  1


14.5693690476 24.8253943989, 1.70394437245, 0.369238798965, 4.62047579699, 
resistor:  1


14.6705357143 24.9989527767, 1.7040245335, 0.369251102385, 4.62050904398, 
resistor:  1


14.7717261905 25.1743807923, 1.7042274185, 0.369292294662, 4.62051318081, 
resistor:  1


14.8728571429 25.3476488492, 1.70428913595, 0.369300484336, 4.62054903536, 
resistor:  1


14.9739285714 25.5234520358, 1.70452609775, 0.36935060888, 4.62054056567, 
resistor:  1


15.0749880952 25.6975876444, 1.70465060948, 0.369374453717, 4.62055142847, 
resistor:  1


15.1760833333 25.8846015701, 1.70561804397, 0.369596018353, 4.62039436069, 
resistor:  1


15.2771547619 26.0602291238, 1.70583001416, 0.369639338798, 4.62040080043, 
resistor:  1


15.3783571429 26.2352382943, 1.70598445923, 0.369671161197, 4.62039595734, 
resistor:  1


15.4794166667 26.4096776419, 1.70611581887, 0.369698250043, 4.62038863745, 
resistor:  1


15.584202381 26.5900264851, 1.70621670812, 0.369719887034, 4.62036654841, 
resistor:  1


15.6855714286 26.7642478958, 1.70629728204, 0.369736322655, 4.62035374146, 
resistor:  1


15.786702381 26.9376689034, 1.70635185572, 0.369746527535, 4.62034874536, 
resistor:  1


15.8879404762 27.1123984198, 1.70647658584, 0.369775148019, 4.6203067256, 
resistor:  1


15.988952381 27.2854620955, 1.70651969219, 0.369784832453, 4.62027905006, 
resistor:  1


16.0900714286 27.4613378692, 1.70672566565, 0.369837275436, 4.62015985502, 
resistor:  1


16.1913333333 27.6487966849, 1.70762939133, 0.370052438515, 4.61992510818, 
resistor:  1


16.2926428571 27.824251427, 1.707780111, 0.370086503297, 4.61988576248, 
resistor:  1


16.393797619 27.9986721783, 1.7078820191, 0.370109730451, 4.61984914285, 
resistor:  1


16.4949166667 28.173238335, 1.70799519054, 0.370137649477, 4.61978497464, 
resistor:  1


16.5962261905 28.3498658444, 1.70821158491, 0.370181629362, 4.61980197484, 
resistor:  1


16.6973690476 28.5276044754, 1.70850895096, 0.370246897124, 4.61977579028, 
resistor:  1


16.7984761905 28.7027886644, 1.70865430524, 0.370274454858, 4.619804077, 
resistor:  1


16.8996190476 28.8774440438, 1.70876301782, 0.370295012492, 4.61982151684, 
resistor:  1


17.0006904762 29.0536387507, 1.7089681617, 0.370337036778, 4.61983230645, 
resistor:  1


17.102 29.2301669791, 1.70916658748, 0.370378974098, 4.61982728881, 
resistor:  1


17.2033928571 29.4186743375, 1.71005071975, 0.370586150574, 4.61963974546, 
resistor:  1


17.3047857143 29.5933663736, 1.71012613864, 0.370599243576, 4.61966343625, 
resistor:  1


17.4059047619 29.7709376633, 1.71039299999, 0.370655277381, 4.61966524976, 
resistor:  1


17.5070833333 29.9445672833, 1.71042581526, 0.370662978556, 4.61963764328, 
resistor:  1


17.6081309524 30.119595123, 1.71055038178, 0.37069086524, 4.61960755546, 
resistor:  1


17.709202381 30.2928466258, 1.71057092093, 0.370699697253, 4.61953170612, 
resistor:  1


17.8102738095 30.4673527697, 1.71066167177, 0.370721997646, 4.61948013165, 
resistor:  1


17.9113095238 30.6414449186, 1.71073169596, 0.370738543995, 4.61944401072, 
resistor:  1


18.0124404762 30.8159022788, 1.71081216449, 0.370755788324, 4.61942709087, 
resistor:  1


18.1136666667 30.9928378836, 1.71101955523, 0.370808085823, 4.61932469015, 
resistor:  1


18.2147738095 31.1816225282, 1.71188634315, 0.371018331078, 4.6190637767, 
resistor:  1


18.3161071429 31.3561737934, 1.71194531397, 0.371034140863, 4.61900924585, 
resistor:  1


18.41725 31.5301120787, 1.71198805895, 0.371044453462, 4.61897908541, 
resistor:  1


18.5183809524 31.7047887764, 1.71207131217, 0.371064887823, 4.61893175609, 
resistor:  1


18.6196428571 31.8793116418, 1.71213335757, 0.37107568336, 4.61894713694, 
resistor:  1


18.7210238095 32.0542890928, 1.71220812595, 0.371089482182, 4.61895874826, 
resistor:  1


18.8223452381 32.2295429865, 1.71230219076, 0.3711066429, 4.61898249752, 
resistor:  1


18.9233928571 32.4039849553, 1.71237711968, 0.371119841168, 4.61900196841, 
resistor:  1


19.0244642857 32.5794073896, 1.71250064655, 0.371143880214, 4.61901933223, 
resistor:  1


19.1256309524 32.7581597749, 1.71278844899, 0.371211223159, 4.61894794521, 
resistor:  1


19.227047619 32.9422657423, 1.71332938863, 0.37133579767, 4.6188553176, 
resistor:  1


19.3282857143 33.1179084597, 1.71344261717, 0.371361380801, 4.61882589818, 
resistor:  1


19.4294285714 33.2912198117, 1.7134430737, 0.371361098219, 4.61881405016, 
resistor:  1


19.5306309524 33.4665524229, 1.71354179517, 0.371385167391, 4.61876575627, 
resistor:  1


19.6317738095 33.6399244622, 1.71354482731, 0.371388269815, 4.61871849524, 
resistor:  1


19.7328333333 33.8143105771, 1.71360645508, 0.371406190212, 4.61864723222, 
resistor:  1


19.8338690476 33.988214998, 1.71364522557, 0.371416314887, 4.61860981255, 
resistor:  1


19.9349404762 34.1629419515, 1.71372179377, 0.371435480771, 4.61856393534, 
resistor:  1


20.0360595238 34.3366244574, 1.71374138795, 0.371437743116, 4.61857602174, 
resistor:  1


20.137297619 34.5177832903, 1.71412192159, 0.371527756045, 4.61847545054, 
resistor:  1


20.2386666667 34.6990017906, 1.71449050286, 0.371612888835, 4.61840430618, 
resistor:  1


20.3398452381 34.8735510018, 1.71454357659, 0.371624415183, 4.61838930243, 
resistor:  1


20.4410238095 35.0497856149, 1.71467857684, 0.371656114413, 4.61834728904, 
resistor:  1


20.5421547619 35.2247180264, 1.71475283069, 0.371669228031, 4.61837216922, 
resistor:  1


20.6432261905 35.3993805297, 1.71481822672, 0.371680603954, 4.61838970129, 
resistor:  1


20.74425 35.5737377048, 1.71487220337, 0.371688573656, 4.61842135717, 
resistor:  1


20.8453214286 35.7478401331, 1.71490951846, 0.371695181988, 4.61842472417, 
resistor:  1


20.9464761905 35.9238313229, 1.71502982154, 0.371720014583, 4.61842619803, 
resistor:  1


21.0476904762 36.0980090171, 1.7150579565, 0.371724912298, 4.61842699222, 
resistor:  1


21.1501428571 36.2831495445, 1.71550375757, 0.371828467326, 4.61833615038, 
resistor:  1


21.2515833333 36.4657290264, 1.71590645527, 0.371919552987, 4.61828552333, 
resistor:  1


21.3528333333 36.6406538723, 1.71596215361, 0.371930382215, 4.61829095495, 
resistor:  1


21.453952381 36.8156211388, 1.71602977787, 0.371942367689, 4.61830877526, 
resistor:  1


21.5550833333 36.9892445367, 1.71603347408, 0.37194120543, 4.61831959391, 
resistor:  1


21.6565238095 37.1676686919, 1.71623428667, 0.371990517784, 4.61823908689, 
resistor:  1


21.7579404762 37.3433723168, 1.71631006885, 0.372009087225, 4.61820382994, 
resistor:  1


21.8591547619 37.5172835457, 1.71631904135, 0.372013637359, 4.61815824382, 
resistor:  1


21.9602857143 37.6913473454, 1.71634139172, 0.372024703807, 4.61806910666, 
resistor:  1


22.0615 37.876185153, 1.71684541636, 0.372148374169, 4.61788571258, 
resistor:  1


22.1628571429 38.0607191603, 1.71732006009, 0.372263924639, 4.61772789915, 
resistor:  1


22.2642619048 38.2424848326, 1.71766236834, 0.372349296058, 4.61758823177, 
resistor:  1


22.3656190476 38.4163308923, 1.71765113277, 0.372349279283, 4.61754560823, 
resistor:  1


22.466797619 38.5905104321, 1.71766849403, 0.37235650631, 4.61749115447, 
resistor:  1


22.5679285714 38.7657135674, 1.7177346802, 0.37237255076, 4.61745754054, 
resistor:  1


22.6689404762 38.9410205464, 1.71781387786, 0.37239355801, 4.61740035491, 
resistor:  1


22.7700357143 39.1146884748, 1.71781410296, 0.372394883159, 4.61736972751, 
resistor:  1


22.8713452381 39.2898367682, 1.7178629573, 0.372407863534, 4.61733122097, 
resistor:  1


22.9725 39.4652875928, 1.71793612331, 0.372424300047, 4.61731022277, 
resistor:  1


23.0737857143 39.6395612008, 1.7179478778, 0.372427005873, 4.61729624862, 
resistor:  1


23.1750238095 39.8242543985, 1.71841266381, 0.372538161156, 4.61717490057, 
resistor:  1


23.2763690476 40.0032168304, 1.71861928931, 0.372585484325, 4.6171301706, 
resistor:  1


23.3775119048 40.1790413831, 1.71870477691, 0.37260355292, 4.61712585785, 
resistor:  1


23.4786904762 40.3548512278, 1.71878628703, 0.37262103852, 4.61711635792, 
resistor:  1


23.5797380952 40.5278494986, 1.71875740667, 0.372614711465, 4.61710579644, 
resistor:  1


23.6808452381 40.7024541354, 1.7187922866, 0.372625187837, 4.61705886829, 
resistor:  1


23.782047619 40.8769702723, 1.71881626541, 0.372631951843, 4.61702862941, 
resistor:  1


23.883202381 41.0512622894, 1.71883408408, 0.37263699737, 4.61700369403, 
resistor:  1


23.9842380952 41.2259920602, 1.71887853583, 0.37264625416, 4.61699854112, 
resistor:  1


24.0853095238 41.4003120995, 1.7189030541, 0.37265275957, 4.6169732659, 
resistor:  1


24.1866071429 41.5865464899, 1.71940389341, 0.37277299466, 4.61683683154, 
resistor:  1


24.2879761905 41.7644372565, 1.71955196797, 0.372812479848, 4.61673864618, 
resistor:  1


24.3891309524 41.9391041066, 1.71958173452, 0.372818792845, 4.61673074928, 
resistor:  1


24.4902380952 42.1127185542, 1.71957162647, 0.37281671333, 4.61671913993, 
resistor:  1


24.5916309524 42.2882199456, 1.71961835421, 0.372824377602, 4.61673852761, 
resistor:  1


24.6929880952 42.4629871785, 1.71963745395, 0.372827780019, 4.61673773984, 
resistor:  1


24.7941904762 42.6376291608, 1.71966207978, 0.372831409615, 4.61674791226, 
resistor:  1


24.8952380952 42.8128244142, 1.71971941985, 0.372842223794, 4.61675823466, 
resistor:  1


24.9962857143 42.986683416, 1.71972283832, 0.372839363841, 4.61679213155, 
resistor:  1


25.097452381 43.1622655966, 1.7197867314, 0.372851278266, 4.61680552219, 
resistor:  1


25.1986666667 43.347702652, 1.72023794851, 0.372955866675, 4.61672424011, 
resistor:  1


25.2999047619 43.5244246787, 1.72033946721, 0.37297810341, 4.61671272121, 
resistor:  1


25.4009880952 43.7003653435, 1.72041989783, 0.372993429689, 4.61672988458, 
resistor:  1


25.5020119048 43.873476657, 1.72039276042, 0.372985341053, 4.61674608207, 
resistor:  1


25.6031071429 44.0479186173, 1.7204130097, 0.372991053934, 4.61671968574, 
resistor:  1


25.7042142857 44.2216644582, 1.72040522098, 0.372990553977, 4.61669548668, 
resistor:  1


25.8052619048 44.3956836327, 1.72041205381, 0.372991026267, 4.61669809245, 
resistor:  1


25.9063214286 44.5719424643, 1.72050449491, 0.373012186007, 4.61667672169, 
resistor:  1


26.0073928571 44.7461482224, 1.72051648807, 0.373013265722, 4.61668624274, 
resistor:  1


26.10875 44.9198027162, 1.72048844606, 0.373006596481, 4.6166864768, 
resistor:  1


26.2100595238 45.1076035323, 1.72100347545, 0.373131881618, 4.61652392058, 
resistor:  1


26.3112380952 45.2820591225, 1.72101590045, 0.373134443, 4.61651741742, 
resistor:  1


26.4124285714 45.4584515402, 1.7211007847, 0.373154665185, 4.61648834974, 
resistor:  1


26.5135952381 45.6333897785, 1.72113172011, 0.373160690158, 4.6164882195, 
resistor:  1


26.61475 45.8081164452, 1.72115524081, 0.373163653955, 4.61650562569, 
resistor:  1


26.7158809524 45.9832399566, 1.72119497158, 0.373172161836, 4.61649690723, 
resistor:  1


26.8170357143 46.1576894221, 1.72120773951, 0.373173267309, 4.616508726, 
resistor:  1


26.918202381 46.3322864847, 1.72122513343, 0.373173905865, 4.61653864651, 
resistor:  1


27.0194047619 46.5080483332, 1.72128323118, 0.373184381435, 4.61655576055, 
resistor:  1


27.1206190476 46.6808276862, 1.72123016824, 0.373170105546, 4.61658454725, 
resistor:  1


27.2219166667 46.873177009, 1.72189113584, 0.37332688798, 4.61642957322, 
resistor:  1


27.3231071429 47.0485745274, 1.72193353711, 0.373334871246, 4.61643541373, 
resistor:  1


27.42425 47.2223870334, 1.72192081947, 0.373329249048, 4.61646188494, 
resistor:  1


27.5256904762 47.3977287643, 1.72194513359, 0.373336897495, 4.61642830664, 
resistor:  1


27.6270714286 47.5722037158, 1.72194160495, 0.37333623156, 4.61641485018, 
resistor:  1


27.7285119048 47.7464769337, 1.72192713037, 0.373334809822, 4.61638459573, 
resistor:  1


27.82975 47.9205361273, 1.72191759277, 0.373335333606, 4.61634359562, 
resistor:  1


27.9309047619 48.095103989, 1.72193147336, 0.373340290492, 4.61631142554, 
resistor:  1


28.0320595238 48.2725359572, 1.72204742631, 0.373369460208, 4.61625574764, 
resistor:  1


28.1331190476 48.4453956761, 1.72200585346, 0.373360212209, 4.61624991848, 
resistor:  1


28.2343333333 48.6392685679, 1.72269938141, 0.373525139633, 4.61608530712, 
resistor:  1


28.3354404762 48.8137932095, 1.7227116427, 0.373528712158, 4.61606622566, 
resistor:  1


28.4365357143 48.9871873923, 1.72268478427, 0.373523964127, 4.61604436003, 
resistor:  1


28.5376071429 49.1618391963, 1.72270362228, 0.373527951677, 4.61603762871, 
resistor:  1


28.6386428571 49.3362596821, 1.72271639855, 0.373529776206, 4.61604082073, 
resistor:  1


28.7399166667 49.5125792245, 1.72278089038, 0.373544056644, 4.61603007009, 
resistor:  1


28.8412380952 49.687192397, 1.72278292052, 0.373542014096, 4.61605258264, 
resistor:  1


28.9425119048 49.8630955922, 1.72283234283, 0.373550726004, 4.6160710874, 
resistor:  1


29.0436309524 50.0371720426, 1.72282770445, 0.373547316243, 4.61609234592, 
resistor:  1


29.1448928571 50.2124725573, 1.72285665291, 0.373551289228, 4.61611261374, 
resistor:  1


29.2462261905 50.4004288445, 1.72331392489, 0.373659783323, 4.61600177022, 
resistor:  1


29.3473452381 50.5756577657, 1.7233469452, 0.373665102746, 4.61601721488, 
resistor:  1


29.4484404762 50.7521388609, 1.72342365301, 0.373681321265, 4.61601897505, 
resistor:  1


29.5496666667 50.9256138428, 1.72339046722, 0.37367198029, 4.61603407863, 
resistor:  1


29.6508452381 51.1007818976, 1.72341737604, 0.373677409896, 4.61603149975, 
resistor:  1


29.7519642857 51.2749351781, 1.72341344207, 0.373677623678, 4.6160106628, 
resistor:  1


29.8529761905 51.4486508166, 1.72340106019, 0.373677563842, 4.61597125822, 
resistor:  1


29.954047619 51.6220887505, 1.72337606613, 0.373671966674, 4.61596567754, 
resistor:  1


30.0551785714 51.7963820028, 1.72337628538, 0.37367436983, 4.61592931843, 
resistor:  1


30.1563214286 51.9711582205, 1.72339183821, 0.373679846242, 4.61589637836, 
resistor:  1


30.2574761905 52.1585773317, 1.72382445262, 0.37378370884, 4.61577685187, 
resistor:  1


30.3585238095 52.3320553224, 1.7238010534, 0.373779134582, 4.61576261365, 
resistor:  1


30.4599404762 52.5092580974, 1.7238792091, 0.373798767954, 4.61572367933, 
resistor:  1


30.5613452381 52.6835992092, 1.72386388095, 0.373794756627, 4.61572439033, 
resistor:  1


30.66275 52.8594119176, 1.72389664716, 0.373802588306, 4.61570807817, 
resistor:  1


30.7640357143 53.0340233341, 1.72389681987, 0.373801866547, 4.61571041794, 
resistor:  1


30.8651785714 53.2086156881, 1.72390435276, 0.3738043928, 4.61569236357, 
resistor:  1


30.9663095238 53.3834507268, 1.72392033625, 0.373806291751, 4.61570451556, 
resistor:  1


31.0674404762 53.5584220624, 1.72394060281, 0.373811365598, 4.61568949489, 
resistor:  1


31.1687380952 53.7324738031, 1.72392201567, 0.373807169391, 4.61568363066, 
resistor:  1


31.269797619 53.9210871695, 1.72438235215, 0.373916530823, 4.61557494793, 
resistor:  1


31.3708214286 54.0956045906, 1.72439235338, 0.373915770179, 4.61560449702, 
resistor:  1


31.4721190476 54.2709760881, 1.72441442554, 0.373919396793, 4.6156126358, 
resistor:  1


31.5734404762 54.4462842662, 1.72443305022, 0.373923535815, 4.61560657478, 
resistor:  1


31.6746309524 54.6206651554, 1.72442940969, 0.373923113189, 4.6155938171, 
resistor:  1


31.7758095238 54.7945192097, 1.72440985866, 0.373918169737, 4.61559782583, 
resistor:  1


31.8770357143 54.9695491424, 1.72442474373, 0.373921802272, 4.61558527116, 
resistor:  1


31.9781547619 55.1434542577, 1.72441013774, 0.373918457554, 4.61558088434, 
resistor:  1


32.0795833333 55.3184214098, 1.72441209211, 0.373918844273, 4.61557466962, 
resistor:  1


32.180952381 55.4944594051, 1.72445049942, 0.373928068398, 4.61555790468, 
resistor:  1


32.2821547619 55.6794160593, 1.72477384084, 0.374006500411, 4.61545995034, 
resistor:  1


32.38325 55.8562862567, 1.72485115783, 0.374024047844, 4.61544495343, 
resistor:  1


32.4843214286 56.0299290485, 1.72482990515, 0.374018439167, 4.6154505432, 
resistor:  1


32.585547619 56.205888479, 1.72487168656, 0.374025807384, 4.61546538743, 
resistor:  1


32.6866428571 56.3832435123, 1.72496281612, 0.374044961918, 4.61546851553, 
resistor:  1


32.78775 56.5577552532, 1.72496603924, 0.374042923712, 4.61549579242, 
resistor:  1


32.8891190476 56.7339838405, 1.72500770721, 0.374050840279, 4.6155041131, 
resistor:  1


32.9906428571 56.9110682325, 1.72506696759, 0.37406277157, 4.61551024494, 
resistor:  1


33.0920238095 57.0861623832, 1.72507316905, 0.374062967742, 4.61551831652, 
resistor:  1


33.19325 57.2655292595, 1.72521609844, 0.374095680204, 4.61549604001, 
resistor:  1


33.2945595238 57.4483753136, 1.7254583372, 0.374153085379, 4.61543497734, 
resistor:  1


33.3957857143 57.6248066162, 1.72551132976, 0.374162948144, 4.61544942872, 
resistor:  1


33.4972380952 57.7992228271, 1.7254921932, 0.374156965078, 4.61546533632, 
resistor:  1


33.5986547619 57.9745964453, 1.72550350174, 0.374160053593, 4.61545203027, 
resistor:  1


33.7000833333 58.1491353224, 1.72548936296, 0.374156470146, 4.61545204996, 
resistor:  1


33.8012380952 58.323420884, 1.72548179211, 0.374153987141, 4.61545659863, 
resistor:  1


33.9023928571 58.4974784112, 1.72546754023, 0.374150887092, 4.61545082233, 
resistor:  1


34.0037261905 58.6736652968, 1.72550693322, 0.374159665485, 4.61544279457, 
resistor:  1


34.1050714286 58.847379936, 1.72547300067, 0.37415153316, 4.61544661793, 
resistor:  1


34.20625 59.0283784665, 1.7256606166, 0.374196498185, 4.6153930309, 
resistor:  1


34.3074404762 59.2098632605, 1.72586070073, 0.374243914074, 4.61534298504, 
resistor:  1


34.4086071429 59.3844206291, 1.72585947413, 0.374242929587, 4.61534596031, 
resistor:  1


34.5098571429 59.5588716569, 1.72585100571, 0.374240968334, 4.61534166563, 
resistor:  1


34.6110952381 59.7333995808, 1.72584540217, 0.374239956755, 4.61533355162, 
resistor:  1


34.7122619048 59.9079697174, 1.72584459871, 0.374239134184, 4.61533578233, 
resistor:  1


34.8133214286 60.0826573372, 1.72585248611, 0.3742406876, 4.61533278483, 
resistor:  1


34.9143571429 60.2561397136, 1.72582698479, 0.374234747272, 4.61533183426, 
resistor:  1


35.0154285714 60.430643134, 1.72582903021, 0.374235257292, 4.61532492072, 
resistor:  1


35.1167261905 60.6053861248, 1.72582676973, 0.374234759235, 4.6153196208, 
resistor:  1


35.2181309524 60.7894705543, 1.72608451699, 0.374295207815, 4.61526351204, 
resistor:  1


35.3193452381 60.9706934264, 1.72626907479, 0.374337482844, 4.61523447852, 
resistor:  1


35.4205714286 61.1465949843, 1.72630176528, 0.374344093816, 4.61523550194, 
resistor:  1


35.521702381 61.3215789861, 1.72631306711, 0.374347854312, 4.61521350105, 
resistor:  1


35.6228214286 61.4952013687, 1.72628665846, 0.374343115473, 4.6151957365, 
resistor:  1


35.7239642857 61.6699477811, 1.72629071309, 0.374345547571, 4.61517081947, 
resistor:  1


35.8250119048 61.8437861837, 1.72627398836, 0.374343597956, 4.61514486848, 
resistor:  1


35.9262857143 62.0189222383, 1.72628260911, 0.374347150122, 4.61512116469, 
resistor:  1


36.0276904762 62.1941912438, 1.72628859696, 0.374349381949, 4.61510283804, 
resistor:  1


36.128952381 62.3680406164, 1.72626208363, 0.37434463404, 4.61508530003, 
resistor:  1


36.2301190476 62.5510186575, 1.72649221978, 0.374401263763, 4.61500389354, 
resistor:  1


36.3312619048 62.7302058052, 1.72661786342, 0.374430529588, 4.61497608765, 
resistor:  1


36.4323452381 62.9037018742, 1.72658942111, 0.374425447273, 4.61495843883, 
resistor:  1


36.5334166667 63.0785223689, 1.72659795125, 0.374427681201, 4.61494796198, 
resistor:  1


36.6346428571 63.2529061267, 1.72658721892, 0.374424548906, 4.61495269398, 
resistor:  1


36.73625 63.4299650832, 1.72663146302, 0.37443492841, 4.61493889652, 
resistor:  1


36.837547619 63.6041537034, 1.7266120525, 0.374430564865, 4.61493498522, 
resistor:  1


36.9387261905 63.7797037559, 1.72663516947, 0.374435419546, 4.6149322419, 
resistor:  1


37.0399285714 63.9553526154, 1.72665971782, 0.374441351633, 4.61492071565, 
resistor:  1


37.1411190476 64.1296065758, 1.72664712912, 0.374437987335, 4.6149227869, 
resistor:  1


37.2423095238 64.3150775494, 1.72693579887, 0.374507537144, 4.61484271957, 
resistor:  1


37.3435119048 64.4922149211, 1.72699919294, 0.374520502397, 4.61485050484, 
resistor:  1


37.4446428571 64.6672375138, 1.72700906136, 0.374521248222, 4.61486197798, 
resistor:  1


37.545702381 64.8414116635, 1.72699956457, 0.374518360984, 4.61486752655, 
resistor:  1


37.6468095238 65.0160323881, 1.72699979654, 0.374517802201, 4.61486999639, 
resistor:  1


37.7478333333 65.1894658505, 1.72697238739, 0.374510467225, 4.61488246678, 
resistor:  1


37.8489404762 65.3639023394, 1.72696782306, 0.374508897224, 4.61488465684, 
resistor:  1


37.9499642857 65.5391625293, 1.72698878017, 0.374512996265, 4.61488545005, 
resistor:  1


38.05125 65.7172449888, 1.7270719093, 0.374533360439, 4.61485710924, 
resistor:  1


38.1528214286 65.8973588935, 1.7271949079, 0.374564876405, 4.61479761591, 
resistor:  1


38.254202381 66.0850450714, 1.72752380022, 0.374646493214, 4.61467881605, 
resistor:  1


38.3554166667 66.2607617987, 1.72754639519, 0.374651478983, 4.61467344311, 
resistor:  1


38.4565238095 66.4358746114, 1.72755798055, 0.374655160599, 4.61465420957, 
resistor:  1


38.5576190476 66.6100501143, 1.72754572921, 0.374651584605, 4.61466061287, 
resistor:  1


38.6587142857 66.7851061784, 1.72755631977, 0.374653851446, 4.61465573562, 
resistor:  1


38.7598214286 66.9594583456, 1.72754816399, 0.374650939836, 4.61466517478, 
resistor:  1


38.8611071429 67.1362174551, 1.72759404945, 0.374661108596, 4.6146583687, 
resistor:  1


38.9624880952 67.3115459118, 1.72759875466, 0.374660822853, 4.61466958104, 
resistor:  1


39.0640595238 67.4880651947, 1.72762549559, 0.3746672165, 4.61465834651, 
resistor:  1


39.1654642857 67.663382292, 1.72762875472, 0.374666634428, 4.61467016843, 
resistor:  1


39.2666190476 67.851608971, 1.72797176372, 0.374746840816, 4.6146011168, 
resistor:  1


39.3677380952 68.0261572754, 1.72796712656, 0.374742999565, 4.61463229253, 
resistor:  1


39.4688452381 68.2017781553, 1.72799020959, 0.374746516666, 4.61464756747, 
resistor:  1


39.5708928571 68.376405617, 1.72794700043, 0.374736146075, 4.61465334946, 
resistor:  1


39.6723928571 68.5505193294, 1.72791491494, 0.37473114265, 4.61462522598, 
resistor:  1


39.7736547619 68.7259339612, 1.72792604483, 0.374734544639, 4.61460869415, 
resistor:  1


39.875 68.9019406376, 1.72794835455, 0.374740049908, 4.61459698538, 
resistor:  1


39.9764285714 69.0767120818, 1.72793605007, 0.374738265651, 4.61458351626, 
resistor:  1


40.077702381 69.2515275941, 1.7279315799, 0.374737997359, 4.61456923974, 
resistor:  1


40.1788333333 69.4248385039, 1.72789582833, 0.374730703058, 4.61455867078, 
resistor:  1


40.280047619 69.6127125901, 1.72821822974, 0.374807976906, 4.61447231069, 
resistor:  1


40.3812738095 69.7875274897, 1.72821510829, 0.374807578642, 4.61446522696, 
resistor:  1


40.4825357143 69.9638747821, 1.72824833098, 0.374815915232, 4.61444776391, 
resistor:  1


40.5839047619 70.1390312934, 1.72824748394, 0.374814845841, 4.61445354793, 
resistor:  1


40.685047619 70.3134855426, 1.72823898846, 0.374812997616, 4.61444911022, 
resistor:  1


40.7861666667 70.4881715665, 1.72823722667, 0.374811743896, 4.61445537475, 
resistor:  1


40.887202381 70.6627052398, 1.72823526984, 0.374810640351, 4.61445927876, 
resistor:  1


40.9883214286 70.8373046834, 1.72823141359, 0.374809060564, 4.61446396206, 
resistor:  1


41.0896309524 71.0134507711, 1.72825720565, 0.374814896828, 4.61445747775, 
resistor:  1


41.191047619 71.1883947863, 1.72824919251, 0.374812781172, 4.61445738072, 
resistor:  1


41.2925357143 71.376810862, 1.72856448816, 0.374886964502, 4.61439103045, 
resistor:  1


41.3936904762 71.5544396323, 1.72863155735, 0.374901340441, 4.61438923798, 
resistor:  1


41.4950357143 71.7291682668, 1.72862047308, 0.374898918732, 4.61438555409, 
resistor:  1


41.5964285714 71.9044762516, 1.72862139181, 0.374899843441, 4.61437141639, 
resistor:  1


41.6976547619 72.0793847869, 1.72861963577, 0.374901430729, 4.61434315026, 
resistor:  1


41.79875 72.2529600667, 1.72859140684, 0.374896309642, 4.61432595906, 
resistor:  1


41.9000119048 72.4296007126, 1.72862959746, 0.374906490671, 4.61429962729, 
resistor:  1


42.0014166667 72.6048847499, 1.7286294252, 0.374907567823, 4.6142822137, 
resistor:  1


42.10275 72.7803697231, 1.72863695894, 0.374910358031, 4.61426446318, 
resistor:  1


42.2040595238 72.9572928759, 1.72867950854, 0.374920786572, 4.61424682682, 
resistor:  1


42.3052857143 73.1436355523, 1.72894791555, 0.374984895593, 4.61417955629, 
resistor:  1


42.4066190476 73.3194458027, 1.72896230469, 0.374989304888, 4.61415749278, 
resistor:  1


42.5080595238 73.5059716791, 1.72922435187, 0.37505136434, 4.61409659045, 
resistor:  1


42.6095833333 73.6812204051, 1.7292171066, 0.375047871413, 4.61411607376, 
resistor:  1


42.7108809524 73.856832595, 1.72922756328, 0.375047903882, 4.61413946998, 
resistor:  1


42.8120119048 74.030919121, 1.72920906604, 0.375041844928, 4.61416024231, 
resistor:  1


42.9131309524 74.2067716158, 1.72923228786, 0.375046241186, 4.61416619025, 
resistor:  1


43.0141785714 74.3816341214, 1.72923525665, 0.375045133857, 4.61418515352, 
resistor:  1


43.1156309524 74.5610433764, 1.72932743252, 0.375065231968, 4.61417933078, 
resistor:  1


43.2170357143 74.7405545485, 1.72942343947, 0.375086577329, 4.61417111057, 
resistor:  1


43.3183095238 74.9256258636, 1.7296525808, 0.375140310011, 4.61412590588, 
resistor:  1


43.4224285714 75.106486647, 1.72967033669, 0.375142590102, 4.61414162167, 
resistor:  1


43.5237857143 75.2823962933, 1.72968401204, 0.37514567855, 4.61413626927, 
resistor:  1


43.6251309524 75.4758454435, 1.73010014631, 0.375244767574, 4.61403676313, 
resistor:  1


43.726297619 75.6740087472, 1.73062922927, 0.375371785765, 4.61390146112, 
resistor:  1


43.827452381 75.8716527933, 1.73114449213, 0.375496128221, 4.61376284215, 
resistor:  1


43.9286071429 76.0689901989, 1.73165040156, 0.375616928249, 4.6136395227, 
resistor:  1


44.0297261905 76.2669234437, 1.7321689241, 0.375740929462, 4.61351174323, 
resistor:  1


44.1310952381 76.4639037941, 1.73265366249, 0.375856450865, 4.61339514956, 
resistor:  1


44.2324047619 76.6701968765, 1.73334905233, 0.376023757564, 4.61322570007, 
resistor:  1


44.3336785714 76.8620263781, 1.73371641729, 0.376110043105, 4.61315557297, 
resistor:  1


44.4348809524 77.036040829, 1.73368397029, 0.376101460792, 4.61317087225, 
resistor:  1


44.5359880952 77.2117826157, 1.73369416326, 0.376102000072, 4.61318703357, 
resistor:  1


44.6370714286 77.3856305299, 1.73366280657, 0.376093198554, 4.61320778345, 
resistor:  1


44.738202381 77.560783444, 1.73365891601, 0.376090220642, 4.61323206728, 
resistor:  1


44.8393333333 77.7352863557, 1.73364054675, 0.3760853676, 4.61323661817, 
resistor:  1


44.9404166667 77.9099261716, 1.73362714346, 0.376081382305, 4.61324566971, 
resistor:  1


45.0416785714 78.0844926045, 1.73360529805, 0.376076342589, 4.61324556992, 
resistor:  1


45.143 78.2610426691, 1.73362520588, 0.37608105428, 4.61323721791, 
resistor:  1


45.2443571429 78.4471795072, 1.73385554489, 0.37613534138, 4.61318529019, 
resistor:  1


45.3455238095 78.6251122504, 1.73391121427, 0.376147058573, 4.61318899247, 
resistor:  1


45.446702381 78.7991657011, 1.73388082243, 0.376140044243, 4.61318801717, 
resistor:  1


45.5478571429 78.9739689456, 1.73386793363, 0.376137982775, 4.61317474529, 
resistor:  1


45.6491309524 79.1483340729, 1.73384098277, 0.376133205002, 4.61315760856, 
resistor:  1


45.7506666667 79.3233727233, 1.73381894741, 0.376128705392, 4.61315007667, 
resistor:  1


45.8519047619 79.4975447647, 1.73378936333, 0.376122881332, 4.61313892093, 
resistor:  1


45.9532619048 79.6727907964, 1.73377878945, 0.376120966887, 4.61313011771, 
resistor:  1


46.0543571429 79.8458558598, 1.73373076541, 0.376111842157, 4.61310977022, 
resistor:  1


46.155547619 80.021075998, 1.73372606601, 0.376111544338, 4.61309597693, 
resistor:  1


46.2567142857 80.2096072846, 1.73401004639, 0.376179988717, 4.61301709577, 
resistor:  1


46.357797619 80.3844743452, 1.73400114919, 0.376177655597, 4.61301819225, 
resistor:  1


46.459047619 80.5596489619, 1.73399269013, 0.376176676685, 4.61300411991, 
resistor:  1


46.560297619 80.7347216029, 1.73398207768, 0.376173718178, 4.61300802941, 
resistor:  1


46.6614761905 80.9098746372, 1.73397588852, 0.376172934364, 4.61299684125, 
resistor:  1


46.7626428571 81.087135218, 1.7340152366, 0.376181146106, 4.61299957894, 
resistor:  1


46.8637857143 81.2613369985, 1.73399002577, 0.37617518472, 4.61300202355, 
resistor:  1


46.9650238095 81.437961632, 1.73401299576, 0.376180642166, 4.61299275582, 
resistor:  1


47.0670238095 81.612611118, 1.73396583239, 0.376169036331, 4.61300542024, 
resistor:  1


47.1699761905 81.7917853848, 1.73397978949, 0.376172329802, 4.61299831863, 
resistor:  1


47.2713452381 81.9802554674, 1.73424841317, 0.376235935503, 4.61293572228, 
resistor:  1


47.3725357143 82.1571757242, 1.73427861704, 0.376241233686, 4.61294773048, 
resistor:  1


47.473797619 82.3322116778, 1.73426639129, 0.376238771777, 4.61294115795, 
resistor:  1


47.5749285714 82.5067884581, 1.73424933963, 0.376235633242, 4.61293080862, 
resistor:  1


47.6761309524 82.6814429903, 1.73423139291, 0.376232857829, 4.61291374389, 
resistor:  1


47.777297619 82.8560526981, 1.73421388038, 0.376228916954, 4.6129120862, 
resistor:  1


47.8784166667 83.0295333399, 1.73417458472, 0.376220845186, 4.61290272895, 
resistor:  1


47.9795119048 83.2053537483, 1.7341850812, 0.376223884766, 4.61288966355, 
resistor:  1


48.0806547619 83.3781188901, 1.73413027137, 0.3762124798, 4.61287907836, 
resistor:  1


48.1818214286 83.556990612, 1.73420157509, 0.376230600016, 4.61284496195, 
resistor:  1


48.2830238095 83.7507154197, 1.73457892261, 0.376321686085, 4.61274614568, 
resistor:  1


48.3843095238 83.924414786, 1.73453782046, 0.376311912563, 4.61275313274, 
resistor:  1


48.4854880952 84.0994640398, 1.73452856398, 0.37631026504, 4.61274660088, 
resistor:  1


48.5867619048 84.2847231834, 1.73472608338, 0.376356415993, 4.61270792049, 
resistor:  1


48.688297619 84.4611669536, 1.73473239123, 0.376358070201, 4.61270047996, 
resistor:  1


48.7897261905 84.636636233, 1.73472250905, 0.376354462374, 4.61271484303, 
resistor:  1


48.8909642857 84.8111195254, 1.73469925915, 0.376349401889, 4.61271233003, 
resistor:  1


48.9920952381 84.9865093444, 1.7346984025, 0.376348858883, 4.6127132607, 
resistor:  1


49.0931904762 85.1604240051, 1.73466876321, 0.37634158245, 4.61272020802, 
resistor:  1


49.1944761905 85.3356225473, 1.73465862746, 0.376338873248, 4.61272291294, 
resistor:  1


49.2956309524 85.5240861313, 1.73492223304, 0.376400632754, 4.61266933817, 
resistor:  1


49.3968214286 85.6981971274, 1.73489294754, 0.376392286531, 4.61269084355, 
resistor:  1


49.4979761905 85.8731982627, 1.73488301688, 0.376390612453, 4.61268125628, 
resistor:  1


49.5991309524 86.0464693105, 1.73483824531, 0.37638191324, 4.61266506762, 
resistor:  1


49.70025 86.2213980229, 1.73482825585, 0.376380737272, 4.61264967527, 
resistor:  1


49.8014285714 86.3954760743, 1.73479915241, 0.376375420882, 4.61263568745, 
resistor:  1


49.9026071429 86.5706781244, 1.73479269082, 0.376375035096, 4.61261796478, 
resistor:  1


50.0049880952 86.7463258468, 1.73475345463, 0.376366895746, 4.61260964375, 
resistor:  1


50.1063095238 86.9207675504, 1.734726991, 0.376362324445, 4.61259136828, 
resistor:  1


50.207702381 87.0953584209, 1.73470113729, 0.376357424392, 4.61257971573, 
resistor:  1


50.3090238095 87.283726019, 1.73495169275, 0.37641689588, 4.61251990058, 
resistor:  1


50.41025 87.4596638885, 1.73495794781, 0.376420018046, 4.61249665316, 
resistor:  1


50.5118809524 87.6354689911, 1.73494764675, 0.376417642685, 4.61249488309, 
resistor:  1


50.6129880952 87.8090549569, 1.73491149726, 0.376409084061, 4.61250022644, 
resistor:  1


50.7141547619 87.9847580302, 1.73491520155, 0.376410110375, 4.61249421825, 
resistor:  1


50.815297619 88.1593372176, 1.73489758691, 0.37640655728, 4.61248817414, 
resistor:  1


50.9164166667 88.334472837, 1.73489178186, 0.376404797945, 4.61249127076, 
resistor:  1


51.0175357143 88.5084997174, 1.73486426732, 0.376398529987, 4.61249297964, 
resistor:  1


51.1187619048 88.6836684182, 1.7348555621, 0.376396385238, 4.61249117964, 
resistor:  1


51.2199880952 88.8585979754, 1.73484222234, 0.376393491944, 4.61248844591, 
resistor:  1


51.3210714286 89.046157757, 1.73507986638, 0.376448170375, 4.61245051675, 
resistor:  1


51.4221071429 89.2202777091, 1.73505682024, 0.376442815699, 4.61245206117, 
resistor:  1


51.5231666667 89.3945789477, 1.73503658123, 0.376438567754, 4.61244913368, 
resistor:  1


51.6245 89.5660995461, 1.73495335637, 0.376420155601, 4.6124475592, 
resistor:  1


51.7258452381 89.7363127878, 1.73484478358, 0.376396519071, 4.61244476852, 
resistor:  1


51.8269761905 89.9005707646, 1.73462890125, 0.37634793838, 4.61246391823, 
resistor:  1


51.9281547619 90.062853193, 1.73437422543, 0.376290104421, 4.61250040332, 
resistor:  1


52.0293452381 90.2110460306, 1.73384934248, 0.376168659792, 4.61260563316, 
resistor:  1


52.1305357143 90.3591625378, 1.73332503301, 0.376047141638, 4.61271457005, 
resistor:  1


52.2317261905 90.5079082557, 1.73281480159, 0.375929605294, 4.61280859988, 
resistor:  1


52.3328690476 90.669548713, 1.73255451809, 0.37586969658, 4.61285416984, 
resistor:  1


52.4339166667 90.8167698476, 1.73202338526, 0.375747832795, 4.61294584407, 
resistor:  1


52.5350595238 90.9654325541, 1.73151859689, 0.375630281027, 4.61305746879, 
resistor:  1


52.6362142857 91.1134906427, 1.73100387023, 0.375511503842, 4.61315581678, 
resistor:  1


52.7373333333 91.2624413366, 1.73050921555, 0.375396546471, 4.61326253732, 
resistor:  1


52.8384404762 91.4111361982, 1.73001200214, 0.375281785132, 4.61335620812, 
resistor:  1


52.9395595238 91.5597729535, 1.72951520143, 0.375166421912, 4.61346144449, 
resistor:  1


53.0405952381 91.7078722821, 1.72901287911, 0.375049890902, 4.61356634016, 
resistor:  1


53.1419761905 91.8571493877, 1.72852340038, 0.37493514323, 4.61368555905, 
resistor:  1


53.2433452381 92.0129852425, 1.72815935646, 0.374850529958, 4.61376287231, 
resistor:  1


53.3445595238 92.1706585835, 1.72783615436, 0.374774373403, 4.61384490764, 
resistor:  1


53.4457738095 92.3191213227, 1.72734184094, 0.374659576583, 4.61394989169, 
resistor:  1


53.5468809524 92.4668325552, 1.72683881695, 0.374543095063, 4.61405436576, 
resistor:  1


53.6480833333 92.6164865347, 1.72637083713, 0.374435232989, 4.61414030356, 
resistor:  1


53.7492738095 92.7661789318, 1.72590571662, 0.374327031372, 4.61424218307, 
resistor:  1


53.8504166667 92.9146000759, 1.72542026278, 0.374215448789, 4.61432827465, 
resistor:  1


53.9515833333 93.0629502463, 1.72493455236, 0.374103523963, 4.61441868782, 
resistor:  1


54.05275 93.2110257033, 1.72444557776, 0.37399003107, 4.61452192231, 
resistor:  1


54.1539642857 93.3589077122, 1.72395334199, 0.373875531314, 4.61462979201, 
resistor:  1


54.2552142857 93.5193515042, 1.72369333963, 0.373815804846, 4.61467470451, 
resistor:  1


54.3563214286 93.6691238031, 1.72324251055, 0.373709745165, 4.6147900747, 
resistor:  1


54.4574761905 93.8168924706, 1.72275505649, 0.373596273587, 4.61489830818, 
resistor:  1


54.5624642857 93.9714015147, 1.72227194546, 0.373483147287, 4.61501418438, 
resistor:  1


54.6641547619 94.1204673176, 1.72179498115, 0.373371638743, 4.61512674498, 
resistor:  1


54.7653928571 94.2693967749, 1.72133151717, 0.373262705852, 4.6152439551, 
resistor:  1


54.8665357143 94.4183570945, 1.72087331313, 0.373155395046, 4.61535416904, 
resistor:  1


54.9677380952 94.5664930184, 1.72039993449, 0.373043617797, 4.615483541, 
resistor:  1


55.0690952381 94.7157977786, 1.71994468711, 0.372935982917, 4.61560690874, 
resistor:  1


55.1705 94.8658173358, 1.71950258446, 0.372831660405, 4.6157254435, 
resistor:  1


55.2719880952 95.0289823001, 1.71929734346, 0.372782892455, 4.61578154251, 
resistor:  1


55.3732857143 95.1778159705, 1.71883995582, 0.372675148534, 4.61590118282, 
resistor:  1


55.4746666667 95.3295001202, 1.71843304067, 0.372579597541, 4.61600274767, 
resistor:  1


55.5761190476 95.4777747213, 1.71796405286, 0.372469830351, 4.61611571898, 
resistor:  1


55.677452381 95.627168483, 1.71752054725, 0.372366167335, 4.61622017337, 
resistor:  1


55.7788571429 95.7758928339, 1.71706445309, 0.372259546808, 4.61632761042, 
resistor:  1


55.8799880952 95.9235675481, 1.7165996418, 0.372151752976, 4.61642486341, 
resistor:  1


55.9813690476 96.0728401402, 1.71615738905, 0.372048140523, 4.61653196377, 
resistor:  1


56.082797619 96.221217641, 1.71569931826, 0.371940928404, 4.61664222435, 
resistor:  1


56.1842380952 96.3702259154, 1.7152537648, 0.371836695008, 4.61674791118, 
resistor:  1


56.2854761905 96.5325825657, 1.71505313803, 0.371790288649, 4.61678523046, 
resistor:  1


56.3865952381 96.6820871527, 1.71462892456, 0.371691144962, 4.61688472149, 
resistor:  1


56.4880238095 96.8326220492, 1.71421507638, 0.371593750406, 4.61699103503, 
resistor:  1


56.5895357143 96.9820264469, 1.71378021083, 0.371491035934, 4.61710849462, 
resistor:  1


56.6910595238 97.1313986625, 1.71334597516, 0.371388436966, 4.61722660434, 
resistor:  1


56.7922261905 97.2800918856, 1.71291210806, 0.371286166536, 4.61734084603, 
resistor:  1


56.8933452381 97.4283780728, 1.71247406292, 0.371183288958, 4.6174512441, 
resistor:  1


56.9945 97.5778806269, 1.71205784114, 0.371085076052, 4.61756194261, 
resistor:  1


57.095702381 97.7266796538, 1.71162934474, 0.370983798834, 4.61767875347, 
resistor:  1


57.1968452381 97.8803682533, 1.71128963225, 0.370904645927, 4.61775368523, 
resistor:  1


57.297952381 98.0371333569, 1.71100587862, 0.370838192141, 4.61782061104, 
resistor:  1


57.3995238095 98.1868269544, 1.71058608918, 0.370740253236, 4.61791583561, 
resistor:  1


57.5007142857 98.3392009479, 1.71022572797, 0.370657118742, 4.61798308103, 
resistor:  1


57.6020595238 98.4873040963, 1.70978789492, 0.370555390468, 4.61807758025, 
resistor:  1


57.7034880952 98.6362660806, 1.70936401484, 0.370456055922, 4.6181810125, 
resistor:  1


57.8047261905 98.7840851911, 1.70892748225, 0.370354637061, 4.61827501562, 
resistor:  1


57.9058690476 98.9328195524, 1.70851109187, 0.370257343363, 4.61837193845, 
resistor:  1


58.0070357143 99.0814602327, 1.70809383746, 0.370159763768, 4.61847143344, 
