time, energy_1, power_1, avg_current_1, avg_voltage_1, 
resistor:  1


0.000559523809524 0.00084366264173, 1.50782259373, 0.337649601064, 4.64935172872, 
resistor:  1


0.101714285714 0.154162722434, 1.51564474303, 0.326832769158, 4.63860912537, 
resistor:  1


0.202642857143 0.30602553325, 1.51017182429, 0.325423636048, 4.64132704414, 
resistor:  1


0.303488095238 0.458853917941, 1.51193382917, 0.325843859099, 4.64093097784, 
resistor:  1


0.405619047619 0.613099320786, 1.51151511347, 0.325646416619, 4.64200325666, 
resistor:  1


0.5065 0.765976452138, 1.51229309405, 0.325740829595, 4.6429940007, 
resistor:  1


0.607511904762 0.920790599789, 1.51567498936, 0.326481157746, 4.64292645034, 
resistor:  1


0.708833333333 1.0751241544, 1.51675168737, 0.326702727303, 4.64314486977, 
resistor:  1


0.809833333333 1.22772874561, 1.51602644035, 0.326472749447, 4.64407758758, 
resistor:  1


0.910702380952 1.38103019242, 1.51644513213, 0.326545751415, 4.64429814851, 
resistor:  1


1.01160714286 1.53412405872, 1.51652157614, 0.326542906691, 4.6445733982, 
resistor:  1


1.11258333333 1.708158079, 1.53530798802, 0.330951994676, 4.64022647322, 
resistor:  1


1.21377380952 1.8848841872, 1.55291222501, 0.335081181014, 4.63601603724, 
resistor:  1


1.31477380952 2.07719040477, 1.57988422779, 0.341617476151, 4.62904393929, 
resistor:  1


1.41566666667 2.2531368623, 1.59157301316, 0.344288071845, 4.62701137417, 
resistor:  1


1.51660714286 2.42801025957, 1.60094871702, 0.346480815083, 4.62474190602, 
resistor:  1


1.61769047619 2.60668556229, 1.61136237164, 0.348904512416, 4.62252353018, 
resistor:  1


1.71877380952 2.78206298475, 1.61863240488, 0.350597426112, 4.62085545852, 
resistor:  1


1.81972619048 2.96021267777, 1.62673521614, 0.352489045751, 4.61901168121, 
resistor:  1


1.92064285714 3.13301276448, 1.6312313103, 0.353542006606, 4.61788534686, 
resistor:  1


2.02154761905 3.30889677159, 1.63681366712, 0.354841529573, 4.61659242718, 
resistor:  1


2.12242857143 3.48427314092, 1.64164447644, 0.355969368921, 4.61544275807, 
resistor:  1


2.22329761905 3.65914670454, 1.64581955794, 0.356967460243, 4.61416183059, 
resistor:  1


2.32411904762 3.83417268374, 1.64973162096, 0.357880029407, 4.61324026435, 
resistor:  1


2.42494047619 4.00953167033, 1.65345570734, 0.358727191408, 4.61262730143, 
resistor:  1


2.52571428571 4.18603136993, 1.6573653614, 0.359615218909, 4.61202984288, 
resistor:  1


2.62672619048 4.35783795509, 1.65903776758, 0.359989576901, 4.61193782982, 
resistor:  1


2.72775 4.51246991389, 1.65428280227, 0.358867363181, 4.61310272435, 
resistor:  1


2.82866666667 4.66564673143, 1.64941553079, 0.357720288642, 4.61427519152, 
resistor:  1


2.92958333333 4.81860797281, 1.64481000352, 0.356633700547, 4.61540883557, 
resistor:  1


3.03054761905 4.97200972077, 1.64063078551, 0.355646516553, 4.61644506568, 
resistor:  1


3.13151190476 5.12442108331, 1.63640479077, 0.354654295011, 4.61742345363, 
resistor:  1


3.23261904762 5.27806462235, 1.63275181659, 0.353818930121, 4.61794459128, 
resistor:  1


3.33379761905 5.43107974752, 1.62909701431, 0.352958362356, 4.61882334044, 
resistor:  1


3.43492857143 5.58438760765, 1.62576527911, 0.352180631835, 4.61952132273, 
resistor:  1


3.53608333333 5.73931618075, 1.6230715285, 0.351561433784, 4.6199677693, 
resistor:  1


3.63717857143 5.90458796674, 1.62339787579, 0.351650939217, 4.61972082727, 
resistor:  1


3.73827380952 6.05737634099, 1.62036722017, 0.350947628087, 4.62030640455, 
resistor:  1


3.8395952381 6.21097917223, 1.61761300009, 0.350308049898, 4.62083513016, 
resistor:  1


3.94085714286 6.36341518913, 1.61472871471, 0.34964227106, 4.62134491766, 
resistor:  1


4.04203571429 6.51660056442, 1.61220756694, 0.349057313503, 4.62182319715, 
resistor:  1


4.14330952381 6.66909029416, 1.6096046544, 0.348451267467, 4.62235678165, 
resistor:  1


4.24466666667 6.82231961596, 1.60726863891, 0.347933761185, 4.62247958041, 
resistor:  1


4.34580952381 6.97558582493, 1.60512921395, 0.347434608289, 4.62291111588, 
resistor:  1


4.44696428571 7.12814777457, 1.60292444836, 0.346912589598, 4.62347104814, 
resistor:  1


4.54848809524 7.29107547101, 1.6029668141, 0.346915365987, 4.62355884359, 
resistor:  1


4.64985714286 7.45161932738, 1.60254801351, 0.346813898462, 4.62370107947, 
resistor:  1


4.75113095238 7.60526813763, 1.6007279559, 0.34637877989, 4.62422489427, 
resistor:  1


4.85228571429 7.76062796413, 1.59937572128, 0.346071127855, 4.62439955322, 
resistor:  1


4.9535 7.93172723088, 1.60123694981, 0.346563848056, 4.62354248586, 
resistor:  1


5.05467857143 8.11979848629, 1.60639264625, 0.34781005354, 4.6220721065, 
resistor:  1


5.15582142857 8.29954574947, 1.60974266942, 0.348597221068, 4.62131430066, 
resistor:  1


5.25691666667 8.47272272614, 1.61172855942, 0.349070586754, 4.62072102367, 
resistor:  1


5.35801190476 8.65315689355, 1.61499396555, 0.349841346267, 4.6199444551, 
resistor:  1


5.45920238095 8.83038599065, 1.61752310584, 0.350445454142, 4.61923019251, 
resistor:  1


5.56039285714 9.02247184304, 1.62263208281, 0.351666988819, 4.6179629367, 
resistor:  1


5.66173809524 9.22669668489, 1.62965798306, 0.353378931383, 4.61597842624, 
resistor:  1


5.76310714286 9.42209932814, 1.63489921228, 0.354644834131, 4.61452179852, 
resistor:  1


5.86427380952 9.61544373329, 1.63966486655, 0.35580731773, 4.61304763381, 
resistor:  1


5.96545238095 9.80864807361, 1.64424212067, 0.356919915974, 4.6116817235, 
resistor:  1


6.0665952381 10.0135381198, 1.65060264066, 0.358464017817, 4.6099527539, 
resistor:  1


6.1676547619 10.2068174842, 1.65489442555, 0.359498548729, 4.60875467397, 
resistor:  1


6.26872619048 10.3993394578, 1.65892386138, 0.360470306052, 4.60761917911, 
resistor:  1


6.36977380952 10.5929235181, 1.66299837873, 0.361447635687, 4.6065376574, 
resistor:  1


6.4708452381 10.7859940983, 1.66686015527, 0.362367038264, 4.60558051774, 
resistor:  1


6.57191666667 10.9900483012, 1.67227444574, 0.363655823062, 4.60436760631, 
resistor:  1


6.67298809524 11.1862417394, 1.67634672499, 0.364623224068, 4.6034149488, 
resistor:  1


6.77407142857 11.3796825027, 1.67988817696, 0.365464143721, 4.60256268444, 
resistor:  1


6.87514285714 11.5732024439, 1.68333992244, 0.366289132405, 4.60167816825, 
resistor:  1


6.97621428571 11.7673837125, 1.68678644757, 0.367106410926, 4.60086790396, 
resistor:  1


7.07725 11.9602272587, 1.68995404411, 0.367859952847, 4.60008750441, 
resistor:  1


7.17851190476 12.1542640131, 1.69314534466, 0.368619667827, 4.59930093902, 
resistor:  1


7.27986904762 12.3484363881, 1.69624430156, 0.369354047318, 4.5985733277, 
resistor:  1


7.38103571429 12.5417765439, 1.69918925058, 0.370052093414, 4.5978762387, 
resistor:  1


7.4823452381 12.735390843, 1.70205870456, 0.370740957422, 4.59710438048, 
resistor:  1


7.58352380952 12.9430234361, 1.70672945206, 0.371868421629, 4.59594357026, 
resistor:  1


7.68478571429 13.1415929723, 1.71007929966, 0.372676545167, 4.59505126338, 
resistor:  1


7.78613095238 13.3345697455, 1.71260537834, 0.373286090594, 4.59434703523, 
resistor:  1


7.88730952381 13.5326605499, 1.71575117079, 0.374048259045, 4.5934709754, 
resistor:  1


7.98846428571 13.731354423, 1.71889789224, 0.374804759102, 4.59266251619, 
resistor:  1


8.08964285714 13.9298497839, 1.72193631164, 0.375539018869, 4.59183593793, 
resistor:  1


8.19096428571 14.1280316512, 1.72483130904, 0.376238072624, 4.5910517717, 
resistor:  1


8.2920952381 14.3265867213, 1.7277402526, 0.376939974965, 4.59027696032, 
resistor:  1


8.39319047619 14.5256041035, 1.73064154146, 0.377629409366, 4.58962047028, 
resistor:  1


8.49426190476 14.724268517, 1.73343707577, 0.378289084776, 4.58903245576, 
resistor:  1


8.59551190476 14.9353051201, 1.73757017448, 0.379273500058, 4.58815169363, 
resistor:  1


8.69698809524 15.1362878927, 1.74040572748, 0.37994270373, 4.58756426803, 
resistor:  1


8.79828571429 15.3344302019, 1.7428884103, 0.380524560933, 4.58707521196, 
resistor:  1


8.89972619048 15.5346087443, 1.74551535764, 0.381145243859, 4.58651492275, 
resistor:  1


9.00089285714 15.73257572, 1.74789056705, 0.381704363019, 4.58602281481, 
resistor:  1


9.10221428571 15.9328470099, 1.75043637843, 0.382306065544, 4.58548359895, 
resistor:  1


9.2034047619 16.1314028205, 1.75276468196, 0.38285491751, 4.58500664956, 
resistor:  1


9.30455952381 16.330288591, 1.75508454207, 0.383409853134, 4.58442641159, 
resistor:  1


9.40557142857 16.5298085399, 1.75744862133, 0.383964385497, 4.58396739911, 
resistor:  1


9.50667857143 16.7280754456, 1.75961302572, 0.384476252318, 4.58349509403, 
resistor:  1


9.60786904762 16.9393265113, 1.76306800471, 0.385305876503, 4.58269934069, 
resistor:  1


9.70897619048 17.1383644592, 1.76520820764, 0.385807077248, 4.58229050389, 
resistor:  1


9.81003571429 17.3374164994, 1.76731430999, 0.386304154012, 4.58184827674, 
resistor:  1


9.9110952381 17.5353874973, 1.76926838821, 0.386764772302, 4.58143821959, 
resistor:  1


10.0121547619 17.7349683776, 1.77134381153, 0.387256306365, 4.58098754441, 
resistor:  1


10.113452381 17.9322975894, 1.77311336564, 0.387670613411, 4.58064170639, 
resistor:  1


10.2148214286 18.128985143, 1.77477259586, 0.388067000693, 4.58023126826, 
resistor:  1


10.3159642857 18.3272031218, 1.77658652301, 0.388504782492, 4.57974225731, 
resistor:  1


10.4173690476 18.526911757, 1.77846360942, 0.388947727605, 4.579344747, 
resistor:  1


10.5188095238 18.7275427137, 1.78038614268, 0.38939971972, 4.5789611941, 
resistor:  1


10.6202142857 18.9400575356, 1.78339692835, 0.390121975042, 4.57828622348, 
resistor:  1


10.7216190476 19.1422261131, 1.78538577319, 0.39059155078, 4.57787856331, 
resistor:  1


10.8229642857 19.3415201642, 1.78708158445, 0.39098949629, 4.57754325607, 
resistor:  1


10.9241666667 19.5423271844, 1.78890782068, 0.391419097613, 4.57717689641, 
resistor:  1


11.0254761905 19.7466290962, 1.79100011238, 0.391916716113, 4.57672500559, 
resistor:  1


11.1266071429 19.9462686111, 1.79266404888, 0.392307502979, 4.57639525296, 
resistor:  1


11.22775 20.144401657, 1.79416193423, 0.392662563454, 4.57606824432, 
resistor:  1


11.3288214286 20.3442060506, 1.79579192583, 0.393051292955, 4.57567537843, 
resistor:  1


11.4299166667 20.5419819432, 1.79721187321, 0.393390350866, 4.57532851571, 
resistor:  1


11.5309404762 20.7406199317, 1.79869282775, 0.393745464817, 4.57495490103, 
resistor:  1


11.6322142857 20.9526647811, 1.80126193229, 0.394376061769, 4.57425520821, 
resistor:  1


11.73375 21.1528845482, 1.80273864265, 0.394738349496, 4.57380484379, 
resistor:  1


11.8350357143 21.3523916229, 1.80416790776, 0.395075721587, 4.57349488238, 
resistor:  1


11.9361666667 21.550733338, 1.80549869483, 0.395389486363, 4.57321211887, 
resistor:  1


12.0373095238 21.7494652522, 1.80683774968, 0.395705534984, 4.57292623172, 
resistor:  1


12.1383809524 21.9482707338, 1.8081711902, 0.396022584922, 4.57262151408, 
resistor:  1


12.239452381 22.1471922199, 1.80949208597, 0.39633249904, 4.57235566776, 
resistor:  1


12.3405 22.3453901519, 1.81073620614, 0.396632037635, 4.57202522773, 
resistor:  1


12.4415952381 22.5453683137, 1.81209626918, 0.396950082866, 4.57177075185, 
resistor:  1


12.5427261905 22.7411921588, 1.81309803096, 0.397179115174, 4.5716285332, 
resistor:  1


12.6438452381 22.9511370724, 1.81520230912, 0.397681415851, 4.57117952181, 
resistor:  1


12.7449285714 23.1495497185, 1.81637343738, 0.397950247422, 4.57100877605, 
resistor:  1


12.846 23.3485347095, 1.81757237346, 0.398229602537, 4.57078967815, 
resistor:  1


12.9470714286 23.54731969, 1.81873714221, 0.398496181353, 4.57062696041, 
resistor:  1


13.0480952381 23.745640638, 1.8198549447, 0.398758132437, 4.57040639493, 
resistor:  1


13.1493452381 23.9449166826, 1.82099688228, 0.39901928677, 4.57024859192, 
resistor:  1


13.2507380952 24.1444064054, 1.82211784973, 0.399279082847, 4.57005814464, 
resistor:  1


13.3519404762 24.3436591766, 1.82323005559, 0.399543633266, 4.56980093059, 
resistor:  1


13.4530833333 24.5423461764, 1.82429154479, 0.399798989085, 4.56952331261, 
resistor:  1


13.5542857143 24.7403866941, 1.82528148038, 0.40003349703, 4.56930089761, 
resistor:  1


13.6556309524 24.9520283703, 1.82723364869, 0.400508857483, 4.56880374055, 
resistor:  1


13.7571785714 25.1527447237, 1.8283359915, 0.400769834237, 4.56856448048, 
resistor:  1


13.858452381 25.3498358377, 1.8291967343, 0.400973588209, 4.56836627405, 
resistor:  1


13.9596309524 25.5503133035, 1.83030005526, 0.401236308476, 4.56811736367, 
resistor:  1


14.06075 25.7479773122, 1.8311951576, 0.401448592472, 4.56790844587, 
resistor:  1


14.161952381 25.9470254598, 1.8321644334, 0.401676281791, 4.56771178186, 
resistor:  1


14.2633571429 26.1468299457, 1.83314697121, 0.401911358953, 4.56746908399, 
resistor:  1


14.3644642857 26.3441329791, 1.83397949656, 0.402112060878, 4.56724128554, 
resistor:  1


14.4656904762 26.5447436055, 1.83501393516, 0.402358697498, 4.56699996636, 
resistor:  1


14.5668571429 26.7449396253, 1.8360130372, 0.402590024174, 4.56683766455, 
resistor:  1


14.6682857143 26.9555251747, 1.83767385635, 0.402987896486, 4.5664778827, 
resistor:  1


14.7698809524 27.1597104682, 1.83885777792, 0.403268271015, 4.56623496095, 
resistor:  1


14.8714404762 27.3617688474, 1.83988692227, 0.403517718995, 4.56595816163, 
resistor:  1


14.9728452381 27.5591515722, 1.84060885783, 0.403688074776, 4.56579951468, 
resistor:  1


15.0741547619 27.7602917821, 1.84158198059, 0.403923968705, 4.56553997553, 
resistor:  1


15.175452381 27.9583484623, 1.84234036393, 0.404103397512, 4.56536812805, 
resistor:  1


15.2768571429 28.1602116738, 1.84332493329, 0.404339540594, 4.56513174316, 
resistor:  1


15.3782142857 28.3599880597, 1.84416652888, 0.404544027708, 4.56488858311, 
resistor:  1


15.4794166667 28.5584960808, 1.8449336106, 0.404736045244, 4.56460822413, 
resistor:  1


15.5806071429 28.7588236546, 1.84580892073, 0.404951683843, 4.56433664115, 
resistor:  1


15.6817738095 28.9690281064, 1.84730557003, 0.405320964328, 4.56390564706, 
resistor:  1


15.7829404762 29.1686928853, 1.84811524375, 0.405519893081, 4.56365099646, 
resistor:  1


15.8842857143 29.3683406361, 1.84889274623, 0.405713866397, 4.56337584434, 
resistor:  1


15.9857142857 29.5686612382, 1.84969283885, 0.405910074433, 4.56312999517, 
resistor:  1


16.0871547619 29.7705260826, 1.85057746527, 0.40612855077, 4.56285344899, 
resistor:  1


16.188547619 29.9699232746, 1.85130401935, 0.406300296303, 4.56269595409, 
resistor:  1


16.28975 30.1691730398, 1.85203413433, 0.406474951965, 4.56252122106, 
resistor:  1


16.3908214286 30.3684152533, 1.85276957507, 0.406650757828, 4.56233716936, 
resistor:  1


16.4918928571 30.5681250316, 1.85352435262, 0.406826969434, 4.56219717285, 
resistor:  1


16.5930833333 30.7733733274, 1.85459041633, 0.407080390785, 4.56197771469, 
resistor:  1


16.6943095238 30.9854680921, 1.85604969454, 0.40742916801, 4.56167778112, 
resistor:  1


16.7955119048 31.1848831917, 1.85673907223, 0.40758847829, 4.5615719215, 
resistor:  1


16.89675 31.3843961529, 1.85742205767, 0.407746240948, 4.56145963188, 
resistor:  1


16.9978571429 31.5846482823, 1.85815470838, 0.407914863352, 4.56134998257, 
resistor:  1


17.0989642857 31.7829459474, 1.85876439159, 0.408053398988, 4.56127282227, 
resistor:  1


17.2002380952 31.9833693834, 1.85947247976, 0.408217644667, 4.56115463438, 
resistor:  1


17.3013690476 32.1813083176, 1.86004403634, 0.408348666185, 4.56106804241, 
resistor:  1


17.4025595238 32.3778759079, 1.86052378465, 0.40846153376, 4.5609641992, 
resistor:  1


17.503797619 32.5791355461, 1.86126098205, 0.408637969584, 4.56078799741, 
resistor:  1


17.6050714286 32.7809790622, 1.86201908894, 0.40881892981, 4.56061544053, 
resistor:  1


17.7065119048 32.9907143367, 1.86319668799, 0.409102976142, 4.56034467964, 
resistor:  1


17.8077619048 33.1911059651, 1.8638561175, 0.409256814715, 4.56022297018, 
resistor:  1


17.9090595238 33.3908859386, 1.86446897975, 0.409402532129, 4.56008152318, 
resistor:  1


18.0104047619 33.5907965669, 1.86507727122, 0.409546040545, 4.55995294677, 
resistor:  1


18.1117142857 33.788963396, 1.86558615397, 0.409664863795, 4.55985416338, 
resistor:  1


18.2131190476 33.989481917, 1.86620873822, 0.409811508249, 4.55972617931, 
resistor:  1


18.3144761905 34.1887738888, 1.86676231049, 0.40994204949, 4.55960951583, 
resistor:  1


18.4156785714 34.3882477805, 1.86733536031, 0.410080090325, 4.55945658737, 
resistor:  1


18.51675 34.588154629, 1.86793873812, 0.410225395701, 4.55929811121, 
resistor:  1


18.6178809524 34.7924222103, 1.86876381363, 0.410425052574, 4.55908948987, 
resistor:  1


18.7191666667 35.0013759763, 1.86981485873, 0.410675922653, 4.55887231169, 
resistor:  1


18.8203095238 35.2006806539, 1.8703560964, 0.410798988271, 4.55880424231, 
resistor:  1


18.9214761905 35.4007988734, 1.87093218928, 0.410931684018, 4.5587156495, 
resistor:  1


19.0226547619 35.6015143916, 1.87153238269, 0.411069612053, 4.55862839777, 
resistor:  1


19.1242380952 35.8010774866, 1.87202634209, 0.411181454059, 4.55856837751, 
resistor:  1


19.2256785714 36.0024640174, 1.87262383919, 0.411320314046, 4.55846567571, 
resistor:  1


19.3268928571 36.2013000778, 1.87310502238, 0.411429462202, 4.55840472411, 
resistor:  1


19.4281071429 36.4012960702, 1.87364089577, 0.411555808448, 4.55829034955, 
resistor:  1


19.529452381 36.6011334356, 1.87415052515, 0.411677216594, 4.55816957971, 
resistor:  1


19.6305833333 36.8068108835, 1.87497285529, 0.411881374994, 4.55791992875, 
resistor:  1


19.7317738095 37.0114469775, 1.87572832198, 0.412063960489, 4.55773885827, 
resistor:  1


19.8329285714 37.2088372447, 1.87611411551, 0.412156194859, 4.55763876053, 
resistor:  1


19.9340119048 37.4079023878, 1.87658673861, 0.412266356277, 4.5575501036, 
resistor:  1


20.0351071429 37.6075032629, 1.87708021698, 0.412382282877, 4.55744917971, 
resistor:  1


20.1362619048 37.8062883744, 1.8775226779, 0.41248598884, 4.55735905384, 
resistor:  1


20.2374404762 38.0046971902, 1.87793991216, 0.412584576266, 4.55726545048, 
resistor:  1


20.3386071429 38.2045775613, 1.87842644744, 0.412698364724, 4.55717287446, 
resistor:  1


20.4397380952 38.403325541, 1.87885604806, 0.412797311567, 4.5571029647, 
resistor:  1


20.5407857143 38.6049646148, 1.87942979162, 0.41293215092, 4.55699395571, 
resistor:  1


20.6421428571 38.8135830285, 1.88030783902, 0.41314577396, 4.55677364485, 
resistor:  1


20.7435238095 39.0187449061, 1.88100851448, 0.413309956058, 4.55665455643, 
resistor:  1


20.8447142857 39.2186387582, 1.88146684194, 0.413414774637, 4.55659372068, 
resistor:  1


20.9459285714 39.4186164928, 1.88192260651, 0.413518713542, 4.55653491645, 
resistor:  1


21.0470595238 39.6340729364, 1.88311687396, 0.413807630684, 4.55626857269, 
resistor:  1


21.1483452381 39.8587734942, 1.8847230384, 0.414200306906, 4.55588401488, 
resistor:  1


21.2494761905 40.0673401231, 1.88556836714, 0.414402410832, 4.5557114885, 
resistor:  1


21.3506190476 40.2657528571, 1.88592905748, 0.41448400072, 4.55566635763, 
resistor:  1


21.4517261905 40.4649890652, 1.88632787431, 0.414578688432, 4.55557371254, 
resistor:  1


21.5528690476 40.6631101318, 1.88666808312, 0.414658295628, 4.5555025571, 
resistor:  1


21.6539404762 40.870116386, 1.88742166493, 0.414846389396, 4.55526003699, 
resistor:  1


21.7551190476 41.0781650574, 1.88820686145, 0.415037096261, 4.55507767611, 
resistor:  1


21.8562142857 41.2778426819, 1.88860898517, 0.41513376564, 4.55497356199, 
resistor:  1


21.957297619 41.4771545354, 1.88899177189, 0.415221967385, 4.55491268412, 
resistor:  1


22.0585 41.675526278, 1.8893182346, 0.415297952644, 4.55484939133, 
resistor:  1


22.1598452381 41.8716505953, 1.88952811472, 0.415345081921, 4.55482220507, 
resistor:  1


22.2611904762 42.0710368634, 1.8898826147, 0.415428377245, 4.554747337, 
resistor:  1


22.3624047619 42.2703703725, 1.89024261132, 0.415512314413, 4.55467956431, 
resistor:  1


22.4636547619 42.4701105956, 1.89061446349, 0.41559632852, 4.55463619849, 
resistor:  1


22.5649047619 42.6716266358, 1.8910616768, 0.415697634493, 4.5545882418, 
resistor:  1


22.6660952381 42.8784673641, 1.89174478064, 0.415864126025, 4.55441082707, 
resistor:  1


22.7671904762 43.0831655432, 1.89233562166, 0.416001232728, 4.55432485892, 
resistor:  1


22.8686904762 43.2834972544, 1.89269679868, 0.416082786962, 4.5542851487, 
resistor:  1


22.9700595238 43.4845544666, 1.89309716074, 0.416173413623, 4.55424049585, 
resistor:  1


23.0711666667 43.6835121621, 1.89342449791, 0.416248688821, 4.55418848173, 
resistor:  1


23.1723571429 43.8831660795, 1.89377221354, 0.416326128576, 4.554160948, 
resistor:  1


23.2734404762 44.0832059592, 1.8941422092, 0.416410452432, 4.55411322169, 
resistor:  1


23.3745119048 44.2825953607, 1.89448214111, 0.416489235473, 4.55405626611, 
resistor:  1


23.4755595238 44.4829752162, 1.89486325858, 0.416580527016, 4.55395920448, 
resistor:  1


23.5766428571 44.6828807387, 1.89521811945, 0.416664139803, 4.55388351266, 
resistor:  1


23.6781428571 44.8915080248, 1.8959049405, 0.416836456398, 4.55365835389, 
resistor:  1


23.7794761905 45.093775553, 1.89633174389, 0.416935742711, 4.55358673541, 
resistor:  1


23.880702381 45.2939226733, 1.89667464343, 0.417019615027, 4.55348228268, 
resistor:  1


23.9819166667 45.4927669414, 1.89696126351, 0.417091053981, 4.55337665378, 
resistor:  1


24.0830238095 45.6916645582, 1.89725613027, 0.417164450174, 4.55326899626, 
resistor:  1


24.1842142857 45.8915116784, 1.89758125429, 0.417241669267, 4.55319348086, 
resistor:  1


24.2853452381 46.0891207733, 1.89781616532, 0.417295758912, 4.55315148411, 
resistor:  1


24.3864404762 46.2902237311, 1.89819517844, 0.417384142624, 4.55308367663, 
resistor:  1


24.487547619 46.4876495513, 1.89841997551, 0.417433696555, 4.55306761893, 
resistor:  1


24.5886785714 46.6860326829, 1.89868001842, 0.417489992349, 4.55306318824, 
resistor:  1


24.6897261905 46.8972516229, 1.89946422496, 0.41768063351, 4.55287576356, 
resistor:  1


24.7908333333 47.1007754587, 1.89992707488, 0.417791648881, 4.55277119604, 
resistor:  1


24.8919047619 47.3000524988, 1.90021828186, 0.417860761921, 4.552702019, 
resistor:  1


24.9930238095 47.5009970182, 1.90057023033, 0.417944684923, 4.55261943989, 
resistor:  1


25.0943928571 47.6997073922, 1.90081137502, 0.418002098694, 4.55255810833, 
resistor:  1


25.1959761905 47.9008435722, 1.90113068889, 0.418077655954, 4.55248759094, 
resistor:  1


25.2971785714 48.1001289639, 1.90140291053, 0.418141786836, 4.55242742182, 
resistor:  1


25.3984404762 48.2996794278, 1.90167894257, 0.418206112423, 4.55237445557, 
resistor:  1


25.4996190476 48.4996844987, 1.90197682593, 0.418275543106, 4.55231764466, 
resistor:  1


25.6008571429 48.6983934709, 1.90221730465, 0.418331555481, 4.5522693851, 
resistor:  1


25.7020119048 48.9100118075, 1.9029643278, 0.418517259198, 4.55204723739, 
resistor:  1


25.803202381 49.1102648211, 1.90326239728, 0.418588320343, 4.55197628268, 
resistor:  1


25.9044047619 49.3098953495, 1.90353323316, 0.41865311617, 4.55190804902, 
resistor:  1


26.0055238095 49.5087537298, 1.90377837003, 0.418710583437, 4.55185757502, 
resistor:  1


26.1067857143 49.7084521741, 1.90404336704, 0.418772749675, 4.55180312642, 
resistor:  1


26.2079761905 49.9080391739, 1.90430725407, 0.418834787186, 4.55174681865, 
resistor:  1


26.3091309524 50.1067950122, 1.90454010445, 0.418889853881, 4.55169264012, 
resistor:  1


26.4101785714 50.3053973016, 1.90477308457, 0.418942805477, 4.55166089711, 
resistor:  1


26.5112738095 50.5076599728, 1.90513893582, 0.419027239763, 4.55160762074, 
resistor:  1


26.6125119048 50.707843371, 1.90541364725, 0.419088975703, 4.55157977564, 
resistor:  1


26.7138690476 50.918042359, 1.90605270499, 0.419245185965, 4.55141345107, 
resistor:  1


26.8150714286 51.1213754988, 1.90644189164, 0.419335938931, 4.5513487166, 
resistor:  1


26.91625 51.3177707661, 1.90657208066, 0.419363498239, 4.55135106619, 
resistor:  1


27.0174285714 51.5174659535, 1.906823435, 0.419419406324, 4.5513306955, 
resistor:  1


27.1188571429 51.7198825968, 1.90715568596, 0.419500606385, 4.55123438376, 
resistor:  1


27.2203095238 51.9210439063, 1.90743767483, 0.419567627744, 4.55116988306, 
resistor:  1


27.3215952381 52.1205268043, 1.90766777526, 0.419620350508, 4.55113486219, 
resistor:  1


27.4226904762 52.3202601395, 1.90791856054, 0.419680387365, 4.55107127525, 
resistor:  1


27.5242619048 52.520102947, 1.90813846812, 0.419730621715, 4.55103838942, 
resistor:  1


27.6255 52.7230232523, 1.90849118576, 0.419815086703, 4.5509596946, 
resistor:  1


27.7266309524 52.9299578023, 1.90899348331, 0.419940598202, 4.5508011277, 
resistor:  1


27.8276904762 53.1347884641, 1.90942142718, 0.420045909872, 4.55067443368, 
resistor:  1


27.9287380952 53.3341663391, 1.90965184883, 0.42010146919, 4.55061093834, 
resistor:  1


28.029797619 53.5332590595, 1.90986962471, 0.420155927621, 4.55052981596, 
resistor:  1


28.1310833333 53.7353937816, 1.91017861434, 0.420233772725, 4.55041657436, 
resistor:  1


28.2326309524 53.9349744956, 1.910377201, 0.420281872128, 4.5503583271, 
resistor:  1


28.3338809524 54.1341737545, 1.91058097002, 0.420328488973, 4.55032760384, 
resistor:  1


28.4350119048 54.3350856527, 1.91085151765, 0.420390682534, 4.55028816779, 
resistor:  1


28.5362142857 54.5334159354, 1.91102489592, 0.420427038874, 4.55029465295, 
resistor:  1


28.637452381 54.7347099575, 1.91129815702, 0.420488592794, 4.55026785791, 
resistor:  1


28.7385952381 54.9394026691, 1.91169408991, 0.420585024483, 4.55016373485, 
resistor:  1


28.8398214286 55.1470345493, 1.91218363421, 0.420700687932, 4.55007270025, 
resistor:  1


28.9411666667 55.3461098451, 1.9123662319, 0.420740308126, 4.55006704795, 
resistor:  1


29.0423095238 55.5460603055, 1.91259101691, 0.42079138296, 4.55003927468, 
resistor:  1


29.1435833333 55.7458266395, 1.91279932882, 0.420838303253, 4.55001677998, 
resistor:  1


29.24475 55.9412115834, 1.91286338859, 0.420851023021, 4.55002131161, 
resistor:  1


29.3459166667 56.1405240419, 1.9130608418, 0.420893882228, 4.55001406796, 
resistor:  1


29.4470952381 56.3391144705, 1.91323164526, 0.420934166047, 4.54997401806, 
resistor:  1


29.5482261905 56.5377847776, 1.9134070659, 0.420974766842, 4.54994174496, 
resistor:  1


29.6496071429 56.7365628781, 1.91356879046, 0.421013467312, 4.5498997001, 
resistor:  1


29.7510119048 56.940856331, 1.91391326498, 0.421100370548, 4.54977492387, 
resistor:  1


29.8521309524 57.1468957621, 1.91433220809, 0.421202427097, 4.54966904637, 
resistor:  1


29.9533809524 57.3494277556, 1.91462285499, 0.421272690571, 4.54959602069, 
resistor:  1


30.0545238095 57.5476536598, 1.91477509424, 0.421307663714, 4.54956993407, 
resistor:  1


30.1558452381 57.7499333753, 1.91504940151, 0.421373791617, 4.54950265833, 
resistor:  1


30.2573690476 57.9513810692, 1.91528156258, 0.421429638036, 4.54944564612, 
resistor:  1


30.3592142857 58.1519100585, 1.91546162925, 0.42147042455, 4.54942280639, 
resistor:  1


30.4604404762 58.3516767056, 1.91565439611, 0.421513318715, 4.54940651801, 
resistor:  1


30.5617261905 58.5526320235, 1.91588104869, 0.421564872301, 4.54938046463, 
resistor:  1


30.6631071429 58.7533666994, 1.9160930569, 0.421613160291, 4.54935393074, 
resistor:  1


30.7642857143 58.9582646246, 1.91645160145, 0.421701097278, 4.54925318137, 
resistor:  1


30.865452381 59.168361694, 1.91697698008, 0.421828103381, 4.54913138147, 
resistor:  1


30.9665714286 59.3691308106, 1.91720064805, 0.421878658291, 4.54910740182, 
resistor:  1


31.0676666667 59.5725198408, 1.91750865876, 0.421951061764, 4.54905349371, 
resistor:  1


31.1689285714 59.7726888054, 1.91770110636, 0.421993886103, 4.54903751811, 
resistor:  1


31.2703928571 59.9751801867, 1.91795416389, 0.422053047204, 4.54899321704, 
resistor:  1


31.3717738095 60.1757200352, 1.91814847323, 0.422097450796, 4.54896560786, 
resistor:  1


31.4730357143 60.3742794867, 1.91828586333, 0.422129937949, 4.54893257927, 
resistor:  1


31.57425 60.5749023877, 1.91849061776, 0.42217963774, 4.54887668366, 
resistor:  1


31.6754285714 60.770208801, 1.91852838436, 0.42218763627, 4.54887085247, 
resistor:  1


31.7765595238 60.9716679855, 1.91876241164, 0.422246257406, 4.54879070054, 
resistor:  1


31.877797619 61.1820565241, 1.91926861621, 0.422371927127, 4.54864339838, 
resistor:  1


31.9789047619 61.3812140098, 1.9194282752, 0.422409226688, 4.54861170571, 
resistor:  1


32.0799642857 61.5797581075, 1.9195706566, 0.422445543555, 4.54854954769, 
resistor:  1


32.1813452381 61.7798392978, 1.91974073305, 0.422488943245, 4.54847742369, 
resistor:  1


32.2825357143 61.9773535727, 1.91984155524, 0.422514681384, 4.54842934793, 
resistor:  1


32.3836666667 62.1777822185, 1.92003527144, 0.422562095078, 4.54836932017, 
resistor:  1


32.48475 62.3781891391, 1.92022992755, 0.422607629895, 4.54833234699, 
resistor:  1


32.5859642857 62.5787945365, 1.92042174931, 0.422652694629, 4.54829263057, 
resistor:  1


32.6872261905 62.7785790959, 1.92058447328, 0.422690299355, 4.54826393692, 
resistor:  1


32.7885 62.9827742069, 1.92088000997, 0.422762831145, 4.54818580091, 
resistor:  1


32.889702381 63.1953182116, 1.92143174419, 0.422896259984, 4.54806294582, 
resistor:  1


32.9910714286 63.3966325008, 1.92162999732, 0.422946139208, 4.54799024759, 
resistor:  1


33.0924047619 63.5971610157, 1.92180536511, 0.422988511471, 4.54794099904, 
resistor:  1


33.1940357143 63.7994577329, 1.9220156983, 0.423036681033, 4.54791322171, 
resistor:  1


33.2954285714 63.9995896602, 1.92217347564, 0.423071271569, 4.54790528448, 
resistor:  1


33.3967380952 64.2004937395, 1.92235821224, 0.423115362716, 4.54786107357, 
resistor:  1


33.4980595238 64.3994845441, 1.9224840322, 0.423145456053, 4.54782777103, 
resistor:  1


33.5992619048 64.5994093301, 1.9226437031, 0.423183777164, 4.5477846784, 
resistor:  1


33.7006071429 64.7986313151, 1.92277341, 0.42321457206, 4.54775239031, 
resistor:  1


33.8021428571 65.0012339763, 1.92299151717, 0.423268525467, 4.54768336894, 
resistor:  1


33.9033690476 65.20984703, 1.92340315614, 0.423370212525, 4.54756540902, 
resistor:  1


34.0045238095 65.4062555492, 1.92345747629, 0.423383487297, 4.54754449866, 
resistor:  1


34.1062142857 65.6073469297, 1.92361856347, 0.423420752264, 4.54751831553, 
resistor:  1


34.207702381 65.8071002332, 1.9237509582, 0.423451843176, 4.54748837379, 
resistor:  1


34.3088690476 66.0070428621, 1.92390611216, 0.423488886263, 4.54744996621, 
resistor:  1


34.4099880952 66.2060757466, 1.92403657808, 0.423516683642, 4.54745055562, 
resistor:  1


34.511202381 66.4067808497, 1.92420942385, 0.423555713157, 4.54743183892, 
resistor:  1


34.6124166667 66.6066229295, 1.92435632481, 0.423588630349, 4.54741786115, 
resistor:  1


34.713547619 66.8064437089, 1.92450637549, 0.423622923489, 4.54739628799, 
resistor:  1


34.8146071429 67.011747885, 1.92481700598, 0.423698751399, 4.54731486381, 
resistor:  1


34.9157142857 67.2214837327, 1.92525013759, 0.423803338149, 4.5472182278, 
resistor:  1


35.0168809524 67.4212184383, 1.92539188542, 0.423834812589, 4.54720541103, 
resistor:  1


35.1179880952 67.6216844975, 1.92555690588, 0.423871016886, 4.54719899349, 
resistor:  1


35.2193095238 67.8199971363, 1.92564811898, 0.423891147143, 4.54718947115, 
resistor:  1


35.3204642857 68.0213687381, 1.92583450172, 0.423932578172, 4.5471765419, 
resistor:  1


35.4215357143 68.2185339149, 1.9259055978, 0.423950111348, 4.54715029517, 
resistor:  1


35.5226071429 68.4200604894, 1.9260990674, 0.423995390291, 4.54711177124, 
resistor:  1


35.6239642857 68.6195101019, 1.92621768738, 0.424024648571, 4.54706983453, 
resistor:  1


35.7253333333 68.8192188979, 1.92634224727, 0.424053944827, 4.54704215142, 
resistor:  1


35.8265 69.0214089478, 1.92654624224, 0.424105168007, 4.54697380722, 
resistor:  1


35.9277857143 69.232155362, 1.92698085856, 0.424213103093, 4.5468446696, 
resistor:  1


36.0289642857 69.4505665346, 1.92763150181, 0.424374493467, 4.54667083019, 
resistor:  1


36.1299880952 69.6753694958, 1.92846367157, 0.424580016174, 4.54645996418, 
resistor:  1


36.231047619 69.8953015603, 1.92915485898, 0.424749232283, 4.54629297763, 
resistor:  1


36.3321309524 70.1183377786, 1.92992637482, 0.424939504047, 4.54609831817, 
resistor:  1


36.433452381 70.338705723, 1.93060775541, 0.425105781693, 4.54593614946, 
resistor:  1


36.534547619 70.5617493356, 1.93137055018, 0.425292383494, 4.54575554822, 
resistor:  1


36.6356071429 70.7847495667, 1.93212983453, 0.425478459019, 4.54557374137, 
resistor:  1


36.7369166667 71.0076144018, 1.9328681023, 0.425659165391, 4.54539751955, 
resistor:  1


36.8380238095 71.2309875856, 1.93362673182, 0.425845432221, 4.54521454261, 
resistor:  1


36.9390595238 71.4661081665, 1.93470296991, 0.426111099325, 4.54495899681, 
resistor:  1


37.0401785714 71.6903714384, 1.93547585901, 0.426300159696, 4.54477808574, 
resistor:  1


37.1415 71.9159393293, 1.93626911485, 0.426494040467, 4.54459440426, 
resistor:  1


37.2429404762 72.1434389227, 1.93710373027, 0.426698117332, 4.54440246129, 
resistor:  1


37.3442619048 72.3678991026, 1.93785860026, 0.426883420212, 4.54421883965, 
resistor:  1


37.4454880952 72.5934644238, 1.93864382911, 0.427078968026, 4.54400479396, 
resistor:  1


37.5466428571 72.80098217, 1.93894784274, 0.427152337131, 4.5439355265, 
resistor:  1


37.6478214286 72.9999024603, 1.93902063095, 0.427169799165, 4.54391113037, 
resistor:  1


37.7489285714 73.1999999454, 1.93912788298, 0.427200238913, 4.54383238282, 
resistor:  1


37.8501190476 73.4027592828, 1.93930061859, 0.427245693162, 4.54374922751, 
resistor:  1


37.9512857143 73.6231394111, 1.93993795007, 0.427405216489, 4.54356462272, 
resistor:  1


38.0523571429 73.8463291685, 1.94065058549, 0.4275829248, 4.54336539734, 
resistor:  1


38.1534761905 74.0680245343, 1.94131785436, 0.427748178178, 4.5431886255, 
resistor:  1


38.2545714286 74.2911338916, 1.94201976698, 0.427922793665, 4.54299731491, 
resistor:  1


38.3556547619 74.5135084428, 1.94269942477, 0.428089928539, 4.54282910407, 
resistor:  1


38.4567380952 74.7374534528, 1.94341634664, 0.428265547699, 4.54265867922, 
resistor:  1


38.5577857143 74.958633308, 1.94405959573, 0.428423864661, 4.5425014284, 
resistor:  1


38.659047619 75.1589720591, 1.94414960243, 0.42844350154, 4.54249533118, 
resistor:  1


38.7604166667 75.3549451372, 1.94412113227, 0.428434052716, 4.54252167626, 
resistor:  1


38.8618095238 75.5557166594, 1.94421509408, 0.428455145586, 4.5425098873, 
resistor:  1


38.9631309524 75.755514673, 1.94428714586, 0.428470337086, 4.54250640168, 
resistor:  1


39.0643571429 75.9550085342, 1.94435577825, 0.428484914674, 4.54250393147, 
resistor:  1


39.1655595238 76.1549567811, 1.94443683959, 0.428501561182, 4.54250813237, 
resistor:  1


39.2668809524 76.3558463697, 1.9445355607, 0.428523008926, 4.54250536749, 
resistor:  1


39.3682857143 76.556199763, 1.94461603735, 0.428541015526, 4.54249311352, 
resistor:  1


39.4695595238 76.7561750792, 1.94469297365, 0.428558962204, 4.54247469145, 
resistor:  1


39.5708690476 76.968383771, 1.94507691197, 0.428653166372, 4.54237245835, 
resistor:  1


39.672047619 77.1688781594, 1.94517003257, 0.428674299541, 4.54235708691, 
resistor:  1


39.7731904762 77.3681912598, 1.94523472554, 0.428691504422, 4.54231754455, 
resistor:  1


39.8743214286 77.5667604912, 1.94528101576, 0.428704645497, 4.54227826745, 
resistor:  1


39.9753928571 77.7661827758, 1.94535130783, 0.428723061134, 4.54223928165, 
resistor:  1


40.0766547619 77.9646747283, 1.94538878535, 0.428734444582, 4.54219790869, 
resistor:  1


40.1782142857 78.1656207731, 1.94547274344, 0.428756983135, 4.54214785381, 
resistor:  1


40.2797261905 78.3656403171, 1.94553557655, 0.428773444252, 4.54211191443, 
resistor:  1


40.3809047619 78.564622353, 1.94558846109, 0.428787038094, 4.542083094, 
resistor:  1


40.4820714286 78.7646484044, 1.94566744301, 0.428803341325, 4.54208596308, 
resistor:  1


40.5832738095 78.9770169684, 1.94604844693, 0.428895961445, 4.54199498513, 
resistor:  1


40.6846071429 79.1779364482, 1.94613987964, 0.42891626441, 4.54198536501, 
resistor:  1


40.7859166667 79.3786090053, 1.94622594005, 0.428937822656, 4.54195164439, 
resistor:  1


40.8871547619 79.5789120685, 1.9463059372, 0.428956294847, 4.54193342749, 
resistor:  1


40.9883571429 79.7794487279, 1.94639293421, 0.428977440186, 4.54190441741, 
resistor:  1


41.0893928571 79.9795022331, 1.94647563937, 0.428998716944, 4.54186458027, 
resistor:  1


41.1914642857 80.1771153561, 1.94644974988, 0.428992540859, 4.54186317596, 
resistor:  1


41.2929047619 80.3775795265, 1.94652277407, 0.429009664572, 4.54184451377, 
resistor:  1


41.3941190476 80.5767175828, 1.94657404087, 0.42902379404, 4.54180829953, 
resistor:  1


41.4951904762 80.7775729856, 1.94667314594, 0.429049538662, 4.54175882981, 
resistor:  1


41.5966190476 80.9870705266, 1.94696281527, 0.429123411955, 4.54165314542, 
resistor:  1


41.6980357143 81.1869860814, 1.94702183666, 0.429136838342, 4.5416444769, 
resistor:  1


41.7993214286 81.3867432997, 1.9470828836, 0.429151620735, 4.54162132887, 
resistor:  1


41.9005357143 81.585909197, 1.94713284225, 0.429162549264, 4.54161455223, 
resistor:  1


42.0017261905 81.7852414158, 1.94718762379, 0.429175604845, 4.54159671559, 
resistor:  1


42.1029285714 81.983931115, 1.94722633073, 0.429185647646, 4.5415732425, 
resistor:  1


42.20425 82.1857138335, 1.9473326462, 0.429210979871, 4.54154678233, 
resistor:  1


42.3057380952 82.3847076525, 1.94736485786, 0.429217364405, 4.54154693394, 
resistor:  1


42.406952381 82.5856609852, 1.94745569649, 0.429238286196, 4.5415298651, 
resistor:  1


42.5081071429 82.785191083, 1.94751534818, 0.429250091481, 4.54153618082, 
resistor:  1


42.609297619 82.9980275389, 1.9478853719, 0.429339259735, 4.54145540173, 
resistor:  1


42.7106190476 83.1996604577, 1.94798535617, 0.42936119285, 4.54144949238, 
resistor:  1


42.811952381 83.4002860631, 1.94806079669, 0.429377958898, 4.54144059011, 
resistor:  1


42.9130952381 83.6002210709, 1.94812843509, 0.429391596578, 4.54144671177, 
resistor:  1


43.0144285714 83.8009287082, 1.94820509051, 0.429408632169, 4.54143795809, 
resistor:  1


43.1157738095 84.000466677, 1.94825371912, 0.429419006811, 4.54143371595, 
resistor:  1


43.2171071429 84.2011995218, 1.94833030456, 0.42943572715, 4.54142806216, 
resistor:  1


43.3183333333 84.4014920504, 1.94840118619, 0.429450575316, 4.54142844577, 
resistor:  1


43.419452381 84.6010078703, 1.94845865692, 0.429465854858, 4.54139498635, 
resistor:  1


43.5206666667 84.8037006855, 1.94858459626, 0.429495255159, 4.54137076747, 
resistor:  1


43.622047619 85.0104259124, 1.9487949455, 0.429547465478, 4.54130602829, 
resistor:  1


43.7234880952 85.2107418372, 1.9488550788, 0.42956049029, 4.54130080379, 
resistor:  1


43.8248452381 85.4094004183, 1.94888082215, 0.429566173652, 4.54129309237, 
resistor:  1


43.9261547619 85.6089347961, 1.94892849739, 0.4295765961, 4.54128718815, 
resistor:  1


44.0273809524 85.8069978911, 1.94894622471, 0.429580325599, 4.5412822695, 
resistor:  1


44.1285595238 86.0060428885, 1.94898822478, 0.429590638083, 4.54126483819, 
resistor:  1


44.2297380952 86.2034116364, 1.948992134, 0.429590761172, 4.54126551834, 
resistor:  1


44.3309404762 86.4034266847, 1.9490546728, 0.429604258108, 4.54126181622, 
resistor:  1


44.4323095238 86.6047321101, 1.94913865694, 0.429624197673, 4.54124186623, 
resistor:  1


44.533702381 86.8083323693, 1.94927274689, 0.429655007637, 4.54122370604, 
resistor:  1


44.6351428571 87.0160062352, 1.94949541248, 0.429707159725, 4.54118888971, 
resistor:  1


44.7365833333 87.2184045144, 1.94959914271, 0.429729909738, 4.54118535966, 
resistor:  1


44.837797619 87.4184641894, 1.94966008215, 0.429742173939, 4.54118957518, 
resistor:  1


44.939 87.6180894031, 1.94971159579, 0.429751858307, 4.54119990995, 
resistor:  1


45.0403809524 87.8180038101, 1.94976156847, 0.429762131354, 4.54120067642, 
resistor:  1


45.1415119048 88.0172078741, 1.9498063791, 0.429772466354, 4.54118859258, 
resistor:  1


45.2427142857 88.2158713638, 1.94983596268, 0.429777545005, 4.54119703239, 
resistor:  1


45.3438928571 88.4154408726, 1.94988641913, 0.429787993416, 4.54119852707, 
resistor:  1


45.445202381 88.6152028684, 1.94993526766, 0.42980098712, 4.54116782743, 
resistor:  1


45.5466666667 88.8181601616, 1.95004742744, 0.42982790063, 4.54114003323, 
resistor:  1


45.648047619 89.0251618102, 1.95025124739, 0.429878044595, 4.54108188617, 
resistor:  1


45.7495 89.2233244699, 1.95025791473, 0.429878631227, 4.54108407317, 
resistor:  1


45.8506785714 89.4168383753, 1.95017481008, 0.429857786383, 4.54110325265, 
resistor:  1


45.9520119048 89.6105066464, 1.95008886297, 0.429835843894, 4.54112738816, 
resistor:  1


46.0531428571 89.8029701858, 1.94998570378, 0.429809575614, 4.54115813288, 
resistor:  1


46.1544761905 90.0028542323, 1.95003522217, 0.429822658069, 4.54112905645, 
resistor:  1


46.2558571429 90.2012400835, 1.95005012673, 0.429825180063, 4.54113027626, 
resistor:  1


46.3570119048 90.4015472641, 1.95011592744, 0.429839515348, 4.54112544345, 
resistor:  1


46.458202381 90.600512476, 1.95015105692, 0.429846576637, 4.54112658033, 
resistor:  1


46.5594166667 90.8071117656, 1.95034900063, 0.429893705879, 4.5410889962, 
resistor:  1


46.6605952381 91.0146517793, 1.95056773954, 0.429944747899, 4.54105594409, 
resistor:  1


46.7617380952 91.2149013837, 1.95063111636, 0.429958067947, 4.54105763462, 
resistor:  1


46.8628928571 91.4141553879, 1.95067247911, 0.429965223071, 4.54107271564, 
resistor:  1


46.9639642857 91.6154140811, 1.95075981073, 0.429985267604, 4.54106011422, 
resistor:  1


47.0650714286 91.8140331448, 1.95078920222, 0.429989915045, 4.54107421444, 
resistor:  1


47.1663452381 92.015287979, 1.95086745675, 0.430008403878, 4.54105648525, 
resistor:  1


47.2676309524 92.2173134066, 1.95096118736, 0.430029053514, 4.54105437778, 
resistor:  1


47.3689047619 92.4182406444, 1.9510318237, 0.430045361364, 4.54104082635, 
resistor:  1


47.4703095238 92.620820753, 1.95113159535, 0.430071025285, 4.54099803992, 
resistor:  1


47.5716666667 92.8263314362, 1.95129449819, 0.430110910649, 4.54095308169, 
resistor:  1


47.6730833333 93.0328636345, 1.95147569927, 0.430154674732, 4.54091075023, 
resistor:  1


47.7743095238 93.2339187813, 1.95154926802, 0.430171625659, 4.5408977503, 
resistor:  1


47.8755 93.4336654975, 1.95159665168, 0.43018213332, 4.54089177478, 
resistor:  1


47.9766071429 93.6402647106, 1.95179005534, 0.430231055758, 4.54082597445, 
resistor:  1


48.0777619048 93.8439565005, 1.95192023885, 0.430261591118, 4.54080179106, 
resistor:  1


48.178952381 94.0427996666, 1.95194779087, 0.430268809446, 4.54078397086, 
resistor:  1


48.2801547619 94.24255784, 1.95199369813, 0.430279256759, 4.54077500718, 
resistor:  1


48.3813690476 94.4426868754, 1.9520465984, 0.430290147052, 4.5407772158, 
resistor:  1


48.4825119048 94.6392442024, 1.95202848376, 0.430284075752, 4.54079496456, 
resistor:  1


48.5836904762 94.8444291492, 1.95218659224, 0.430320613043, 4.54077298068, 
resistor:  1


48.6848333333 95.0570037795, 1.9524972619, 0.430395286389, 4.5407111891, 
resistor:  1


48.7859761905 95.256529644, 1.9525391738, 0.43040355856, 4.54071532149, 
resistor:  1


48.8870714286 95.4573677735, 1.95260965699, 0.430417925214, 4.54072189353, 
resistor:  1


48.9883690476 95.6565416012, 1.95263780895, 0.430422605698, 4.54073217914, 
resistor:  1


49.0895952381 95.8576086623, 1.95270725288, 0.430436742706, 4.54074009402, 
resistor:  1


49.1910357143 96.0574567611, 1.95274312416, 0.43044429462, 4.54073771235, 
resistor:  1


49.2924642857 96.2585189117, 1.95280394897, 0.430457321376, 4.54073721975, 
resistor:  1


49.3939166667 96.4578020306, 1.95282756542, 0.430462465417, 4.54073350017, 
resistor:  1


49.4951190476 96.6577695211, 1.95287477596, 0.430474665668, 4.54070971834, 
resistor:  1


49.5963095238 96.8593427386, 1.95295463853, 0.430493802178, 4.54068839385, 
resistor:  1


49.6975 97.0693690121, 1.95320426605, 0.430555351155, 4.54062112541, 
resistor:  1


49.7986428571 97.268262462, 1.95323119028, 0.430563205932, 4.54059457425, 
resistor:  1


49.8997380952 97.4679062334, 1.95327490592, 0.430573725312, 4.54057945357, 
resistor:  1


50.0009166667 97.6679086681, 1.95332236245, 0.430584180036, 4.54057378949, 
resistor:  1


50.102047619 97.8664111555, 1.95334154603, 0.43058784661, 4.54057366743, 
resistor:  1


50.2032738095 98.0669211884, 1.95339693504, 0.430602160214, 4.54054658183, 
resistor:  1


50.3044642857 98.2664025673, 1.95343303944, 0.430610426632, 4.54053821054, 
resistor:  1


50.4055714286 98.4676531891, 1.95350732862, 0.430626784451, 4.54053312865, 
resistor:  1


50.5069761905 98.6711948205, 1.95361516889, 0.430651756474, 4.54051621059, 
resistor:  1


50.608452381 98.875905909, 1.95374292746, 0.430681187876, 4.54049911502, 
resistor:  1


50.7099166667 99.0872707796, 1.95400184605, 0.430743019016, 4.54044870329, 
resistor:  1


50.8110357143 99.2850933538, 1.95400648615, 0.430742031946, 4.54046538112, 
resistor:  1


50.9122380952 99.4851571263, 1.95405193031, 0.430750653702, 4.54047442588, 
resistor:  1


51.0134166667 99.6846515868, 1.95408694615, 0.43075724103, 4.54048076333, 
resistor:  1


51.1145952381 99.8835680315, 1.95411051513, 0.430760681011, 4.54049392803, 
resistor:  1


51.2157738095 100.083774399, 1.95415917705, 0.430771196057, 4.54049116216, 
resistor:  1


51.3168690476 100.282404063, 1.95418009562, 0.430775302716, 4.54049113546, 
resistor:  1


51.4181190476 100.482127902, 1.95421633003, 0.430783668989, 4.54048222463, 
resistor:  1


51.5192261905 100.680728989, 1.95423604806, 0.430789643814, 4.54045975433, 
resistor:  1


51.6203214286 100.882094095, 1.95430968469, 0.430806788948, 4.54044623172, 
resistor:  1


51.7215119048 101.089688179, 1.95449986778, 0.430852909774, 4.54040108752, 
resistor:  1


51.8226785714 101.288850776, 1.95452750742, 0.430859539417, 4.54038925536, 
resistor:  1


51.92375 101.488796808, 1.95457371258, 0.430870077749, 4.54038156449, 
resistor:  1


52.0247857143 101.687915367, 1.95460517464, 0.430877052367, 4.5403747563, 
resistor:  1


52.1260595238 101.887696466, 1.95464029694, 0.43088485247, 4.54037114599, 
resistor:  1


52.2275 102.088353663, 1.95468581998, 0.430895851333, 4.54035406746, 
resistor:  1


52.3287380952 102.287205322, 1.95470422267, 0.430899791499, 4.54034998649, 
resistor:  1


52.4299166667 102.488301509, 1.95476758356, 0.4309135601, 4.54034771064, 
resistor:  1


52.5310833333 102.687432363, 1.95479373063, 0.430918692581, 4.54034949622, 
resistor:  1


52.6322738095 102.892503726, 1.95493176105, 0.43095112325, 4.54032620288, 
resistor:  1


52.7337142857 103.101081556, 1.95512648696, 0.430997104891, 4.54029227582, 
resistor:  1


52.8351309524 103.302690375, 1.95518944521, 0.431010989927, 4.54028970047, 
resistor:  1


52.9362380952 103.501860459, 1.95521752552, 0.431015535343, 4.54030016597, 
resistor:  1


53.0373690476 103.702161794, 1.95526595034, 0.431025544869, 4.54030196783, 
resistor:  1


53.1384166667 103.902358193, 1.95531528244, 0.431035940729, 4.54030194642, 
resistor:  1


53.2395833333 104.09930735, 1.95529906194, 0.431031100615, 4.54031160153, 
resistor:  1


53.3407619048 104.298425319, 1.95532312614, 0.431036090738, 4.54031017244, 
resistor:  1


53.4419166667 104.500842249, 1.95540970024, 0.431056844625, 4.54028888467, 
resistor:  1


53.5430595238 104.699372983, 1.95542380121, 0.431060621654, 4.54027702065, 
resistor:  1


53.6445357143 104.903908575, 1.95553763638, 0.431088238069, 4.54024820775, 
resistor:  1


53.7458690476 105.112656982, 1.95573462379, 0.431136866435, 4.54019222869, 
resistor:  1


53.8471071429 105.312959898, 1.95577748715, 0.431146360413, 4.54018735116, 
resistor:  1


53.9483095238 105.511401245, 1.95578697787, 0.431147997676, 4.54018674241, 
resistor:  1


54.0495 105.71215651, 1.95583967492, 0.431160299188, 4.54017472296, 
resistor:  1


54.150797619 105.910605446, 1.95584571424, 0.431161278459, 4.5401734524, 
resistor:  1


54.2518452381 106.110929676, 1.95589531029, 0.431173391824, 4.54015601019, 
resistor:  1


54.3529642857 106.309038892, 1.9559013991, 0.431174335485, 4.54015547744, 
resistor:  1


54.4542380952 106.508932347, 1.95593467235, 0.431180380535, 4.54016622554, 
resistor:  1


54.5552857143 106.710821964, 1.95601252137, 0.431199111281, 4.54014773243, 
resistor:  1


54.6563690476 106.913428029, 1.95610191259, 0.431218915724, 4.5401439314, 
resistor:  1


54.7574880952 107.123976311, 1.95633474137, 0.431274719321, 4.54009858146, 
resistor:  1


54.8586309524 107.324885086, 1.95639014724, 0.431286361534, 4.54010059741, 
resistor:  1


54.9596785714 107.523210241, 1.95640173006, 0.431287316699, 4.54011304157, 
resistor:  1


55.0610952381 107.724198626, 1.95644852614, 0.431296879616, 4.54011663662, 
resistor:  1


55.162797619 107.924381356, 1.95647041148, 0.431300171161, 4.5401279904, 
resistor:  1


55.2640833333 108.124035151, 1.9564973963, 0.431304942791, 4.54013570577, 
resistor:  1


55.3653095238 108.324052366, 1.95653294993, 0.431314381302, 4.54011407378, 
resistor:  1


55.4664880952 108.523308276, 1.95655632803, 0.431319493905, 4.54010975431, 
resistor:  1


55.5676904762 108.717976551, 1.95649622324, 0.431305817879, 4.54011019244, 
resistor:  1


55.6688571429 108.919029672, 1.95655228546, 0.431319061094, 4.54009819776, 
resistor:  1


55.7701904762 109.126542116, 1.95671811741, 0.431359497875, 4.54005628989, 
resistor:  1


55.8713214286 109.325672218, 1.95674040676, 0.431364066639, 4.54005551222, 
resistor:  1


55.9723571429 109.525150033, 1.95677215725, 0.431371728316, 4.54004438484, 
resistor:  1


56.0734880952 109.724392761, 1.95679627731, 0.431376603195, 4.54004482318, 
resistor:  1


56.1746428571 109.92435183, 1.95683223317, 0.431385271623, 4.54003251137, 
resistor:  1


56.275797619 110.123972223, 1.95686204163, 0.43139151186, 4.54003113603, 
resistor:  1


56.3769761905 110.323841289, 1.95689532755, 0.431399594171, 4.54001912909, 
resistor:  1


56.4784285714 110.525868228, 1.95695721399, 0.431412668281, 4.54002193525, 
resistor:  1


56.579797619 110.726335862, 1.95699420149, 0.431421142845, 4.54001490653, 
resistor:  1


56.6811071429 110.932661212, 1.95713645699, 0.431454103446, 4.5399968716, 
resistor:  1


56.7823333333 111.138658201, 1.95727529456, 0.431487245233, 4.53997090318, 
resistor:  1


56.8834642857 111.337966224, 1.95729932454, 0.431491050824, 4.53998081807, 
resistor:  1


56.9846428571 111.538448975, 1.95734224841, 0.431500073433, 4.53998171439, 
resistor:  1


57.0858333333 111.736880918, 1.95734868695, 0.431499489335, 4.53999837473, 
resistor:  1


57.1870833333 111.93751343, 1.95739154553, 0.431508494577, 4.5399987393, 
resistor:  1


57.2881904762 112.136645896, 1.95741294958, 0.431511904264, 4.54000786885, 
resistor:  1


57.3893095238 112.335276312, 1.95742512402, 0.431515574752, 4.5399931355, 
resistor:  1


57.4904880952 112.534824789, 1.95745119789, 0.431521680295, 4.53998520801, 
resistor:  1


57.5917380952 112.733822872, 1.95746519554, 0.431525512492, 4.53997302132, 
resistor:  1


57.6928452381 112.937093368, 1.95755804558, 0.431547929427, 4.5399495373, 
resistor:  1


57.7938809524 113.141766084, 1.95767725267, 0.431577242155, 4.53991616105, 
resistor:  1


57.8949285714 113.338994811, 1.95766706355, 0.431574303236, 4.53991895804, 
resistor:  1


57.9960357143 113.535341424, 1.95763969082, 0.431567242076, 4.53992614245, 
resistor:  1


58.0972857143 113.735026223, 1.95766505826, 0.431572156054, 4.53992863338, 
resistor:  1


58.198702381 113.933651139, 1.95766651965, 0.431572778655, 4.53992109874, 
resistor:  1


58.2998690476 114.133492939, 1.95769724363, 0.431579490798, 4.53991709022, 
resistor:  1


58.4010119048 114.331974577, 1.95770536928, 0.431580929929, 4.53991619007, 
resistor:  1


58.502202381 114.532223675, 1.95774208515, 0.431588455116, 4.53991727678, 
resistor:  1


58.6035238095 114.73349224, 1.95779169547, 0.431600052859, 4.53990681859, 
resistor:  1


58.7048928571 114.942616745, 1.95797336732, 0.431642756908, 4.53987867833, 
resistor:  1


58.8061190476 115.144022372, 1.95802790997, 0.431654612083, 4.53987657602, 
resistor:  1


58.9072619048 115.34466678, 1.95807211285, 0.43166377143, 4.53987981507, 
resistor:  1


59.0084880952 115.542640292, 1.95806813599, 0.431661622172, 4.53988824204, 
resistor:  1


59.1096785714 115.743018588, 1.95810603923, 0.431669045703, 4.53989387041, 
resistor:  1


59.2108095238 115.941854312, 1.95811972922, 0.431670547815, 4.53990647438, 
resistor:  1


59.3119404762 116.141205041, 1.95814205553, 0.431674601561, 4.53991056656, 
resistor:  1


59.413452381 116.342508404, 1.95818461547, 0.431685694868, 4.53988933725, 
resistor:  1


59.5150119048 116.543259142, 1.95821617794, 0.431693823312, 4.53987388828, 
resistor:  1


59.6165119048 116.743088955, 1.9582341406, 0.431698417864, 4.53986344129, 
resistor:  1


59.7181547619 116.956118732, 1.95846839538, 0.431757699821, 4.53978873023, 
resistor:  1


59.8196071429 117.152264364, 1.95842583994, 0.431747650997, 4.53979117191, 
resistor:  1


59.920797619 117.346109303, 1.95835359284, 0.431729911427, 4.53980542764, 
resistor:  1


60.0221190476 117.539835568, 1.95827533971, 0.431710200627, 4.53982672613, 
resistor:  1


60.1233571429 117.733561757, 1.95820006319, 0.431691386174, 4.53984640063, 
resistor:  1


60.2245119048 117.93293511, 1.95822151778, 0.431696245365, 4.53984007264, 
resistor:  1


60.3256666667 118.130902357, 1.95821959184, 0.431694522105, 4.53984944327, 
resistor:  1


60.4268095238 118.32730126, 1.95819210367, 0.431687148873, 4.53986028896, 
resistor:  1


60.5279642857 118.527754669, 1.95823130792, 0.431694562641, 4.53986937557, 
resistor:  1


60.6290833333 118.725183594, 1.95822164986, 0.431690490513, 4.53988548291, 
resistor:  1


60.7303690476 118.937690936, 1.95845493451, 0.431745341095, 4.53984919829, 
resistor:  1


60.831547619 119.13716231, 1.95847659599, 0.431748852477, 4.53985841119, 
resistor:  1


60.9326904762 119.337404447, 1.95851198288, 0.431755612193, 4.53986513928, 
resistor:  1


61.0338095238 119.536652989, 1.95853173711, 0.431758127897, 4.53988016509, 
resistor:  1


61.1351904762 119.736697358, 1.95855605299, 0.431762398941, 4.539888083, 
resistor:  1


61.2365 119.936380013, 1.95857666609, 0.431765576124, 4.5398983336, 
resistor:  1


61.337702381 120.136454124, 1.95860701429, 0.431771952611, 4.53989777551, 
resistor:  1


61.4388095238 120.335092239, 1.95861692588, 0.43177521974, 4.53988261752, 
resistor:  1


61.5400357143 120.536355316, 1.95866567052, 0.431787872859, 4.53985921816, 
resistor:  1


61.6414404762 120.734626667, 1.95866004646, 0.431786333378, 4.5398582352, 
resistor:  1


61.7425833333 120.943850442, 1.95884013775, 0.431830609539, 4.53981009906, 
resistor:  1


61.8438214286 121.145464598, 1.95889357739, 0.431842910824, 4.53980166807, 
resistor:  1


61.9449285714 121.344574218, 1.95891055194, 0.431846810572, 4.53979680833, 
resistor:  1


62.0460595238 121.542080093, 1.9589008718, 0.431843336608, 4.53980752687, 
resistor:  1


62.1473452381 121.742101236, 1.95892681771, 0.431848820572, 4.53980516948, 
resistor:  1


62.2485119048 121.950274296, 1.95908738321, 0.431888002356, 4.53976643415, 
resistor:  1


62.3496785714 122.175710645, 1.95952430621, 0.43199556859, 4.53966007369, 
resistor:  1


62.4508571429 122.40185416, 1.95997076357, 0.432105340232, 4.53955356301, 
resistor:  1


62.551952381 122.626620568, 1.96039637294, 0.432210343969, 4.53944764934, 
resistor:  1


62.6531904762 122.836888103, 1.96058472314, 0.432255226098, 4.53941408282, 
resistor:  1


62.7545595238 123.046557455, 1.96075884188, 0.432296520218, 4.53938326765, 
resistor:  1


62.8556904762 123.241897218, 1.96071185098, 0.432283214958, 4.53941043793, 
resistor:  1


62.9568571429 123.436036488, 1.96064483029, 0.432265480144, 4.53943742154, 
resistor:  1


63.057952381 123.629237574, 1.96056536735, 0.432244335993, 4.53947149298, 
resistor:  1


63.1591309524 123.828297647, 1.96057633758, 0.432245440052, 4.53948173708, 
resistor:  1


63.2603095238 124.026871763, 1.96057959085, 0.432244265522, 4.53949826663, 
resistor:  1


63.3613809524 124.226235688, 1.96059861419, 0.43224835646, 4.53949564521, 
resistor:  1


63.4624166667 124.424531598, 1.96060185119, 0.432248944154, 4.53949348689, 
resistor:  1


63.5635 124.623101464, 1.96060791908, 0.432251363313, 4.53947831457, 
resistor:  1


63.6646190476 124.821237108, 1.96060604736, 0.432250342635, 4.53948117593, 
resistor:  1


63.7657380952 125.031493495, 1.96079426397, 0.432296780871, 4.5394308083, 
resistor:  1


63.8668452381 125.230645043, 1.96080837524, 0.432299514143, 4.53943139742, 
resistor:  1


63.9680714286 125.431275906, 1.96084191856, 0.432307390231, 4.53942243797, 
resistor:  1


64.0694761905 125.629102733, 1.96082612505, 0.432302799879, 4.5394301849, 
resistor:  1


64.1707857143 125.829410554, 1.96085195395, 0.43230860354, 4.53942542857, 
resistor:  1


64.5498452381 126.576410811, 1.96090959389, 0.43231864209, 4.53944151259, 
resistor:  1


64.6511428571 126.776632439, 1.96093412795, 0.432323540207, 4.53944369278, 
resistor:  1


64.7524285714 126.990561383, 1.96117063383, 0.432382271624, 4.5393787126, 
resistor:  1


64.8536190476 127.19746895, 1.96130101632, 0.432414078585, 4.53935072914, 
resistor:  1


64.9548095238 127.395695799, 1.96129735016, 0.432411471132, 4.53936567418, 
resistor:  1


65.0559642857 127.595614174, 1.9613207732, 0.432415275525, 4.53937590016, 
resistor:  1


65.1570357143 127.792297028, 1.96129697473, 0.4324080703, 4.53939254457, 
resistor:  1


65.2581785714 127.990429707, 1.96129331999, 0.432405331047, 4.53941004908, 
resistor:  1


65.3618928571 128.194464848, 1.96130282102, 0.432407644157, 4.53940498013, 
resistor:  1


65.4632857143 128.394618648, 1.96132255274, 0.432412033199, 4.53940131136, 
resistor:  1


65.5647380952 128.593906011, 1.96132722782, 0.432414067767, 4.5393870906, 
resistor:  1


65.6661785714 128.792232063, 1.96131760467, 0.432411334473, 4.53938982172, 
resistor:  1


65.767452381 129.001435368, 1.96147837111, 0.432450726859, 4.53934827732, 
resistor:  1


65.8685714286 129.20156889, 1.96150555701, 0.432456710417, 4.53934630871, 
resistor:  1


65.9697142857 129.400560514, 1.96151464222, 0.432458805163, 4.53934175433, 
resistor:  1


66.0707738095 129.597658306, 1.96149750992, 0.432453819943, 4.53935109415, 
resistor:  1


66.1718452381 129.796844251, 1.96151163359, 0.432456815509, 4.53934933198, 
resistor:  1


66.2729166667 129.994339016, 1.96150019578, 0.432453087197, 4.53935848496, 
resistor:  1


66.3741904762 130.195613117, 1.96153975186, 0.43246152597, 4.53935869324, 
resistor:  1


66.4756071429 130.394318753, 1.96153633427, 0.432459239389, 4.53937162462, 
resistor:  1


66.5769047619 130.594913901, 1.96156481543, 0.432466488186, 4.5393585798, 
resistor:  1


66.6780119048 130.792421633, 1.96155251028, 0.432461495786, 4.53937917942, 
resistor:  1


66.7791666667 131.003229319, 1.96173800689, 0.432506160868, 4.53933994371, 
resistor:  1


66.8802619048 131.203636281, 1.9617691759, 0.432511548299, 4.53935176461, 
resistor:  1


66.9814285714 131.402203488, 1.96177069213, 0.432510734023, 4.53936098296, 
resistor:  1


67.082702381 131.601769852, 1.96178396488, 0.432511822279, 4.53937563033, 
resistor:  1


67.1840595238 131.801397063, 1.96179566995, 0.432513042511, 4.53938628752, 
resistor:  1


67.2852142857 132.01322969, 1.96199463867, 0.432561004208, 4.53934573141, 
resistor:  1


67.3863690476 132.212454975, 1.96200591965, 0.432563587758, 4.53934159793, 
resistor:  1


67.4876071429 132.411674477, 1.96201465843, 0.432565389847, 4.53933962982, 
resistor:  1


67.5886666667 132.610173069, 1.96201788864, 0.432567176343, 4.53932508204, 
resistor:  1


67.6897738095 132.807434347, 1.96200144974, 0.432563017895, 4.5393288729, 
resistor:  1


67.7908928571 133.017421618, 1.96217243956, 0.432604757087, 4.53928701402, 
resistor:  1


67.8920357143 133.216674954, 1.96218412885, 0.432606817473, 4.53928931054, 
resistor:  1


67.9930833333 133.414574494, 1.96217862102, 0.432604839208, 4.53929383993, 
resistor:  1


68.0941309524 133.613184123, 1.96218355758, 0.432604942778, 4.5393006441, 
resistor:  1


68.19525 133.811738678, 1.96218561671, 0.43260493717, 4.53930188623, 
resistor:  1


68.2963571429 134.010378442, 1.9621892594, 0.43260482156, 4.53930793263, 
resistor:  1


68.3976785714 134.212758924, 1.96224143461, 0.432616304015, 4.53930560868, 
resistor:  1


68.4990833333 134.413801594, 1.96227153785, 0.43262231184, 4.53930919336, 
resistor:  1


68.600452381 134.611838853, 1.96225876334, 0.432618570717, 4.53931543978, 
resistor:  1


68.7018809524 134.813340268, 1.96229474941, 0.432625951074, 4.53931822248, 
resistor:  1


68.8031666667 135.023969091, 1.96246736354, 0.432667049998, 4.53928731034, 
resistor:  1


68.9043452381 135.223650775, 1.96248364755, 0.432669774376, 4.53929393271, 
resistor:  1


69.005452381 135.423089231, 1.96249839047, 0.432671916858, 4.53930301831, 
resistor:  1


69.1065119048 135.621909762, 1.96250550091, 0.432671924622, 4.53931617296, 
resistor:  1


69.207797619 135.820783117, 1.96250693982, 0.432670700045, 4.53932896361, 
resistor:  1


69.3089285714 136.020544728, 1.96252557256, 0.432673950909, 4.53933486842, 
resistor:  1


69.4100714286 136.217565101, 1.96250432102, 0.432668453662, 4.53933971793, 
resistor:  1


69.5111190476 136.417411727, 1.96252647916, 0.432673220543, 4.53933777817, 
resistor:  1


69.6121904762 136.614172414, 1.96250357128, 0.432668807152, 4.53932778367, 
resistor:  1


69.7134880952 136.814063623, 1.96251926796, 0.432673996105, 4.53930686647, 
resistor:  1


69.8146547619 137.024585295, 1.96269086716, 0.432717521439, 4.53925025932, 
resistor:  1


69.9158095238 137.223695781, 1.96269909074, 0.43271895963, 4.53925128625, 
resistor:  1


70.0168571429 137.420571904, 1.9626783822, 0.432713407503, 4.53925869174, 
resistor:  1


70.1181666667 137.617393356, 1.96264962274, 0.432706140579, 4.5392657534, 
resistor:  1


70.2195595238 137.817659309, 1.96266767042, 0.432709697513, 4.53926707464, 
resistor:  1


70.3210357143 138.016820778, 1.96266763389, 0.432708771471, 4.53927372932, 
resistor:  1


70.4224642857 138.217136497, 1.96268531497, 0.432711257345, 4.53928533924, 
resistor:  1


70.5238214286 138.421493567, 1.96276223782, 0.432728566445, 4.53928020037, 
resistor:  1


70.625202381 138.622139598, 1.96278573263, 0.432734563046, 4.53926973947, 
resistor:  1


70.7264880952 138.821779622, 1.96279757925, 0.432736250055, 4.53927438013, 
resistor:  1


70.8276666667 139.046162303, 1.96316169722, 0.432825539892, 4.53919465294, 
resistor:  1


70.9288452381 139.245688388, 1.96317433226, 0.432827541903, 4.53919967353, 
resistor:  1


71.0300119048 139.446047079, 1.96319898223, 0.432831586365, 4.5392109684, 
resistor:  1


71.1311904762 139.645630903, 1.96321234001, 0.432834985052, 4.53920276055, 
resistor:  1


71.2323809524 139.845505231, 1.96322941001, 0.432837216292, 4.53921541749, 
resistor:  1


71.3335357143 140.043655674, 1.96322324797, 0.432835464245, 4.53921579502, 
resistor:  1


71.4345952381 140.245378589, 1.96326973116, 0.432845976197, 4.5392100346, 
resistor:  1


71.5356428571 140.443285646, 1.96326306771, 0.432844190365, 4.53921001989, 
resistor:  1


71.6369166667 140.643960173, 1.96328885605, 0.432851808115, 4.53918646718, 
resistor:  1


71.7383214286 140.843116865, 1.96328982976, 0.432851736005, 4.53918625241, 
resistor:  1


71.8396547619 141.05587098, 1.9634820274, 0.432898941464, 4.53913802514, 
resistor:  1


71.9407738095 141.255235751, 1.96349341648, 0.432901396878, 4.53913571829, 
resistor:  1


72.0419642857 141.454474411, 1.96350107626, 0.432903868692, 4.53912462592, 
resistor:  1


72.1432857143 141.654630067, 1.96351786122, 0.43290980029, 4.53909869448, 
resistor:  1


72.2446428571 141.869133061, 1.96373222222, 0.432963822314, 4.5390336801, 
resistor:  1


72.3461428571 142.093650678, 1.96408053099, 0.433049795115, 4.53894621812, 
resistor:  1


72.4475595238 142.314324422, 1.96437706608, 0.433122444831, 4.53887606086, 
resistor:  1


72.5486547619 142.537715052, 1.9647189258, 0.43320587895, 4.53879871178, 
resistor:  1


72.6498928571 142.761167418, 1.96505681982, 0.433288646068, 4.53871960229, 
resistor:  1


72.7510714286 142.985761967, 1.96541108137, 0.433375270538, 4.53863912516, 
resistor:  1


72.8521904762 143.218584585, 1.96587890699, 0.433490046566, 4.53853571101, 
resistor:  1


72.9533095238 143.441786986, 1.96621356758, 0.43357199147, 4.53845782517, 
resistor:  1


73.054702381 143.664985526, 1.96653987826, 0.433651757917, 4.53838267184, 
resistor:  1


73.1562857143 143.891780387, 1.96690932272, 0.433742273529, 4.5382978489, 
resistor:  1


73.2576190476 144.11426539, 1.96722562463, 0.433819445162, 4.53822763836, 
resistor:  1


73.3587738095 144.313014604, 1.96722228453, 0.433818221688, 4.53822961308, 
resistor:  1


73.46 144.512694342, 1.9672297079, 0.433820017444, 4.53822556227, 
resistor:  1


73.5610952381 144.712177385, 1.96723793897, 0.43382175101, 4.53822271623, 
resistor:  1


73.6622380952 144.910621085, 1.96723076615, 0.433821208978, 4.53820891744, 
resistor:  1


73.7636190476 145.114456522, 1.96729035798, 0.433835616324, 4.5381938022, 
resistor:  1


73.8649404762 145.32330009, 1.9674191728, 0.433867279559, 4.53815959739, 
resistor:  1


73.9662261905 145.522247245, 1.96741478834, 0.433865533888, 4.53816487525, 
resistor:  1


74.0673571429 145.721938482, 1.96742457276, 0.433866836606, 4.53817103307, 
resistor:  1


74.1685238095 145.920671007, 1.96742045698, 0.433865607753, 4.53817158357, 
resistor:  1


74.2697261905 146.1197822, 1.9674205049, 0.433865276288, 4.53817380572, 
resistor:  1


74.371047619 146.321500326, 1.96745245644, 0.433871724893, 4.53817577289, 
resistor:  1


74.472452381 146.523142492, 1.96748109949, 0.433877291061, 4.53818095129, 
resistor:  1


74.5738452381 146.724296861, 1.96750343761, 0.433881437486, 4.53818651831, 
resistor:  1


74.6753333333 146.929727998, 1.96758047723, 0.433901184131, 4.5381574473, 
resistor:  1


74.7766428571 147.134270966, 1.96765012903, 0.433918018903, 4.53814015286, 
resistor:  1


74.878 147.341651772, 1.96775624045, 0.433944177264, 4.53811253979, 
resistor:  1


74.9794166667 147.540668602, 1.96774895246, 0.433942104672, 4.53811392253, 
resistor:  1


75.0806428571 147.740493181, 1.96775743466, 0.43394428469, 4.53810786472, 
resistor:  1


75.182 147.941162824, 1.96777370679, 0.433948187146, 4.53810210432, 
resistor:  1


75.2833452381 148.141570222, 1.96778676284, 0.433951306031, 4.5380973995, 
resistor:  1


75.3846071429 148.33936763, 1.96776733676, 0.433947320229, 4.53809148407, 
resistor:  1


75.4858214286 148.539134839, 1.9677752991, 0.433950439815, 4.5380747301, 
resistor:  1


75.587 148.747650995, 1.96789991658, 0.433980883262, 4.53804477229, 
resistor:  1


75.68825 148.948020128, 1.96791470444, 0.433986215025, 4.53802043876, 
resistor:  1


75.7894047619 149.152804866, 1.96799018721, 0.434004543378, 4.53800221308, 
resistor:  1


75.8905833333 149.357931297, 1.96806935376, 0.434024129531, 4.53798003152, 
resistor:  1


75.9917380952 149.557330345, 1.96807355764, 0.434024687015, 4.5379809486, 
resistor:  1


76.0930357143 149.754975775, 1.96805100979, 0.434019136987, 4.53798387124, 
resistor:  1


76.1944642857 149.956052368, 1.96807017116, 0.434023449127, 4.53798013165, 
resistor:  1


76.2957380952 150.154460217, 1.96805829482, 0.434019713796, 4.53798960011, 
resistor:  1


76.3969285714 150.354576466, 1.96807095884, 0.434021239023, 4.53799970692, 
resistor:  1


76.4980595238 150.554574787, 1.96808357916, 0.434023190052, 4.53800604155, 
resistor:  1


76.5991071429 150.754962936, 1.96810339649, 0.434026622156, 4.53801410049, 
resistor:  1


76.7002619048 150.952825646, 1.96808748624, 0.434022736944, 4.53801473635, 
resistor:  1


76.8015119048 151.162128641, 1.9682181365, 0.43405397045, 4.53798914555, 
resistor:  1


76.9026309524 151.36476611, 1.96826511961, 0.434064485004, 4.53798603125, 
resistor:  1


77.0036666667 151.56381222, 1.96826747064, 0.434063642524, 4.53799760198, 
resistor:  1


77.104797619 151.763019869, 1.9682694794, 0.434062958813, 4.53800655942, 
resistor:  1


77.2061428571 151.962176395, 1.9682653578, 0.434060496273, 4.53802014358, 
resistor:  1


77.3073095238 152.159496686, 1.96824204106, 0.434054597404, 4.53802562409, 
resistor:  1


77.408547619 152.361466309, 1.96827703135, 0.434062696318, 4.53801904008, 
resistor:  1


77.5096547619 152.558819397, 1.96825569492, 0.434057712263, 4.53801917504, 
resistor:  1


77.6109047619 152.759355061, 1.96827179802, 0.434060985966, 4.53801931316, 
resistor:  1


77.712297619 152.957711802, 1.96825620254, 0.434058268459, 4.53800921547, 
resistor:  1


77.813452381 153.167169335, 1.9683893292, 0.434091103754, 4.53797296153, 
resistor:  1


77.9145595238 153.367695593, 1.9684086842, 0.434095466622, 4.53796930705, 
resistor:  1


78.0156666667 153.567243926, 1.96841545406, 0.434096309252, 4.53797336366, 
resistor:  1


78.1169880952 153.76521476, 1.96839661269, 0.434091401303, 4.53797816283, 
resistor:  1


78.2181904762 153.966426585, 1.96842225124, 0.434096885154, 4.53797725642, 
resistor:  1


78.3194404762 154.165010055, 1.96841306728, 0.434094089869, 4.53798220794, 
resistor:  1


78.4208571429 154.366698453, 1.96843931675, 0.434099204163, 4.53798737548, 
resistor:  1


78.5220238095 154.566633103, 1.96844943118, 0.434100602083, 4.53799331245, 
resistor:  1


78.6232619048 154.766137395, 1.96845225758, 0.434099868619, 4.53800556261, 
resistor:  1


78.724452381 154.966712669, 1.96846987158, 0.434104046464, 4.53799923912, 
resistor:  1


78.8256071429 155.178423987, 1.96862960669, 0.434142123429, 4.53796990926, 
resistor:  1


78.9268333333 155.378331528, 1.96863759721, 0.434142345137, 4.53798330029, 
resistor:  1


79.028 155.579225634, 1.96865953376, 0.434145792089, 4.53799515709, 
resistor:  1


79.1293690476 155.778867213, 1.96866055029, 0.434144834055, 4.53800474536, 
resistor:  1


79.2307619048 155.979529259, 1.96867385229, 0.434146454919, 4.53801607806, 
resistor:  1


79.3320119048 156.179624549, 1.9686835213, 0.434148401618, 4.53801547523, 
resistor:  1


79.433202381 156.378852303, 1.96868371934, 0.43414770747, 4.53802112941, 
resistor:  1


79.5344285714 156.579125143, 1.96869617291, 0.434150423917, 4.53801831329, 
resistor:  1


79.6355357143 156.775784698, 1.96866616507, 0.434142616714, 4.53802854341, 
resistor:  1


79.7367738095 156.974916164, 1.96866400111, 0.434143051496, 4.53801635452, 
resistor:  1


79.8379285714 157.184785775, 1.9687983968, 0.434175899046, 4.53798274186, 
resistor:  1


79.9391071429 157.384421727, 1.96880384773, 0.434177068581, 4.53798093444, 
resistor:  1


80.0405119048 157.585108604, 1.96881685104, 0.434179782841, 4.53798026352, 
resistor:  1


80.1418452381 157.785209629, 1.96882426602, 0.434181217293, 4.53798007881, 
resistor:  1


80.2431309524 157.982979191, 1.96880377567, 0.43417539795, 4.53799128172, 
resistor:  1


80.34425 158.183654833, 1.9688235914, 0.434179192108, 4.53799504314, 
resistor:  1


80.4452619048 158.383121618, 1.96883095247, 0.434179366888, 4.538008065, 
resistor:  1


80.5466190476 158.584236908, 1.96885032275, 0.434183021696, 4.53801242724, 
resistor:  1


80.6480952381 158.783411786, 1.96884267777, 0.434179819877, 4.53802596497, 
resistor:  1


80.7494285714 158.984113837, 1.96885744766, 0.434182960282, 4.53802478076, 
resistor:  1


80.8506309524 159.198593143, 1.96904577327, 0.434228283292, 4.53798786659, 
resistor:  1


80.9519404762 159.399514775, 1.96906354359, 0.434231232702, 4.53799584826, 
resistor:  1


81.0532857143 159.598736778, 1.96905943258, 0.434229197823, 4.53800500258, 
resistor:  1


81.154702381 159.800490035, 1.96908478925, 0.434233838195, 4.53801199861, 
resistor:  1


81.2559761905 159.999429179, 1.96907891186, 0.434231211312, 4.53802373998, 
resistor:  1


81.3571190476 160.198561762, 1.96907859616, 0.434230786855, 4.53802512225, 
resistor:  1


81.4583095238 160.398544708, 1.96908756941, 0.434232701394, 4.53802452216, 
resistor:  1


81.5594404762 160.596683765, 1.96907534956, 0.434229280562, 4.53802914273, 
resistor:  1


81.6606190476 160.79688645, 1.96908728252, 0.434232255966, 4.53802417311, 
resistor:  1


81.761797619 160.995401436, 1.96907854432, 0.434230950572, 4.53801482871, 
resistor:  1


81.8629761905 161.206017042, 1.96921764323, 0.434264928344, 4.53798026899, 
resistor:  1


81.9641428571 161.405724312, 1.9692235981, 0.434266190323, 4.53797870054, 
resistor:  1


82.0655357143 161.602873811, 1.96919294323, 0.434258500308, 4.53798679781, 
resistor:  1


82.1668571429 161.803197252, 1.96920270384, 0.434260388349, 4.53798740885, 
resistor:  1


82.2681547619 162.027152442, 1.96950026303, 0.434333889192, 4.53791464393, 
resistor:  1


82.3694285714 162.251783633, 1.96980586666, 0.434407879842, 4.53785061151, 
resistor:  1


82.4706190476 162.455761365, 1.96986227629, 0.434420199629, 4.53785142402, 
resistor:  1


82.5718571429 162.655902428, 1.96987094702, 0.434420638981, 4.53786305073, 
resistor:  1


82.673 162.85599089, 1.96988122954, 0.434421927813, 4.53787070128, 
resistor:  1


82.7741904762 163.056506316, 1.96989551185, 0.434424989959, 4.53786943365, 
resistor:  1


82.8753928571 163.271300197, 1.97008176454, 0.434470100787, 4.53782901335, 
resistor:  1


82.9767142857 163.470926328, 1.97008194088, 0.434468994584, 4.53783904248, 
resistor:  1


83.0781904762 163.671640404, 1.97009154226, 0.434469706482, 4.53785130198, 
resistor:  1


83.1795357143 163.870469752, 1.97008156327, 0.434465659422, 4.53786808692, 
resistor:  1


83.2807142857 164.070711126, 1.97009250621, 0.43446711091, 4.53787575079, 
resistor:  1


83.3818690476 164.271238326, 1.97010741306, 0.434470521082, 4.53787237425, 
resistor:  1


83.4830595238 164.470398131, 1.97010506167, 0.434469368686, 4.53787658676, 
resistor:  1


83.5844166667 164.670839431, 1.97011411934, 0.434471084354, 4.53787719361, 
resistor:  1


83.6858095238 164.869781411, 1.97010439822, 0.434468252097, 4.53788176836, 
resistor:  1


83.7872619048 165.069622671, 1.97010403394, 0.434468559217, 4.53787552526, 
resistor:  1


83.8885833333 165.281449188, 1.97024961706, 0.434504545442, 4.53783696856, 
resistor:  1


83.9899642857 165.481265823, 1.97025046064, 0.434504291603, 4.5378394157, 
resistor:  1


84.0911904762 165.680287233, 1.97024547155, 0.434502576294, 4.53784342513, 
resistor:  1


84.1926309524 165.880850103, 1.97025378856, 0.434504101862, 4.5378445417, 
resistor:  1


84.2941071429 166.081008012, 1.97025644664, 0.434503809712, 4.53785150929, 
resistor:  1


84.3954642857 166.280102745, 1.97024928001, 0.434500852247, 4.53786510978, 
resistor:  1


84.4966190476 166.479664056, 1.97025237143, 0.43450034501, 4.5378747761, 
resistor:  1


84.5978214286 166.67997615, 1.97026322115, 0.434501607324, 4.53788433799, 
resistor:  1


84.6990833333 166.883551093, 1.97031118314, 0.434513716791, 4.53786733457, 
resistor:  1


84.800202381 167.085786192, 1.9703465499, 0.434523101769, 4.53784938159, 
resistor:  1


84.9013571429 167.294722716, 1.97045993545, 0.434550758599, 4.53782210634, 
resistor:  1


85.0024404762 167.495332201, 1.9704767447, 0.434554450982, 4.53782033818, 
resistor:  1


85.1037380952 167.693760134, 1.9704629184, 0.434549746916, 4.53783542731, 
resistor:  1


85.2050357143 167.895190587, 1.97048436374, 0.43455333963, 4.53784501761, 
resistor:  1


85.3062261905 168.094215971, 1.97048003971, 0.434551582286, 4.53785167753, 
resistor:  1


85.4074166667 168.293842811, 1.97048276811, 0.43455157449, 4.53785484833, 
resistor:  1


85.5086071429 168.494826743, 1.9705013609, 0.434555745645, 4.53785157467, 
resistor:  1


85.609952381 168.694788882, 1.97050441205, 0.434556022944, 4.53785373327, 
resistor:  1


85.7112857143 168.894689121, 1.97050700749, 0.434556448478, 4.53785330508, 
resistor:  1


85.812547619 169.094076236, 1.97050525743, 0.434556382318, 4.53784841015, 
resistor:  1


85.9137261905 169.301433101, 1.97059818737, 0.434579455763, 4.53782110571, 
resistor:  1


86.0148928571 169.500882716, 1.97059924259, 0.434579021824, 4.53782603499, 
resistor:  1


86.1159642857 169.700711762, 1.97060688073, 0.434580877492, 4.53782231207, 
resistor:  1


86.2170238095 169.899917975, 1.97060754905, 0.434580063832, 4.53783009333, 
resistor:  1


86.3180952381 170.099795476, 1.97061572092, 0.434581263406, 4.53783389424, 
resistor:  1


86.4191428571 170.302164377, 1.97065324587, 0.434588894557, 4.53783865701, 
resistor:  1


86.5202142857 170.504209587, 1.97068639964, 0.434596031493, 4.53783882232, 
resistor:  1


86.6215238095 170.707157703, 1.97072448274, 0.434603794027, 4.53784349306, 
resistor:  1


86.7228571429 170.906088764, 1.97071561517, 0.434600900377, 4.53785070572, 
resistor:  1


86.824 171.1094818, 1.97076248272, 0.43461182289, 4.53784354086, 
resistor:  1


86.925202381 171.316695681, 1.97085184721, 0.434633096922, 4.53782609861, 
resistor:  1


87.0263690476 171.516623734, 1.97085809291, 0.434633108231, 4.53783803151, 
resistor:  1


87.1275119048 171.716647082, 1.97086595644, 0.434633729336, 4.53784725241, 
resistor:  1


87.2287738095 171.917947357, 1.97088575076, 0.434637274062, 4.53785381212, 
resistor:  1


87.3302857143 172.11759544, 1.97088093818, 0.434635358066, 4.53786061646, 
resistor:  1


87.4314880952 172.316903635, 1.97087922657, 0.434634304082, 4.53786567, 
resistor:  1


87.5327857143 172.516918921, 1.97088345256, 0.434634697894, 4.53786983344, 
resistor:  1


87.6339047619 172.715487914, 1.97087518106, 0.434632035393, 4.53787523635, 
resistor:  1


87.7351309524 172.915999876, 1.97088666762, 0.434634449197, 4.53787403065, 
resistor:  1


87.8362857143 173.119159664, 1.97092987546, 0.43464569895, 4.53785465403, 
resistor:  1


87.9374880952 173.326552173, 1.97102004989, 0.434667915749, 4.53783002018, 
resistor:  1


88.0386785714 173.52426675, 1.97100035537, 0.434662393354, 4.53784011908, 
resistor:  1


88.14 173.725115163, 1.97101333292, 0.434665294037, 4.53783792275, 
resistor:  1


88.2416309524 173.925693434, 1.97101630553, 0.43466552955, 4.53784037553, 
resistor:  1


88.3429761905 174.127429654, 1.97103875331, 0.434669660532, 4.53784667113, 
resistor:  1


88.4441785714 174.327379726, 1.97104413815, 0.434669371936, 4.53785978586, 
resistor:  1


88.5454880952 174.525098855, 1.97102193019, 0.434662636325, 4.5378770853, 
resistor:  1


88.6468809524 174.723711791, 1.97100800292, 0.434657859034, 4.53789393584, 
resistor:  1


88.7481428571 174.903124196, 1.97078066723, 0.434602732185, 4.53795048623, 
resistor:  1


88.849297619 175.088160417, 1.97061952215, 0.434563931768, 4.5379870159, 
resistor:  1


88.9505119048 175.272902333, 1.97045411633, 0.434523160074, 4.53803529836, 
resistor:  1


89.0516785714 175.450406376, 1.97020886288, 0.434464346421, 4.53808917215, 
resistor:  1


89.1528333333 175.627966476, 1.96996505786, 0.434405802574, 4.53814382169, 
resistor:  1


89.2539761905 175.805350098, 1.96972009094, 0.434347294891, 4.53819527676, 
resistor:  1


89.3551785714 175.983830794, 1.96948664428, 0.434292179434, 4.53823614603, 
resistor:  1


89.4562857143 176.159112498, 1.96922006198, 0.434228728188, 4.53828938399, 
resistor:  1


89.5576190476 176.332899114, 1.96893241456, 0.43416049649, 4.53834507685, 
resistor:  1


89.6589880952 176.491691638, 1.9684773985, 0.43405265876, 4.53844332502, 
resistor:  1


89.7601190476 176.645407327, 1.96797207046, 0.433933390805, 4.5385482032, 
resistor:  1


89.8613095238 176.810841921, 1.96759698761, 0.433845359986, 4.53861642466, 
resistor:  1


89.9625357143 176.966563114, 1.96711399594, 0.433731358707, 4.53871653408, 
resistor:  1


90.063952381 177.120372426, 1.96660670272, 0.433611582419, 4.53882327222, 
resistor:  1


90.1653214286 177.27347963, 1.96609380216, 0.433490643963, 4.53892828474, 
resistor:  1


90.2667142857 177.429265922, 1.96561121478, 0.433376593018, 4.53903043376, 
resistor:  1


90.3681547619 177.583148595, 1.96510760967, 0.43325709675, 4.53914373187, 
resistor:  1


90.4696666667 177.738902994, 1.96462427179, 0.433142481441, 4.53925103834, 
resistor:  1


90.5710119048 177.892962749, 1.96412692105, 0.433024599633, 4.53936145991, 
resistor:  1


90.6722380952 178.047225879, 1.96363550321, 0.432908166434, 4.53946943184, 
resistor:  1


90.7734642857 178.201448506, 1.96314473517, 0.432791841763, 4.53957792332, 
resistor:  1


90.8746071429 178.369692785, 1.96281115697, 0.432713031009, 4.53964401372, 
resistor:  1


90.9757619048 178.524245424, 1.96232756601, 0.432598135829, 4.53975456992, 
resistor:  1


91.0771428571 178.677457259, 1.96182545537, 0.432479470766, 4.53986173294, 
resistor:  1


91.1785595238 178.831942314, 1.96133765709, 0.432363991421, 4.53996764879, 
resistor:  1


91.2796904762 178.984881008, 1.96084013951, 0.432246762617, 4.54006869997, 
resistor:  1


91.3808571429 179.139198469, 1.96035804511, 0.432133178995, 4.54016639126, 
resistor:  1


91.482047619 179.293042399, 1.95987133066, 0.432017830204, 4.54027347828, 
resistor:  1


91.5831785714 179.44637745, 1.95938140878, 0.431901327451, 4.54038789679, 
resistor:  1


91.6842619048 179.601835787, 1.95891674379, 0.431791286257, 4.54048939262, 
resistor:  1


91.7853214286 179.756276378, 1.95844252197, 0.431678837712, 4.54059466396, 
resistor:  1


91.886452381 179.924112468, 1.95811360441, 0.431600659908, 4.54066549782, 
resistor:  1


91.9876428571 180.077054311, 1.95762222749, 0.431484079656, 4.54077685448, 
resistor:  1


92.0888095238 180.230341391, 1.95713618542, 0.431368997133, 4.54088319623, 
resistor:  1


92.1900833333 180.383408686, 1.95664655204, 0.431252957015, 4.54099225001, 
resistor:  1


92.291202381 180.536776126, 1.95616452564, 0.431138569961, 4.54110127169, 
resistor:  1


92.3922380952 180.691667471, 1.95570181214, 0.431028352915, 4.54121101903, 
resistor:  1


92.4933690476 180.845205361, 1.9552234633, 0.430914551129, 4.54132323068, 
resistor:  1


92.5947261905 180.998952211, 1.954743641, 0.430800238164, 4.54143829276, 
resistor:  1


92.6960952381 181.153116397, 1.95426911922, 0.430687412605, 4.54154833169, 
resistor:  1


92.7972857143 181.308891514, 1.95381675356, 0.430580173613, 4.54164858522, 
resistor:  1


92.898547619 181.475041153, 1.95347554729, 0.430499310129, 4.54171953363, 
resistor:  1


92.9996904762 181.628936058, 1.95300581247, 0.430387281602, 4.54183324717, 
resistor:  1


93.1007142857 181.782253141, 1.95253338855, 0.430275018202, 4.54194216622, 
resistor:  1


93.2017738095 181.936093397, 1.9520668541, 0.430163825485, 4.54205406154, 
resistor:  1


93.3028690476 182.088563715, 1.95158590055, 0.430050169949, 4.54215661169, 
resistor:  1


93.4039404762 182.242153421, 1.95111846986, 0.429939449752, 4.54225945127, 
resistor:  1


93.5050357143 182.39503431, 1.95064397245, 0.429827241887, 4.54236182485, 
resistor:  1


93.606047619 182.548262756, 1.95017594909, 0.429716237964, 4.54246678498, 
resistor:  1


93.7071547619 182.700947327, 1.9497011492, 0.429603848873, 4.54257088358, 
resistor:  1


93.808202381 182.861680831, 1.94931441163, 0.429512770815, 4.54264626258, 
resistor:  1


93.9092857143 183.021026341, 1.94891298501, 0.429418063329, 4.5427278067, 
resistor:  1


94.0104166667 183.174687179, 1.94845096612, 0.429308380182, 4.54283271944, 
resistor:  1


94.1117619048 183.328247906, 1.94798444101, 0.429197898658, 4.54293512448, 
resistor:  1


94.2131309524 183.481173534, 1.94751168632, 0.429085737983, 4.54304242628, 
resistor:  1


94.314297619 183.634812381, 1.947051688, 0.428976341019, 4.54315022069, 
resistor:  1


94.4155357143 183.787906222, 1.94658543037, 0.428865127422, 4.5432636195, 
resistor:  1


94.5166309524 183.941972676, 1.94613340343, 0.428757454133, 4.5433709229, 
resistor:  1


94.617797619 184.097602602, 1.94569739768, 0.428653735173, 4.54347284144, 
resistor:  1


94.7188690476 184.251649611, 1.9452475675, 0.42854745558, 4.54356748708, 
resistor:  1


94.8199166667 184.418186879, 1.94493091074, 0.428472298688, 4.54363381646, 
resistor:  1


94.9210357143 184.572784395, 1.94448767869, 0.428366880005, 4.54373753344, 
resistor:  1


95.0222380952 184.726420633, 1.94403356873, 0.428258650734, 4.54384628306, 
resistor:  1


95.1234047619 184.879851269, 1.94357899333, 0.428150487028, 4.54395325603, 
resistor:  1


95.2246428571 185.033156909, 1.94312261361, 0.428041716154, 4.54406341042, 
resistor:  1


95.3258214286 185.186279082, 1.94266649169, 0.42793376608, 4.54416273399, 
resistor:  1


95.4269642857 185.34285417, 1.94224824773, 0.427834672362, 4.54425430398, 
resistor:  1


95.5280357143 185.496386563, 1.94180049005, 0.42772869168, 4.54435161889, 
resistor:  1


95.6292857143 185.649125231, 1.94134175367, 0.427620061583, 4.54445287448, 
resistor:  1


95.7306666667 185.803087925, 1.94089411883, 0.427514191681, 4.54454895748, 
resistor:  1


95.8318214286 185.970156169, 1.94058876683, 0.42744242456, 4.54460409479, 
resistor:  1


95.9331428571 186.123859861, 1.94014137677, 0.42733673404, 4.54469848034, 
resistor:  1


96.0342857143 186.27705387, 1.93969323023, 0.427230586549, 4.54479728571, 
resistor:  1


96.1353095238 186.430313814, 1.93924911396, 0.427125383014, 4.54489488392, 
resistor:  1


96.2363809524 186.582954547, 1.93879853648, 0.427018665197, 4.54499452902, 
resistor:  1


96.3374761905 186.736899397, 1.93836196236, 0.426914686006, 4.54509840612, 
resistor:  1


96.438547619 186.890150734, 1.93791959074, 0.426809403854, 4.54520296053, 
resistor:  1


96.5396190476 187.0441289, 1.93748567423, 0.426706073773, 4.54530577071, 
resistor:  1


96.6406547619 187.197670503, 1.9370488638, 0.426602043707, 4.54540957485, 
