time, energy_1, power_1, avg_current_1, avg_voltage_1, 
resistor:  1


0.000869047619048 0.00127179416759, 1.46343438462, 0.322169306507, 4.66713265197, 
resistor:  1


0.102321428571 0.150510114746, 1.47095400101, 0.315921581861, 4.65761735793, 
resistor:  1


0.203476190476 0.298422217364, 1.46661983727, 0.314807228894, 4.65964045794, 
resistor:  1


0.304607142857 0.446926139162, 1.46722146753, 0.314967672335, 4.65895206336, 
resistor:  1


0.405738095238 0.595139867025, 1.46680795816, 0.314814855991, 4.65977589149, 
resistor:  1


0.50694047619 0.743115807034, 1.46588375152, 0.31464072508, 4.65935369281, 
resistor:  1


0.608095238095 0.890883476084, 1.46503938902, 0.314507344484, 4.6586017988, 
resistor:  1


0.709392857143 1.04007715052, 1.46615114607, 0.314841699823, 4.6572608796, 
resistor:  1


0.810738095238 1.18796590484, 1.46528936017, 0.314661287308, 4.65716227761, 
resistor:  1


0.911892857143 1.33606283507, 1.46515330678, 0.31467352758, 4.65652729128, 
resistor:  1


1.01302380952 1.48340217433, 1.46433100622, 0.314494933085, 4.65653652826, 
resistor:  1


1.11439285714 1.63180024696, 1.46429532144, 0.314514867861, 4.65610470335, 
resistor:  1


1.21572619048 1.78011284025, 1.46423829165, 0.314513559015, 4.65592017431, 
resistor:  1


1.31703571429 1.9279731045, 1.46387306251, 0.314446107372, 4.65578817388, 
resistor:  1


1.41846428571 2.09275848077, 1.47536917344, 0.317139619743, 4.65289752145, 
resistor:  1


1.51976190476 2.26609271051, 1.49108403323, 0.320820028696, 4.64913131759, 
resistor:  1


1.62107142857 2.43826319269, 1.50410595716, 0.323839657, 4.64632946753, 
resistor:  1


1.72228571429 2.61117716494, 1.51611149258, 0.326633765734, 4.64365607188, 
resistor:  1


1.82342857143 2.78296436366, 1.52622614742, 0.328974042825, 4.6415437216, 
resistor:  1


1.92447619048 2.95532304952, 1.53565061711, 0.33116655337, 4.63943451089, 
resistor:  1


2.02552380952 3.12469368389, 1.54265956746, 0.3327883557, 4.63793607536, 
resistor:  1


2.12675 3.30814533959, 1.55549328298, 0.335906472506, 4.63425162143, 
resistor:  1


2.22791666667 3.4820074328, 1.56289841756, 0.337628757844, 4.6326405938, 
resistor:  1


2.32910714286 3.65386254266, 1.56878250701, 0.338979518767, 4.63149685475, 
resistor:  1


2.43038095238 3.82494286957, 1.57380383755, 0.340128147184, 4.63056278801, 
resistor:  1


2.53166666667 3.99669030723, 1.57867951569, 0.341262508964, 4.62942483472, 
resistor:  1


2.63297619048 4.16924130708, 1.58347094902, 0.342397032861, 4.6280999468, 
resistor:  1


2.73441666667 4.3487485601, 1.59037523912, 0.344040643955, 4.62637717502, 
resistor:  1


2.83592857143 4.49765020337, 1.58595327424, 0.343009076278, 4.62735464142, 
resistor:  1


2.93714285714 4.64671536343, 1.58205289611, 0.342103372418, 4.62816011896, 
resistor:  1


3.03828571429 4.79696304743, 1.57883869344, 0.341359156389, 4.62878440927, 
resistor:  1


3.13951190476 4.94474743312, 1.57500515466, 0.340478899816, 4.62943079514, 
resistor:  1


3.24067857143 5.09288658588, 1.57154943745, 0.339681791018, 4.63005885721, 
resistor:  1


3.34186904762 5.24016293079, 1.56803359321, 0.338863312796, 4.63082288223, 
resistor:  1


3.44307142857 5.38824241325, 1.56495225993, 0.338147966632, 4.63145127281, 
resistor:  1


3.54422619048 5.53581925197, 1.56192606071, 0.337434154729, 4.63224301759, 
resistor:  1


3.64547619048 5.68573777922, 1.55966943196, 0.336916031443, 4.63261529637, 
resistor:  1


3.74683333333 5.84880890383, 1.5610005526, 0.337235274966, 4.63219670997, 
resistor:  1


3.84801190476 5.99678676379, 1.55841169732, 0.336647602358, 4.63253022158, 
resistor:  1


3.94916666667 6.14496939127, 1.55601672706, 0.336092658421, 4.6330022133, 
resistor:  1


4.05053571429 6.29347153088, 1.55373806696, 0.335566209069, 4.63343049448, 
resistor:  1


4.15186904762 6.44139552797, 1.551444772, 0.335047266132, 4.63370226009, 
resistor:  1


4.25325 6.58954531807, 1.54929649517, 0.33454457719, 4.63421374759, 
resistor:  1


4.35446428571 6.73821185914, 1.54742613948, 0.334095504889, 4.63479592106, 
resistor:  1


4.4556547619 6.88607221139, 1.54546808031, 0.333628160537, 4.63538797274, 
resistor:  1


4.55708333333 7.03604122918, 1.54397905733, 0.333279322871, 4.63573866821, 
resistor:  1


4.65827380952 7.1899899867, 1.54348805603, 0.333170391229, 4.63577251416, 
resistor:  1


4.75941666667 7.35076814822, 1.54446829581, 0.333404030999, 4.63546838477, 
resistor:  1


4.8605 7.49907319551, 1.54286044553, 0.333037986096, 4.63569258943, 
resistor:  1


4.96170238095 7.64713514531, 1.54123213328, 0.332658826421, 4.63605365054, 
resistor:  1


5.06279761905 7.7945723399, 1.53957810017, 0.33227456935, 4.63638893124, 
resistor:  1


5.16396428571 7.9423400849, 1.5380315675, 0.331923556008, 4.63658809455, 
resistor:  1


5.26501190476 8.08944737319, 1.53645376678, 0.331556527861, 4.63692815597, 
resistor:  1


5.3660952381 8.23724687143, 1.53505416992, 0.331227877897, 4.63728085536, 
resistor:  1


5.46720238095 8.38463705537, 1.53362478122, 0.330895751578, 4.63757212713, 
resistor:  1


5.56854761905 8.53319393973, 1.53239130263, 0.330597106637, 4.63802419914, 
resistor:  1


5.67010714286 8.69024378324, 1.53264189975, 0.330650098338, 4.63801861587, 
resistor:  1


5.77151190476 8.84617577754, 1.53273109776, 0.330667041295, 4.63805519113, 
resistor:  1


5.87273809524 8.99545392129, 1.53173081711, 0.330431818157, 4.63829846669, 
resistor:  1


5.974 9.14344918977, 1.53054054064, 0.330143277234, 4.63872481261, 
resistor:  1


6.07510714286 9.29222335085, 1.52955711436, 0.329910363592, 4.63898803799, 
resistor:  1


6.17632142857 9.44099826926, 1.5285794916, 0.329681213842, 4.63922293031, 
resistor:  1


6.27770238095 9.58972370449, 1.52758495426, 0.329445018594, 4.63950214489, 
resistor:  1


6.37913095238 9.75037610213, 1.52848031729, 0.329646016865, 4.63939362771, 
resistor:  1


6.4803452381 9.92268606204, 1.53119713495, 0.330279129147, 4.6387676872, 
resistor:  1


6.58163095238 10.0948893261, 1.53379753425, 0.330889111512, 4.63812610385, 
resistor:  1


6.68296428571 10.2798426168, 1.53821600375, 0.331942635873, 4.63696630895, 
resistor:  1


6.78413095238 10.4526462212, 1.54074947765, 0.332535225702, 4.63635837431, 
resistor:  1


6.88526190476 10.6231056802, 1.54287604846, 0.333034448663, 4.63581315659, 
resistor:  1


6.9863452381 10.7938559541, 1.54499320979, 0.333530036882, 4.6352944712, 
resistor:  1


7.08763095238 10.9477862914, 1.54463266569, 0.333449517492, 4.63529787248, 
resistor:  1


7.18907142857 11.0966237824, 1.54354062171, 0.333197883369, 4.63549868362, 
resistor:  1


7.29039285714 11.2451117684, 1.54245621447, 0.332946036243, 4.63572120727, 
resistor:  1


7.39160714286 11.392595994, 1.54128808171, 0.332671615294, 4.63601270331, 
resistor:  1


7.49276190476 11.5436474032, 1.5406398268, 0.332521099449, 4.63614511154, 
resistor:  1


7.59386904762 11.7238653779, 1.5438593034, 0.33329280982, 4.6352318248, 
resistor:  1


7.69491666667 11.9257306544, 1.54981933802, 0.334726027091, 4.63371871881, 
resistor:  1


7.79607142857 12.1263452654, 1.55544306854, 0.336071824877, 4.63233442324, 
resistor:  1


7.89720238095 12.3029696063, 1.55788961872, 0.336628247882, 4.63195998544, 
resistor:  1


7.99823809524 12.4776456067, 1.56004928312, 0.337129737616, 4.63149732271, 
resistor:  1


8.09954761905 12.6610347315, 1.56317801031, 0.337875347345, 4.63067181687, 
resistor:  1


8.20094047619 12.8345254797, 1.56500654003, 0.338298980203, 4.63029078963, 
resistor:  1


8.30207142857 13.0103842769, 1.56712507099, 0.338794820177, 4.62979664522, 
resistor:  1


8.40320238095 13.1829626747, 1.5688022348, 0.339179721838, 4.62947599112, 
resistor:  1


8.50451190476 13.3560180871, 1.57046262463, 0.339565602771, 4.62910077401, 
resistor:  1


8.60580952381 13.5312425011, 1.5723381355, 0.340010298346, 4.62858123936, 
resistor:  1


8.70717857143 13.7172653416, 1.57539726894, 0.340741554914, 4.62775151522, 
resistor:  1


8.80838095238 13.8914588039, 1.5770728899, 0.341141667006, 4.62725975394, 
resistor:  1


8.9095952381 14.066012416, 1.57874875795, 0.341537231243, 4.62681617704, 
resistor:  1


9.01076190476 14.2427506156, 1.58063777138, 0.341985533389, 4.62629408298, 
resistor:  1


9.11230952381 14.4184750086, 1.58230742392, 0.34238314766, 4.62582447162, 
resistor:  1


9.21392857143 14.5738818928, 1.58172290786, 0.342247498766, 4.62593816285, 
resistor:  1


9.31535714286 14.7515363919, 1.58357174778, 0.342695926525, 4.62532558323, 
resistor:  1


9.4165952381 14.9270528269, 1.58518577569, 0.343079182155, 4.62487529536, 
resistor:  1


9.51773809524 15.1073812846, 1.5872869303, 0.343580387233, 4.62430917202, 
resistor:  1


9.61892857143 15.2824608808, 1.58879034887, 0.343931766895, 4.6239623926, 
resistor:  1


9.72004761905 15.4774322123, 1.592320616, 0.344774342758, 4.62310751516, 
resistor:  1


9.82113095238 15.6559772447, 1.59411144405, 0.345198980462, 4.62263672763, 
resistor:  1


9.92236904762 15.8330843871, 1.59569597857, 0.345569795025, 4.62226910685, 
resistor:  1


10.0233928571 16.0055754017, 1.596822117, 0.345828519993, 4.62205820994, 
resistor:  1


10.1246785714 16.1797746945, 1.59805317081, 0.346117398577, 4.62174243697, 
resistor:  1


10.2260714286 16.3565664623, 1.59949659814, 0.34645647375, 4.62137903122, 
resistor:  1


10.3272142857 16.5341991627, 1.60103186642, 0.34681479032, 4.621030309, 
resistor:  1


10.4283809524 16.7171039778, 1.60303924973, 0.347293079059, 4.62048689674, 
resistor:  1


10.5295357143 16.9104227203, 1.60599889484, 0.347998963229, 4.61975278716, 
resistor:  1


10.6305595238 17.0997037771, 1.60854221632, 0.348602158897, 4.61913652449, 
resistor:  1


10.7316071429 17.2933486339, 1.61144071001, 0.349299668661, 4.61835348933, 
resistor:  1


10.8327380952 17.469801821, 1.61268570027, 0.349594717172, 4.61802035612, 
resistor:  1


10.9408333333 17.6557033831, 1.61374393021, 0.349845554191, 4.61771927671, 
resistor:  1


11.0426428571 17.8387476607, 1.61544187306, 0.350255419781, 4.61720790017, 
resistor:  1


11.1441071429 18.0131565153, 1.61638400317, 0.350482484499, 4.61689570487, 
resistor:  1


11.2453452381 18.1897527075, 1.61753617362, 0.350751568924, 4.61663000867, 
resistor:  1


11.3465357143 18.3675866634, 1.61878366454, 0.351051808435, 4.61624772193, 
resistor:  1


11.4477261905 18.5513662514, 1.62052847376, 0.351473820506, 4.61572109179, 
resistor:  1


11.5491428571 18.7465280804, 1.62319648413, 0.352101288136, 4.61515224737, 
resistor:  1


11.6505714286 18.9449195196, 1.62609358998, 0.352791725026, 4.61446100058, 
resistor:  1


11.7518809524 19.128103665, 1.62766315813, 0.353161664597, 4.61411971335, 
resistor:  1


11.8531547619 19.3012078218, 1.62836039936, 0.353324303626, 4.61395318904, 
resistor:  1


11.954297619 19.4725456965, 1.62891591936, 0.353447657909, 4.61388401047, 
resistor:  1


12.055452381 19.6466934844, 1.62969359121, 0.353631610276, 4.61366868134, 
resistor:  1


12.1565595238 19.8234454446, 1.63067892735, 0.353861246785, 4.613444494, 
resistor:  1


12.2578095238 19.9943168856, 1.63114925605, 0.353967740785, 4.61336444583, 
resistor:  1


12.3589047619 20.176715221, 1.63256498935, 0.354304268914, 4.61299186279, 
resistor:  1


12.4600238095 20.3643974785, 1.63437869701, 0.354732693827, 4.6125781075, 
resistor:  1


12.5611428571 20.5411264403, 1.6352912051, 0.354948519003, 4.61233315595, 
resistor:  1


12.6621547619 20.7301299083, 1.63717236901, 0.355403771956, 4.61179415399, 
resistor:  1


12.7632142857 20.9096573782, 1.63827519542, 0.355668754711, 4.61146282215, 
resistor:  1


12.864297619 21.0823330317, 1.63882503779, 0.355798690149, 4.61130929733, 
resistor:  1


12.9654166667 21.2573076175, 1.63953910345, 0.355968889128, 4.61109983509, 
resistor:  1


13.0666904762 21.4309784039, 1.64012290969, 0.356113873076, 4.61084694819, 
resistor:  1


13.168047619 21.609579083, 1.64106173581, 0.35634128807, 4.61053757771, 
resistor:  1


13.2692380952 21.7912355308, 1.64223713332, 0.356625594687, 4.61017335554, 
resistor:  1


13.3703928571 21.9660308088, 1.64288596779, 0.356777257303, 4.61001184946, 
resistor:  1


13.4715952381 22.1421129648, 1.64361477415, 0.356951195562, 4.60979428972, 
resistor:  1


13.5728333333 22.3186914864, 1.64436495596, 0.357125695234, 4.60962421266, 
resistor:  1


13.6740119048 22.5095472528, 1.64615530611, 0.357552093678, 4.60918529411, 
resistor:  1


13.7754761905 22.6886507043, 1.6470320438, 0.357759400969, 4.60895348487, 
resistor:  1


13.8766547619 22.8655815448, 1.64777332413, 0.357933137375, 4.60877274056, 
resistor:  1


13.977797619 23.0419061854, 1.64846471622, 0.358093326583, 4.60862297946, 
resistor:  1


14.0789642857 23.2228728571, 1.64947309943, 0.358336364094, 4.60831594232, 
resistor:  1


14.1800952381 23.4028064633, 1.65039839792, 0.358552386815, 4.60811062479, 
resistor:  1


14.2812619048 23.5800449767, 1.65111774673, 0.358720826471, 4.60794459122, 
resistor:  1


14.3824404762 23.7587312107, 1.65192626731, 0.358910435609, 4.6077516595, 
resistor:  1


14.4837261905 23.9363576795, 1.65263809635, 0.359077675447, 4.6075658663, 
resistor:  1


14.5850357143 24.1137407216, 1.6533206496, 0.35924084817, 4.60736256711, 
resistor:  1


14.6864404762 24.3042894105, 1.65487950943, 0.359617752916, 4.60692472747, 
resistor:  1


14.787702381 24.4808844305, 1.65548939246, 0.359766415107, 4.60670695086, 
resistor:  1


14.888797619 24.6592396862, 1.65622774365, 0.359944561758, 4.60647079243, 
resistor:  1


14.9902380952 24.8388890703, 1.6570043059, 0.360129306622, 4.60625778075, 
resistor:  1


15.0914404762 25.011821877, 1.65735152429, 0.36021379117, 4.6061209359, 
resistor:  1


15.1926071429 25.1797058881, 1.65736569447, 0.360213988658, 4.60612895752, 
resistor:  1


15.2937142857 25.3527205589, 1.65772160283, 0.360297372932, 4.60602865132, 
resistor:  1


15.3950238095 25.5227487584, 1.65785705006, 0.360326632624, 4.60600052785, 
resistor:  1


15.4962380952 25.6939562866, 1.65807702029, 0.360374755863, 4.60596806563, 
resistor:  1


15.5974047619 25.8676482612, 1.65845848435, 0.360459331625, 4.60592534881, 
resistor:  1


15.698547619 26.0563632523, 1.65979451632, 0.360775051928, 4.60564535843, 
resistor:  1


15.7996785714 26.227028063, 1.65997225478, 0.360814107582, 4.6056124405, 
resistor:  1


15.9009285714 26.3982122237, 1.66016796473, 0.360854350735, 4.60561374527, 
resistor:  1


16.0020238095 26.5689919039, 1.66035197923, 0.360892371518, 4.60561103874, 
resistor:  1


16.1033452381 26.7415737448, 1.6606222713, 0.360955369244, 4.6055335941, 
resistor:  1


16.2046666667 26.9182815967, 1.66114380199, 0.361077046881, 4.60541066277, 
resistor:  1


16.3058333333 27.1045196698, 1.66225908948, 0.361342866945, 4.60512221893, 
resistor:  1


16.407 27.2899893665, 1.66331379085, 0.36158921612, 4.60490957316, 
resistor:  1


16.5081666667 27.4634618143, 1.66362881893, 0.361661825698, 4.60483600759, 
resistor:  1


16.6094285714 27.6376738723, 1.6639749979, 0.361745611852, 4.60471464512, 
resistor:  1


16.710547619 27.8205471125, 1.66484951581, 0.361954392839, 4.60448935282, 
resistor:  1


16.8116428571 27.9916570406, 1.66501616043, 0.361997751794, 4.60437326901, 
resistor:  1


16.9127380952 28.1618474757, 1.66512644594, 0.36202202673, 4.60434350621, 
resistor:  1


17.0138571429 28.3315468085, 1.66520422563, 0.362039939534, 4.60430429903, 
resistor:  1


17.1148690476 28.5018983843, 1.66532962099, 0.362070565096, 4.60423605202, 
resistor:  1


17.215952381 28.6720727794, 1.66543634328, 0.362095724707, 4.60418524769, 
resistor:  1


17.3170952381 28.8434891436, 1.66560781396, 0.362134857172, 4.60413620417, 
resistor:  1


17.41825 29.0146554537, 1.6657617989, 0.36217053919, 4.60408298855, 
resistor:  1


17.5192619048 29.1871418427, 1.66600294015, 0.362224179879, 4.60404804115, 
resistor:  1


17.6205595238 29.3672162351, 1.66664493233, 0.362373641808, 4.60391598853, 
resistor:  1


17.7219166667 29.5586196301, 1.66791325036, 0.362673055085, 4.60363788547, 
resistor:  1


17.8230357143 29.7338096184, 1.66827975296, 0.362760077608, 4.60353242467, 
resistor:  1


17.9241428571 29.9071920974, 1.66854238642, 0.362816909199, 4.60351375214, 
resistor:  1


18.0253452381 30.0806601809, 1.66879800545, 0.362877097859, 4.6034356011, 
resistor:  1


18.1266547619 30.255896021, 1.66913842727, 0.362956693347, 4.60334905628, 
resistor:  1


18.2278452381 30.4293007197, 1.66938551004, 0.363013559613, 4.60328894275, 
resistor:  1


18.3292142857 30.6268653169, 1.67093170713, 0.363382853845, 4.60292115296, 
resistor:  1


18.4303690476 30.8338497558, 1.67299144559, 0.363875636213, 4.60245340399, 
resistor:  1


18.5315119048 31.0398685224, 1.67497766409, 0.364352526792, 4.60198318115, 
resistor:  1


18.6325595238 31.2291028033, 1.67605007586, 0.364609394155, 4.60171132122, 
resistor:  1


18.7336428571 31.4085448921, 1.67658501508, 0.364739081494, 4.60154718065, 
resistor:  1


18.8348214286 31.5851874209, 1.67695709464, 0.364829978224, 4.60141729379, 
resistor:  1


18.9358928571 31.7658544428, 1.67754722117, 0.364974352675, 4.60121672701, 
resistor:  1


19.0399166667 31.952217302, 1.67817001836, 0.365126621588, 4.60100914422, 
resistor:  1


19.1415 32.1299994757, 1.67855181024, 0.36521847139, 4.60089522001, 
resistor:  1


19.242702381 32.3151445875, 1.67934544472, 0.365411751327, 4.60065149954, 
resistor:  1


19.3439404762 32.4971136637, 1.6799634854, 0.365562280468, 4.60046629215, 
resistor:  1


19.4451190476 32.6614868207, 1.67967533347, 0.365502907835, 4.60043560251, 
resistor:  1


19.5463095238 32.8542774738, 1.68084299667, 0.365777524182, 4.60021242787, 
resistor:  1


19.6475119048 33.0647734933, 1.68289876365, 0.366273614764, 4.59973294036, 
resistor:  1


19.7486071429 33.2792464338, 1.68514397968, 0.366813565153, 4.59922173535, 
resistor:  1


19.8496428571 33.4763779715, 1.68649774771, 0.367133930946, 4.59894671499, 
resistor:  1


19.9507857143 33.6762792565, 1.68796756873, 0.367481607678, 4.59864101488, 
resistor:  1


20.051952381 33.8684758536, 1.68903631976, 0.367737049101, 4.59838658002, 
resistor:  1


20.1530357143 34.0539633081, 1.68976841955, 0.367909852872, 4.59822836072, 
resistor:  1


20.2542380952 34.2441398204, 1.69071478568, 0.368134545431, 4.59802285412, 
resistor:  1


20.3554047619 34.4309730269, 1.69149046308, 0.368316550734, 4.59786880441, 
resistor:  1


20.4568809524 34.6176082364, 1.69222318481, 0.368489179913, 4.59771473169, 
resistor:  1


20.5582619048 34.8020211852, 1.69284842009, 0.368637776637, 4.59756687745, 
resistor:  1


20.6600119048 35.0021209616, 1.69419655337, 0.368963624433, 4.59721984843, 
resistor:  1


20.7612738095 35.1967678201, 1.69530868592, 0.369231659018, 4.59692802204, 
resistor:  1


20.8623809524 35.3838158692, 1.69605837176, 0.369412009113, 4.59673132783, 
resistor:  1


20.9634285714 35.5720764816, 1.69686348587, 0.369605607045, 4.59651840003, 
resistor:  1


21.064547619 35.7585077079, 1.69756827227, 0.36977679027, 4.59631170783, 
resistor:  1


21.1657380952 35.9430127179, 1.69816958691, 0.369922098389, 4.59613789481, 
resistor:  1


21.2671785714 36.1327214982, 1.69898989548, 0.370119332726, 4.59592665671, 
resistor:  1


21.3683690476 36.3183224401, 1.69963006344, 0.370271397219, 4.59577828706, 
resistor:  1


21.4696428571 36.5030280381, 1.70021589465, 0.370411729244, 4.59562999287, 
resistor:  1


21.57075 36.6895473685, 1.70089344916, 0.370569171496, 4.59551835971, 
resistor:  1


21.6718452381 36.9115280837, 1.70320190451, 0.371126332518, 4.59499662131, 
resistor:  1


21.7730952381 37.1151851217, 1.70463522599, 0.371470735568, 4.59466424386, 
resistor:  1


21.8743214286 37.2984430844, 1.70512457752, 0.371588037336, 4.59452587786, 
resistor:  1


21.9755238095 37.4756530945, 1.70533605566, 0.371634317019, 4.59450854704, 
resistor:  1


22.0768690476 37.6510030063, 1.70545030299, 0.371659014175, 4.59449557418, 
resistor:  1


22.1783928571 37.8361992639, 1.70599373487, 0.371786204436, 4.59438283489, 
resistor:  1


22.279547619 38.0209391826, 1.7065399995, 0.371912540853, 4.59428373033, 
resistor:  1


22.3808928571 38.2056878146, 1.70706718711, 0.372035645634, 4.59417666649, 
resistor:  1


22.4820714286 38.3912722611, 1.70763945765, 0.372171319634, 4.59403970102, 
resistor:  1


22.5832142857 38.576949267, 1.7082134004, 0.372308826149, 4.59388859333, 
resistor:  1


22.6844047619 38.7708548451, 1.70914137938, 0.372532724317, 4.59364572226, 
resistor:  1


22.7855833333 38.9610767987, 1.70990034482, 0.372717017793, 4.59342858358, 
resistor:  1


22.886952381 39.1462310941, 1.71041694161, 0.372841553377, 4.59329172392, 
resistor:  1


22.9883333333 39.3315626508, 1.71093580733, 0.372966930507, 4.59315045272, 
resistor:  1


23.0896785714 39.5169747195, 1.71145625078, 0.373090457344, 4.59302825858, 
resistor:  1


23.1908928571 39.712751266, 1.71242873272, 0.373326145258, 4.59277042716, 
resistor:  1


23.2920952381 39.9002218742, 1.71303703966, 0.37347281787, 4.59261499122, 
resistor:  1


23.39325 40.0869578386, 1.71361216755, 0.373611262289, 4.59246560482, 
resistor:  1


23.4943571429 40.2727082143, 1.71414386737, 0.373737185492, 4.59234037423, 
resistor:  1


23.5959047619 40.4618361673, 1.71478214443, 0.373888735565, 4.59219307034, 
resistor:  1


23.6973095238 40.6566154395, 1.71566377182, 0.374098730343, 4.59199380778, 
resistor:  1


23.7985119048 40.8509622139, 1.7165343101, 0.374309296907, 4.59177009137, 
resistor:  1


23.8995952381 41.0382386043, 1.71711019352, 0.37444537578, 4.59164321095, 
resistor:  1


24.0007142857 41.2244730477, 1.71763525689, 0.374568570434, 4.59153569953, 
resistor:  1


24.1019285714 41.4105434964, 1.718142321, 0.374687704442, 4.59143065502, 
resistor:  1


24.2030238095 41.6060153905, 1.71904203863, 0.374906024998, 4.59119207662, 
resistor:  1


24.3042261905 41.7986889934, 1.71981155318, 0.375087630383, 4.59103753907, 
resistor:  1


24.4053452381 41.982335675, 1.72021068604, 0.375180235498, 4.59096856115, 
resistor:  1


24.5064761905 42.170642315, 1.72079584136, 0.37531902697, 4.59083808736, 
resistor:  1


24.607547619 42.3563913409, 1.72127641473, 0.375434579464, 4.59071345649, 
resistor:  1


24.7086190476 42.5498266569, 1.72206413377, 0.375626649593, 4.59048905203, 
resistor:  1


24.8096309524 42.7433677227, 1.72285383062, 0.375817103044, 4.59028869671, 
resistor:  1


24.9107142857 42.9333588995, 1.72348967625, 0.37596780774, 4.59016542479, 
resistor:  1


25.0118928571 43.1216713576, 1.72404670066, 0.376102721513, 4.59001504616, 
resistor:  1


25.1133809524 43.3061663699, 1.72442597243, 0.376194614921, 4.58991073786, 
resistor:  1


25.2147261905 43.494089869, 1.72494793481, 0.376322404638, 4.58975557228, 
resistor:  1


25.3159642857 43.6812409669, 1.72544251026, 0.376443287645, 4.58960758854, 
resistor:  1


25.4171904762 43.8682852908, 1.72592975341, 0.376565113154, 4.58942696194, 
resistor:  1


25.5183571429 44.06133865, 1.7266526369, 0.37674008055, 4.58922880103, 
resistor:  1


25.6195 44.2514346431, 1.72725598248, 0.376881109325, 4.58912134089, 
resistor:  1


25.7206785714 44.4442183812, 1.72795668115, 0.37704594901, 4.58898249222, 
resistor:  1


25.822047619 44.6448657597, 1.72894366932, 0.377281928187, 4.58876326263, 
resistor:  1


25.9231428571 44.8312893835, 1.72939252121, 0.377385781253, 4.58868655758, 
resistor:  1


26.0243095238 45.018211516, 1.72985229348, 0.377493528669, 4.58860129778, 
resistor:  1


26.1254047619 45.2032757319, 1.73024212041, 0.37758461878, 4.58852302119, 
resistor:  1


26.2271190476 45.386928582, 1.73053428017, 0.377655719288, 4.58842811585, 
resistor:  1


26.3285119048 45.5696253238, 1.73080899857, 0.377718754954, 4.58838596466, 
resistor:  1


26.4296904762 45.7478893403, 1.73092792674, 0.37774541334, 4.58836649827, 
resistor:  1


26.5346666667 45.9363327807, 1.73118182933, 0.377805699124, 4.58830132255, 
resistor:  1


26.6361904762 46.1177488986, 1.73139432006, 0.377857007435, 4.58823353006, 
resistor:  1


26.7375 46.3109842057, 1.73206112036, 0.378017727874, 4.58806528379, 
resistor:  1


26.8386547619 46.499333702, 1.7325508344, 0.378136353905, 4.58792146834, 
resistor:  1


26.9400238095 46.6806390862, 1.7327616121, 0.378186449485, 4.58786196654, 
resistor:  1


27.0411428571 46.860605961, 1.73293733215, 0.37822788813, 4.58781719824, 
resistor:  1


27.1423095238 47.0427935277, 1.7331905189, 0.378287613101, 4.58775228057, 
resistor:  1


27.2435595238 47.2255149361, 1.73345611813, 0.378354141086, 4.58764383041, 
resistor:  1


27.3450119048 47.4068749308, 1.73365713264, 0.378401817625, 4.58758961593, 
resistor:  1


27.4463690476 47.5892661694, 1.73390025059, 0.378459844798, 4.58752316159, 
resistor:  1


27.5478809524 47.7771138704, 1.73432990918, 0.378560767839, 4.58743507812, 
resistor:  1


27.6493095238 47.9616910205, 1.73464335445, 0.378631966747, 4.58739041119, 
resistor:  1


27.750547619 48.1472153412, 1.73500054853, 0.378714883179, 4.58732684158, 
resistor:  1


27.85175 48.3377101042, 1.73553583183, 0.378841576021, 4.58721034632, 
resistor:  1


27.9528333333 48.5203771494, 1.73579459981, 0.378903520078, 4.58713899015, 
resistor:  1


28.0540952381 48.7017986713, 1.73599605541, 0.378949671016, 4.5871061075, 
resistor:  1


28.1578809524 48.889833285, 1.73627530309, 0.379014242339, 4.58705394381, 
resistor:  1


28.25925 49.0737595576, 1.73655562542, 0.37908121555, 4.58697795087, 
resistor:  1


28.3605357143 49.255261244, 1.73675355572, 0.379127212892, 4.5869440716, 
resistor:  1


28.4617380952 49.4394630842, 1.73705003253, 0.379196160663, 4.58688811899, 
resistor:  1


28.5630833333 49.6252090971, 1.737389781, 0.379280206232, 4.58677177525, 
resistor:  1


28.6644047619 49.8041371417, 1.73749071559, 0.379305981515, 4.5867206682, 
resistor:  1


28.7655595238 49.9737915834, 1.73727862105, 0.379257367396, 4.58675003257, 
resistor:  1


28.8667619048 50.1378712421, 1.73687202629, 0.379163159073, 4.58681473682, 
resistor:  1


28.9679166667 50.2940198727, 1.73619734037, 0.379006090176, 4.58693985086, 
resistor:  1


29.068952381 50.4492807273, 1.73550391724, 0.378845819188, 4.58705310273, 
resistor:  1


29.1701904762 50.6107082826, 1.73501466588, 0.378734862065, 4.58710878288, 
resistor:  1


29.2715833333 50.7947763181, 1.7352930909, 0.378804917243, 4.58699410879, 
resistor:  1


29.3729285714 50.9640312193, 1.73506809494, 0.378754478517, 4.58700907537, 
resistor:  1


29.4740833333 51.1242818398, 1.73455035943, 0.37863363377, 4.587107834, 
resistor:  1


29.5754761905 51.3105407663, 1.73490159333, 0.378716948945, 4.58702359333, 
resistor:  1


29.676952381 51.4936934999, 1.73514088775, 0.378773945162, 4.58696482615, 
resistor:  1


29.7782738095 51.6817923941, 1.73555366992, 0.378871853098, 4.58687347545, 
resistor:  1


29.8794642857 51.871744915, 1.73603329762, 0.378987151572, 4.58674722308, 
resistor:  1


29.9806785714 52.0513511782, 1.73616321105, 0.379015302983, 4.58674353729, 
resistor:  1


30.0818571429 52.2207619268, 1.73595538596, 0.378966913971, 4.58678476152, 
resistor:  1


30.1831190476 52.375792931, 1.73526774514, 0.378804932597, 4.58693468316, 
resistor:  1


30.2841666667 52.5320313617, 1.73463684637, 0.378659214318, 4.58703710146, 
resistor:  1


30.3852619048 52.6895509628, 1.73404959049, 0.378521837536, 4.58715385226, 
resistor:  1


30.4865119048 52.8512140143, 1.73359334054, 0.378417207213, 4.5872235608, 
resistor:  1


30.5879761905 53.0383392584, 1.73396039438, 0.378505097513, 4.58712826818, 
resistor:  1


30.6893214286 53.2188964747, 1.73411773208, 0.378544147445, 4.58706445247, 
resistor:  1


30.7905357143 53.4050694986, 1.73446379739, 0.378629260499, 4.58694887796, 
resistor:  1


30.8917261905 53.5933466026, 1.73487704352, 0.378729646902, 4.58682949624, 
resistor:  1


30.9928214286 53.7739584635, 1.7350456004, 0.378774575508, 4.58672648644, 
resistor:  1


31.0940595238 53.9540716012, 1.73518904985, 0.37880974346, 4.58667381472, 
resistor:  1


31.1955595238 54.1370513093, 1.73540888946, 0.378861863895, 4.58661907222, 
resistor:  1


31.2968928571 54.3206225043, 1.73565544517, 0.378921807236, 4.5865459692, 
resistor:  1


31.398047619 54.5013439107, 1.73581951884, 0.378962724823, 4.58647994652, 
resistor:  1


31.4991547619 54.6826064897, 1.73600234365, 0.379005614431, 4.58643921377, 
resistor:  1


31.6003809524 54.8650968932, 1.73621631258, 0.379055728647, 4.58639561503, 
resistor:  1


31.7016428571 55.0472189742, 1.73641534044, 0.379100948605, 4.58637141741, 
resistor:  1


31.80275 55.2332428116, 1.73674423789, 0.379177247884, 4.58631389149, 
resistor:  1


31.9038571429 55.4282219299, 1.73735174658, 0.379321963456, 4.58618156301, 
resistor:  1


32.0050595238 55.6172215952, 1.73776341687, 0.379418149647, 4.58610426673, 
resistor:  1


32.1064285714 55.7977131931, 1.73789847317, 0.379448078373, 4.58609520314, 
resistor:  1


32.2076190476 55.978091172, 1.73803878794, 0.379480651354, 4.58606136953, 
resistor:  1


32.3087380952 56.1595714945, 1.73821618563, 0.379520292494, 4.58604434318, 
resistor:  1


32.4097857143 56.3414214257, 1.73840771187, 0.379566898232, 4.58597984098, 
resistor:  1


32.5109047619 56.5234725201, 1.73860041528, 0.379613506863, 4.58591894796, 
resistor:  1


32.612297619 56.7071225895, 1.73882635477, 0.379668374057, 4.58584658941, 
resistor:  1


32.7136547619 56.8892379673, 1.73900587939, 0.379711100218, 4.58579599077, 
resistor:  1


32.8148571429 57.075777323, 1.73932731368, 0.379789387026, 4.58569856733, 
resistor:  1


32.916047619 57.2667159828, 1.73978105286, 0.379898422183, 4.58558284662, 
resistor:  1


33.0173095238 57.4470123653, 1.73990592189, 0.379928440522, 4.58554341076, 
resistor:  1


33.1184642857 57.6284294738, 1.74006949648, 0.379967012486, 4.58550335468, 
resistor:  1


33.2196428571 57.8076889087, 1.74016587587, 0.379990400049, 4.5854674644, 
resistor:  1


33.3208333333 57.9894122273, 1.74033499244, 0.380030487751, 4.58542642543, 
resistor:  1


33.4219880952 58.170753745, 1.74049352119, 0.380070992533, 4.58535268299, 
resistor:  1


33.5230595238 58.3526162448, 1.74067096123, 0.380112520502, 4.58531612428, 
resistor:  1


33.6241666667 58.5343498478, 1.74084165202, 0.380151913914, 4.58528314888, 
resistor:  1


33.7252857143 58.7173143456, 1.74104720248, 0.380198713909, 4.58525390987, 
resistor:  1


33.8265 58.9037967636, 1.74135062048, 0.38027071467, 4.58518558898, 
resistor:  1


33.9276190476 59.0952568901, 1.74180383266, 0.380377433429, 4.58509510194, 
resistor:  1


34.0289642857 59.2776960116, 1.74197767272, 0.380417820107, 4.58505498026, 
resistor:  1


34.1306071429 59.4603886316, 1.74214271615, 0.380455011701, 4.58503501377, 
resistor:  1


34.2317857143 59.6430012709, 1.74232807394, 0.380498561703, 4.58499618989, 
resistor:  1


34.3329285714 59.8252302026, 1.74250297577, 0.380538129658, 4.5849768539, 
resistor:  1


34.4341428571 60.0075073698, 1.74267463601, 0.380579496147, 4.58492380577, 
resistor:  1


34.5354404762 60.1902305829, 1.74285400021, 0.380623608827, 4.58486035531, 
resistor:  1


34.6366071429 60.3725261341, 1.74302655815, 0.380666291343, 4.58479802459, 
resistor:  1


34.73775 60.5546174815, 1.74319342737, 0.380708862566, 4.58472126801, 
resistor:  1


34.8388214286 60.7378126161, 1.7433945847, 0.380758593508, 4.58464914612, 
resistor:  1


34.9399166667 60.9311651102, 1.74388409942, 0.380877510605, 4.58451181021, 
resistor:  1


35.0409404762 61.1135380602, 1.74406101063, 0.380921054785, 4.5844493518, 
resistor:  1


35.1420357143 61.2920062019, 1.74412224438, 0.380936068409, 4.58442262561, 
resistor:  1


35.2431547619 61.4759020421, 1.74433595566, 0.380988868687, 4.58434999831, 
resistor:  1


35.3443571429 61.657380747, 1.74447594273, 0.381023385047, 4.58429829011, 
resistor:  1


35.4455357143 61.8427757101, 1.74472678897, 0.381086655599, 4.58419491783, 
resistor:  1


35.5469285714 62.0254415657, 1.74488891329, 0.381125928464, 4.5841459505, 
resistor:  1


35.6482619048 62.208755204, 1.74507120067, 0.381169135828, 4.58410118795, 
resistor:  1


35.7494285714 62.3926445246, 1.74527669442, 0.38121724756, 4.58405704568, 
resistor:  1


35.850547619 62.5769904398, 1.74549608293, 0.381269035057, 4.58400695616, 
resistor:  1


35.9515952381 62.7703076508, 1.74596724387, 0.381381232722, 4.58389826763, 
resistor:  1


36.052702381 62.9552852399, 1.74620156278, 0.381436891416, 4.58384382029, 
resistor:  1


36.1538690476 63.1364515651, 1.74632627789, 0.381463440347, 4.58384469165, 
resistor:  1


36.254952381 63.3211692072, 1.74655226524, 0.381515412414, 4.58381257462, 
resistor:  1


36.3560119048 63.5228459279, 1.74724461237, 0.381680192872, 4.58366803022, 
resistor:  1


36.4570357143 63.7282227904, 1.74803632665, 0.381872599934, 4.58346550912, 
resistor:  1


36.5580952381 63.9329993472, 1.74880553625, 0.382059680241, 4.58326276808, 
resistor:  1


36.6594047619 64.13787596, 1.74956130293, 0.382241823709, 4.58308484778, 
resistor:  1


36.7610119048 64.3481996049, 1.75044690749, 0.382458276556, 4.58285739925, 
resistor:  1


36.8621666667 64.5550030786, 1.75125362712, 0.382654281492, 4.58265201148, 
resistor:  1


36.9634642857 64.771443114, 1.75230986504, 0.382911955146, 4.58238668749, 
resistor:  1


37.0648214286 64.9767095024, 1.75305605148, 0.383093618715, 4.58219145738, 
resistor:  1


37.1662380952 65.1862445737, 1.75391021299, 0.383301139755, 4.58197721062, 
resistor:  1


37.2675 65.3915498909, 1.75465351555, 0.383481208399, 4.58179142183, 
resistor:  1


37.3686190476 65.5979365911, 1.7554284387, 0.38367022857, 4.58159093317, 
resistor:  1


37.4698690476 65.8063888684, 1.75624816795, 0.383868432356, 4.58139488722, 
resistor:  1


37.5709166667 66.0107942395, 1.75696522992, 0.384040968558, 4.5812284968, 
resistor:  1


37.6720119048 66.2163839514, 1.75770766156, 0.384219970697, 4.58105329539, 
resistor:  1


37.7731666667 66.4221532784, 1.75844810324, 0.384397677072, 4.58088399514, 
resistor:  1


37.874297619 66.6321147835, 1.7592963823, 0.38460213101, 4.58069018243, 
resistor:  1


37.9753571429 66.8460812905, 1.76024891719, 0.384832182899, 4.58046811491, 
resistor:  1


38.0764761905 67.0493447314, 1.76091254863, 0.384989869312, 4.5803279153, 
resistor:  1


38.177797619 67.2545976637, 1.76161543772, 0.385156289861, 4.58018710772, 
resistor:  1


38.2789880952 67.4588860132, 1.76229543595, 0.385318157313, 4.58004172875, 
resistor:  1


38.3802142857 67.6630224526, 1.76296624998, 0.385478454667, 4.57989205173, 
resistor:  1


38.4813333333 67.8682261305, 1.7636661792, 0.385647059369, 4.57972308895, 
resistor:  1


38.5825833333 68.0718138119, 1.76431456712, 0.385805930218, 4.57954085513, 
resistor:  1


38.6840238095 68.276972207, 1.76499147408, 0.385968211161, 4.57938289728, 
resistor:  1


38.7852261905 68.4820916618, 1.76567467534, 0.386133322999, 4.57921277602, 
resistor:  1


38.8865357143 68.6863163852, 1.76632644496, 0.386290271715, 4.57905429018, 
resistor:  1


38.9877857143 68.890215713, 1.76696917896, 0.38644575973, 4.5788900848, 
resistor:  1


39.088952381 69.0820663824, 1.76730411471, 0.386525214898, 4.57882002503, 
resistor:  1


39.1901190476 69.2631669588, 1.76736301502, 0.38653805427, 4.57880978361, 
resistor:  1


39.2913095238 69.445778008, 1.76745898392, 0.386560347005, 4.57878630565, 
resistor:  1


39.3924880952 69.6246546894, 1.76746019498, 0.386559451863, 4.57879053505, 
resistor:  1


39.4935833333 69.8068045945, 1.76754800914, 0.386578146838, 4.57878969437, 
resistor:  1


39.594702381 69.9893015141, 1.7676430761, 0.386601261688, 4.57875762742, 
resistor:  1


39.69575 70.171739137, 1.76773934582, 0.386621405658, 4.57875565797, 
resistor:  1


39.7967857143 70.3548274703, 1.76785200633, 0.386646135785, 4.57874695685, 
resistor:  1


39.8979285714 70.5369578472, 1.76793533832, 0.386663146686, 4.57874776269, 
resistor:  1


39.9990119048 70.7224687195, 1.7681053944, 0.386701553879, 4.5787264922, 
resistor:  1


40.100297619 70.9156712733, 1.76845747997, 0.386783778682, 4.57866287149, 
resistor:  1


40.2016071429 71.0974801597, 1.7685233306, 0.386798210606, 4.57865947742, 
resistor:  1


40.3027857143 71.2804876278, 1.76862433612, 0.386821044774, 4.57864258346, 
resistor:  1


40.4041071429 71.4631624955, 1.76871035023, 0.386842744429, 4.57860037712, 
resistor:  1


40.5052261905 71.6495665904, 1.76889683947, 0.386887891878, 4.5785482261, 
resistor:  1


40.6062380952 71.8302858427, 1.76894706853, 0.386903469925, 4.57848989265, 
resistor:  1


40.7073809524 72.0116648422, 1.76900756466, 0.386919966879, 4.57844342637, 
resistor:  1


40.808452381 72.1930617805, 1.76907129696, 0.3869362486, 4.57840990136, 
resistor:  1


40.9094880952 72.3745692579, 1.76913896085, 0.386953137481, 4.57837944471, 
resistor:  1


41.0105952381 72.5575854326, 1.76923999789, 0.38697901593, 4.57833308773, 
resistor:  1


41.111702381 72.7557191187, 1.76970825593, 0.387091174041, 4.57822113252, 
resistor:  1


41.2128333333 72.9577460826, 1.77026766135, 0.387226886069, 4.578074414, 
resistor:  1


41.3141547619 73.1600705941, 1.77082336588, 0.387360649909, 4.57794256621, 
resistor:  1


41.415297619 73.3648201331, 1.77144254299, 0.387511430903, 4.5777789813, 
resistor:  1


41.5164285714 73.5694564394, 1.77205648393, 0.387658165977, 4.57764431142, 
resistor:  1


41.6177142857 73.7745347446, 1.77267146961, 0.387807371357, 4.57748961498, 
resistor:  1


41.7190595238 73.9810253729, 1.77331479226, 0.387960403004, 4.57736095091, 
resistor:  1


41.8202380952 74.1854487649, 1.77391263522, 0.388103030388, 4.57723341573, 
resistor:  1


41.9214047619 74.3917550588, 1.77455301132, 0.388254512128, 4.57711201786, 
resistor:  1


42.022547619 74.5988183214, 1.77520932328, 0.388411450937, 4.57697072684, 
resistor:  1


42.1236428571 74.8139162674, 1.77605523153, 0.388613075642, 4.57680301782, 
resistor:  1


42.2248690476 75.019797578, 1.77667330344, 0.388761555263, 4.57666135834, 
resistor:  1


42.3260119048 75.2240664207, 1.77725382183, 0.388900281116, 4.57653636529, 
resistor:  1


42.4271309524 75.4295356106, 1.77786086208, 0.389045841563, 4.57640191301, 
resistor:  1


42.5283333333 75.6342561628, 1.77844392749, 0.389187106153, 4.57625424114, 
resistor:  1


42.6294642857 75.8344057377, 1.77891997961, 0.389303229478, 4.57612798297, 
resistor:  1


42.7305357143 76.0156146528, 1.77895299888, 0.389311816356, 4.57610715132, 
resistor:  1


42.8316428571 76.1975818864, 1.77900208359, 0.389323086853, 4.57609389281, 
resistor:  1


42.9328452381 76.3788941918, 1.77903173592, 0.389328996792, 4.57609325573, 
resistor:  1


43.0341785714 76.5676964422, 1.77922988155, 0.389377697078, 4.57603624467, 
resistor:  1


43.1355238095 76.7773446796, 1.7799098724, 0.389543340945, 4.57586162018, 
resistor:  1


43.2367380952 76.9830664956, 1.78050125627, 0.389687016291, 4.57571148097, 
resistor:  1


43.3380238095 77.1880484724, 1.78106987092, 0.389825049114, 4.57556648174, 
resistor:  1


43.4393095238 77.3951049791, 1.78168359091, 0.389972968318, 4.5754217276, 
resistor:  1


43.5405238095 77.6002998372, 1.78225462277, 0.390106165386, 4.57533083196, 
resistor:  1


43.6416666667 77.8060040984, 1.7828375963, 0.39024343722, 4.57522527802, 
resistor:  1


43.742702381 78.0076051601, 1.78332843912, 0.390361588264, 4.57511077605, 
resistor:  1


43.8437619048 78.1878260402, 1.78332840622, 0.390358429925, 4.57514125252, 
resistor:  1


43.9448571429 78.3690625095, 1.78335003467, 0.390361325681, 4.57515517439, 
resistor:  1


44.0459285714 78.5522265234, 1.78341629002, 0.39037571037, 4.57515004907, 
resistor:  1


44.1471547619 78.7338837599, 1.78344185904, 0.390379460048, 4.57516390543, 
resistor:  1


44.2483571429 78.9155094232, 1.78346755719, 0.390383312853, 4.57517671574, 
resistor:  1


44.3495238095 79.0970238256, 1.78349206556, 0.390387132547, 4.57518870594, 
resistor:  1


44.4505833333 79.2780158572, 1.78350900961, 0.390390077867, 4.57519426999, 
resistor:  1


44.5518571429 79.4601168741, 1.78354219038, 0.390397606794, 4.57518657477, 
resistor:  1


44.6532142857 79.6429481186, 1.78358824538, 0.390408809687, 4.57516651918, 
resistor:  1


44.7543690476 79.8382699039, 1.78392124843, 0.3904901709, 4.57506492751, 
resistor:  1


44.8556547619 80.0213556728, 1.78397475408, 0.390502051108, 4.57505562353, 
resistor:  1


44.9567738095 80.203936694, 1.7840234051, 0.39051332762, 4.57504056484, 
resistor:  1


45.0578452381 80.3842085885, 1.78402247519, 0.390512227006, 4.57504450357, 
resistor:  1


45.1589047619 80.5668007002, 1.7840733987, 0.390523827521, 4.57503250527, 
resistor:  1


45.2600119048 80.7487955493, 1.78410902143, 0.390531551672, 4.57502758845, 
resistor:  1


45.3611190476 80.9288505817, 1.78410172149, 0.390528949785, 4.57503172481, 
resistor:  1


45.4622857143 81.1104228616, 1.78412549187, 0.390532984203, 4.57503884044, 
resistor:  1


45.5633333333 81.2933472873, 1.78418349449, 0.390544597302, 4.57504471897, 
resistor:  1


45.664452381 81.4767277896, 1.78424843705, 0.390558442944, 4.57504194644, 
resistor:  1


45.7658571429 81.6736395126, 1.78459761515, 0.390642658378, 4.57495306717, 
resistor:  1


45.8678095238 81.8493287111, 1.78446124986, 0.390607795384, 4.57500526331, 
resistor:  1


45.9690238095 82.0232121145, 1.78431485633, 0.390571875342, 4.57504271979, 
resistor:  1


46.0703095238 82.1961988986, 1.78414687785, 0.390530501454, 4.57508892037, 
resistor:  1


46.1716785714 82.3694686229, 1.78398254453, 0.390490461568, 4.57512813604, 
resistor:  1


46.2730238095 82.5447284039, 1.7838628559, 0.390460181615, 4.57516804014, 
resistor:  1


46.3742738095 82.7232048982, 1.78381671782, 0.390447177205, 4.57519317032, 
resistor:  1


46.475547619 82.9079879591, 1.78390556339, 0.390467403721, 4.57517778654, 
resistor:  1


46.5769166667 83.0892590721, 1.78391497374, 0.390469780751, 4.57516739851, 
resistor:  1


46.6781071429 83.2714356241, 1.78395056529, 0.390477987775, 4.5751591924, 
resistor:  1


46.7794166667 83.4680267449, 1.78428960198, 0.390561440807, 4.57505134905, 
resistor:  1


46.8807261905 83.6498031814, 1.78431116535, 0.390565956741, 4.57505061614, 
resistor:  1


46.9819166667 83.8315004072, 1.78433547107, 0.390571197445, 4.5750460697, 
resistor:  1


47.0830119048 84.0122689427, 1.78434355713, 0.390572113903, 4.5750479855, 
resistor:  1


47.184047619 84.1937860935, 1.78436972541, 0.390578217786, 4.57503904392, 
resistor:  1


47.2851190476 84.3752138834, 1.78439254427, 0.39058218226, 4.57504462371, 
resistor:  1


47.3862738095 84.5566255299, 1.78441178704, 0.390586729575, 4.57503487909, 
resistor:  1


47.4874642857 84.7438293914, 1.78455157937, 0.390618594703, 4.57501708503, 
resistor:  1


47.5890357143 84.9268117456, 1.78458778311, 0.390625187032, 4.57502731648, 
resistor:  1


47.6905119048 85.1091307288, 1.78461348662, 0.390629481239, 4.57503624495, 
resistor:  1


47.7916785714 85.3045626893, 1.78492501706, 0.390704881017, 4.57495102829, 
resistor:  1


47.892797619 85.4854821711, 1.78493398634, 0.390704655023, 4.57497085966, 
resistor:  1


47.9938928571 85.6679804603, 1.78497669933, 0.390713462386, 4.57497328413, 
resistor:  1


48.0949642857 85.8498249996, 1.78500652354, 0.390718604121, 4.57498526576, 
resistor:  1


48.1960119048 86.0297272368, 1.78499680444, 0.390714457203, 4.57500334798, 
resistor:  1


48.2971190476 86.2115732383, 1.78502517207, 0.39071943279, 4.57501334275, 
resistor:  1


48.3982619048 86.3940933121, 1.78506603155, 0.390727610604, 4.57501597535, 
resistor:  1


48.4993571429 86.5793250121, 1.78516438387, 0.390750670589, 4.57499533854, 
resistor:  1


48.6004166667 86.7601171746, 1.78517229121, 0.39075188977, 4.57499466943, 
resistor:  1


48.7017142857 86.9420379497, 1.78519461224, 0.390757239138, 4.57498404663, 
resistor:  1


48.8030833333 87.1362360493, 1.78546579638, 0.390824662159, 4.57488887058, 
resistor:  1


48.9045833333 87.318377673, 1.78548454401, 0.390828761484, 4.57488313193, 
resistor:  1


49.0057738095 87.5002140116, 1.78550826177, 0.390834083612, 4.57487308247, 
resistor:  1


49.10725 87.6816455094, 1.78551324925, 0.390834198404, 4.57487637565, 
resistor:  1


49.2086666667 87.8628648734, 1.78551606506, 0.3908346156, 4.57487118513, 
resistor:  1


49.3099047619 88.0443210582, 1.78553013808, 0.390836954722, 4.57486972384, 
resistor:  1


49.4110357143 88.2251472452, 1.78553527506, 0.390837454572, 4.57486980908, 
resistor:  1


49.5122619048 88.4092135977, 1.7856023982, 0.390851484108, 4.57487205515, 
resistor:  1


49.6133690476 88.5903267615, 1.78561400812, 0.390852442576, 4.57488321223, 
resistor:  1


49.7146309524 88.775575545, 1.78570319933, 0.390872372461, 4.57487015289, 
resistor:  1


49.8162261905 88.9723381366, 1.78601120439, 0.390946682662, 4.5747907566, 
resistor:  1


49.9174642857 89.1543996344, 1.78603622821, 0.390951730606, 4.5747900191, 
resistor:  1


50.0187738095 89.3397176054, 1.78612370518, 0.390971060725, 4.57478452064, 
resistor:  1


50.1200952381 89.52157249, 1.78614130849, 0.390973323331, 4.57479839627, 
resistor:  1


50.2214166667 89.7052430283, 1.78619499373, 0.390984950962, 4.57479562157, 
resistor:  1


50.3227380952 89.8859300415, 1.78618917499, 0.390981810734, 4.57481276339, 
resistor:  1


50.4239047619 90.0671572536, 1.78619957496, 0.390982578358, 4.57482496206, 
resistor:  1


50.5256190476 90.251097181, 1.78624426345, 0.390992717813, 4.5748152415, 
resistor:  1


50.6271666667 90.4344254526, 1.78628257133, 0.391002137004, 4.57480087403, 
resistor:  1


50.7284285714 90.61551913, 1.78628673668, 0.391002931027, 4.57479868325, 
resistor:  1


50.8296785714 90.808263619, 1.78652051658, 0.391060274521, 4.57472614558, 
resistor:  1


50.9308571429 90.9926869269, 1.78659249091, 0.391079027358, 4.57469114228, 
resistor:  1


51.0320119048 91.1755042085, 1.78663354246, 0.391088399175, 4.57467812796, 
resistor:  1


51.1332261905 91.3576831289, 1.78665986747, 0.391094462784, 4.57466907592, 
resistor:  1


51.2344166667 91.5417240908, 1.78672326234, 0.391109108869, 4.57465457764, 
resistor:  1


51.3356785714 91.7234691316, 1.78673919746, 0.391112322147, 4.57465105245, 
resistor:  1


51.4369285714 91.9076164709, 1.78680218713, 0.391126329328, 4.57464394471, 
resistor:  1


51.5381904762 92.0913716344, 1.78685690715, 0.391137345693, 4.57464929333, 
resistor:  1


51.6393690476 92.2753244083, 1.78691812294, 0.391150246975, 4.57465021626, 
resistor:  1


51.740547619 92.4577500935, 1.78694958496, 0.391156635199, 4.5746527227, 
resistor:  1


51.8417380952 92.6482396702, 1.78713606207, 0.391201359724, 4.57460573089, 
resistor:  1


51.9428095238 92.8366326102, 1.78728554465, 0.391237294327, 4.57456604226, 
resistor:  1


52.0441904762 93.0194274474, 1.78731625175, 0.391243362114, 4.57456956242, 
resistor:  1


52.1455238095 93.201797707, 1.78734032949, 0.391247498019, 4.57457684206, 
resistor:  1


52.2468571429 93.3856155341, 1.78739202013, 0.391258900951, 4.5745709775, 
resistor:  1


52.3481071429 93.5687090799, 1.78743252024, 0.391269312438, 4.57454814056, 
resistor:  1


52.4492261905 93.769873489, 1.78782186697, 0.39136412227, 4.57444517318, 
resistor:  1


52.5504404762 93.9782794177, 1.78834427583, 0.391491007468, 4.57431413738, 
resistor:  1


52.651547619 94.1587079488, 1.78833694747, 0.391488357666, 4.57431859807, 
resistor:  1


52.7526190476 94.3402695755, 1.78835233736, 0.391491545623, 4.57431370502, 
resistor:  1


52.8537738095 94.5273543267, 1.78846934691, 0.391520009494, 4.57427470257, 
resistor:  1


52.9549285714 94.7152372562, 1.78860098222, 0.391552707569, 4.57422564939, 
resistor:  1


53.055952381 94.8956362574, 1.78859547325, 0.391550511719, 4.57423035187, 
resistor:  1


53.1570357143 95.0755587027, 1.78857901734, 0.391546322571, 4.57423024386, 
resistor:  1


53.2581785714 95.2564826445, 1.78857942948, 0.391545402866, 4.57423496755, 
resistor:  1


53.3594047619 95.439026055, 1.78860739697, 0.39155167066, 4.57422874278, 
resistor:  1


53.4605119048 95.6239147085, 1.78868311023, 0.391568408853, 4.57421918689, 
resistor:  1


53.561797619 95.8053334414, 1.78868779055, 0.391567843765, 4.57423123477, 
resistor:  1


53.6631428571 95.9877517774, 1.78870909654, 0.391571399946, 4.57423822187, 
resistor:  1


53.7643333333 96.1695010569, 1.78872302686, 0.391575696223, 4.57421629054, 
resistor:  1


53.8654285714 96.3564564664, 1.78883671813, 0.391602688094, 4.57418658246, 
resistor:  1


53.9665357143 96.5492426892, 1.7890576338, 0.391656048021, 4.57413252655, 
resistor:  1


54.0678809524 96.7327233461, 1.78909773496, 0.391664345053, 4.57413203493, 
resistor:  1


54.1690714286 96.912622139, 1.78907667389, 0.391657701191, 4.57415059272, 
resistor:  1


54.27025 97.0948244153, 1.78909852848, 0.39166156925, 4.57415888187, 
resistor:  1


54.3714404762 97.2775664102, 1.78912983651, 0.391668233809, 4.57415812037, 
resistor:  1


54.4726071429 97.4593520932, 1.78914425443, 0.391670428579, 4.57416536228, 
resistor:  1


54.5736547619 97.6409457441, 1.789159003, 0.39167421159, 4.5741544041, 
resistor:  1


54.6747738095 97.8317234246, 1.78933933527, 0.391717870986, 4.5741087144, 
resistor:  1


54.776 98.0359603877, 1.78976121637, 0.391820461294, 4.57399770735, 
resistor:  1


54.8771190476 98.2245320088, 1.78989957406, 0.391854753314, 4.5739492496, 
resistor:  1


54.9782142857 98.4125021671, 1.79002725799, 0.391886646697, 4.57390175844, 
resistor:  1


55.0796904762 98.5862802015, 1.78988442653, 0.391852105679, 4.57393428694, 
resistor:  1


55.1811309524 98.7684412758, 1.78989519735, 0.391854863394, 4.5739273777, 
resistor:  1


55.2823928571 98.9502169429, 1.78990473872, 0.391857748025, 4.57391488486, 
resistor:  1


55.383547619 99.1320299318, 1.78991838178, 0.391862415541, 4.57388906141, 
resistor:  1


55.484797619 99.3074983088, 1.78981455408, 0.391836317793, 4.57392262319, 
resistor:  1


55.5858333333 99.4815991043, 1.78969340097, 0.391806454231, 4.57395660443, 
resistor:  1


55.6868928571 99.6608697179, 1.7896647596, 0.391798473217, 4.57397055887, 
resistor:  1


55.7879761905 99.8393044887, 1.78962047571, 0.391787241349, 4.57398295077, 
resistor:  1


55.889047619 100.024829468, 1.78970359542, 0.391807384569, 4.57395708434, 
resistor:  1


55.9901190476 100.217076946, 1.78990648084, 0.391857077165, 4.57389610244, 
resistor:  1


56.091202381 100.399138652, 1.78992666213, 0.391860504366, 4.5739041303, 
resistor:  1


56.1922619048 100.580421786, 1.78993367373, 0.391861300236, 4.57391072715, 
resistor:  1


56.2933333333 100.761908639, 1.78994390051, 0.391862173819, 4.57392159869, 
resistor:  1


56.3944404762 100.943030753, 1.78994648941, 0.391861447264, 4.57393287209, 
resistor:  1


56.4955357143 101.125795245, 1.78997851718, 0.391868748827, 4.57392749099, 
resistor:  1


56.5968809524 101.307971575, 1.78999213155, 0.391874445705, 4.5738899279, 
resistor:  1


56.6982380952 101.489366418, 1.78999153814, 0.391874925396, 4.57387984695, 
resistor:  1


56.7993928571 101.671918306, 1.79001769547, 0.391881279111, 4.57386907008, 
resistor:  1


56.9005595238 101.855468094, 1.79006092288, 0.391892435919, 4.57384641306, 
resistor:  1


57.0017857143 102.049471141, 1.79028551233, 0.391947128577, 4.57378009524, 
resistor:  1


57.1029047619 102.229261557, 1.79026377, 0.391942385163, 4.57377629537, 
resistor:  1


57.2039880952 102.410458273, 1.79026780619, 0.391943116583, 4.57377309628, 
resistor:  1


57.3050595238 102.591414127, 1.79026799692, 0.391942315879, 4.57377860401, 
resistor:  1


57.40625 102.775222437, 1.7903141633, 0.391952920741, 4.57376884016, 
resistor:  1


57.5073928571 102.960231961, 1.79038253771, 0.391967663043, 4.57376817499, 
resistor:  1


57.6085833333 103.14239646, 1.79039980662, 0.391970723157, 4.57377386738, 
resistor:  1


57.7096904762 103.323885479, 1.79040789556, 0.391971095817, 4.57378579327, 
resistor:  1


57.8109166667 103.507252335, 1.79044475166, 0.391978566772, 4.57378783227, 
resistor:  1


57.9119761905 103.689128674, 1.79046089419, 0.391981616825, 4.57378911954, 
resistor:  1


58.0131785714 103.884269032, 1.79070120945, 0.39203846725, 4.57373876885, 
resistor:  1


58.1145833333 104.067689045, 1.79073277439, 0.392045694653, 4.57373096707, 
resistor:  1


58.2158928571 104.25026654, 1.79075268666, 0.392049164035, 4.57373811508, 
resistor:  1


58.3170833333 104.43333242, 1.79078456004, 0.392055448991, 4.57374235413, 
resistor:  1


58.4184404762 104.616569095, 1.79081413749, 0.392061365535, 4.57374355174, 
resistor:  1


58.5196785714 104.797226347, 1.79080317775, 0.392059502418, 4.57373255055, 
resistor:  1


58.6208690476 104.979099024, 1.79081444423, 0.392063204795, 4.57371381257, 
resistor:  1


58.722 105.155710051, 1.79073788446, 0.392045289306, 4.57372259283, 
resistor:  1


58.8230357143 105.314270738, 1.79035762877, 0.391956330314, 4.5737947956, 
resistor:  1


58.9241309524 105.485429516, 1.79019067079, 0.391919179394, 4.57380395036, 
resistor:  1


59.0252380952 105.684486848, 1.79049657839, 0.391993379141, 4.57372154498, 
resistor:  1


59.1263095238 105.865587105, 1.79049881445, 0.391995115707, 4.57370299003, 
resistor:  1


59.2274880952 106.047735684, 1.79051550376, 0.391998946303, 4.57369674756, 
resistor:  1


59.3286071429 106.228076422, 1.79050346094, 0.391995798051, 4.57369977806, 
resistor:  1


59.4297619048 106.409610713, 1.79051046651, 0.391996524665, 4.57370864198, 
resistor:  1


59.5310119048 106.587986177, 1.79046152193, 0.391984014368, 4.57372326484, 
resistor:  1


59.6326190476 106.771868793, 1.79049437201, 0.391990549927, 4.5737276645, 
resistor:  1


59.7338333333 106.954654286, 1.79052051941, 0.391995303478, 4.57373410086, 
resistor:  1


59.834952381 107.137625408, 1.79055253066, 0.392001404808, 4.57374018913, 
resistor:  1


59.9361904762 107.320487776, 1.7905790629, 0.392007605683, 4.57373281344, 
resistor:  1


60.0373809524 107.516427818, 1.79082475138, 0.39206571283, 4.57368379034, 
resistor:  1


60.138547619 107.697692156, 1.79082629062, 0.392065553999, 4.57368406063, 
resistor:  1


60.2397142857 107.880370852, 1.79085130352, 0.392070735985, 4.57368395311, 
resistor:  1


60.3408928571 108.062112867, 1.79086035605, 0.392073705495, 4.57367026249, 
resistor:  1


60.4420833333 108.244396876, 1.79087799273, 0.392078270821, 4.57365875063, 
resistor:  1


60.5431666667 108.425324783, 1.79087634084, 0.392078861703, 4.57364436824, 
resistor:  1


60.6442619048 108.606528139, 1.79087888496, 0.392080388202, 4.57363175071, 
resistor:  1


60.7454761905 108.789808155, 1.79091209712, 0.392089173636, 4.57360814237, 
resistor:  1


60.8466190476 108.972842612, 1.79094326551, 0.39209706774, 4.5735907083, 
resistor:  1


60.9476785714 109.154290104, 1.79095074106, 0.392101347588, 4.57355633197, 
resistor:  1


61.0489761905 109.349808307, 1.79118168937, 0.392156753267, 4.57349912161, 
resistor:  1


61.1503214286 109.531918777, 1.79119121893, 0.392159761995, 4.57348269085, 
resistor:  1


61.2515595238 109.712650051, 1.79118133325, 0.392157382902, 4.57347956667, 
resistor:  1


61.3527738095 109.894891683, 1.7911967929, 0.392160627535, 4.57347586889, 
resistor:  1


61.4539880952 110.078365131, 1.79123224616, 0.392168035946, 4.57347440343, 
resistor:  1


61.5551785714 110.260828603, 1.79125186804, 0.392171572163, 4.57347852589, 
resistor:  1


61.6563928571 110.443632871, 1.79127626112, 0.392175927524, 4.57348361781, 
resistor:  1


61.7575833333 110.625890659, 1.79129241605, 0.392178563225, 4.5734885687, 
resistor:  1


61.8587380952 110.813070935, 1.79138912864, 0.39220258596, 4.57345288755, 
resistor:  1


61.9599166667 110.997249609, 1.79143639275, 0.392215255338, 4.57342256315, 
resistor:  1


62.0610595238 111.189681683, 1.79161752211, 0.39225760972, 4.57338821417, 
resistor:  1


62.1621547619 111.373448355, 1.79166003466, 0.392268215626, 4.57337012937, 
resistor:  1


62.2632142857 111.554316703, 1.79165688735, 0.392268245699, 4.5733598145, 
resistor:  1


62.3643095238 111.736826313, 1.79167904153, 0.39227366126, 4.57335185193, 
resistor:  1


62.4653928571 111.91898647, 1.79169587112, 0.392276705868, 4.57335733078, 
resistor:  1


62.5667142857 112.10143149, 1.79171038099, 0.392279887711, 4.57335090237, 
resistor:  1


62.6681547619 112.282307638, 1.79169640568, 0.392276233437, 4.57335392426, 
resistor:  1


62.7694047619 112.456394127, 1.7915797442, 0.392248485468, 4.57337553653, 
resistor:  1


62.8705952381 112.641228597, 1.79163610858, 0.392262382526, 4.573356744, 
resistor:  1


62.9717619048 112.81578435, 1.79152974187, 0.39223741477, 4.57337184332, 
resistor:  1


63.0729047619 112.999770699, 1.79157391158, 0.392247576284, 4.57336095374, 
resistor:  1


63.1739166667 113.17664063, 1.79150900564, 0.392231688302, 4.57337491372, 
resistor:  1


63.2750714286 113.350773453, 1.79139700507, 0.392205459866, 4.57338944311, 
resistor:  1


63.3762738095 113.524495393, 1.79127753289, 0.392176806934, 4.57341352386, 
resistor:  1


63.4774642857 113.699636333, 1.79118113196, 0.392152772087, 4.57344271789, 
resistor:  1


63.5786785714 113.87344943, 1.7910634821, 0.392124251145, 4.57347007556, 
resistor:  1


63.6798333333 114.043292945, 1.79088554375, 0.392080690297, 4.57351978071, 
resistor:  1


63.7808690476 114.193272712, 1.79040007478, 0.391966746442, 4.5736206334, 
resistor:  1


63.8819047619 114.341525846, 1.78988911292, 0.391847201578, 4.57372241951, 
resistor:  1


63.9830119048 114.49002692, 1.78938164228, 0.391728956487, 4.57381730904, 
resistor:  1


64.0842619048 114.65593913, 1.78914347646, 0.391672702877, 4.57386598502, 
resistor:  1


64.1857142857 114.82653934, 1.78897345956, 0.391631795075, 4.57390404605, 
resistor:  1


64.287202381 114.975691009, 1.78846934928, 0.391512879747, 4.57401864251, 
resistor:  1


64.3885952381 115.124087085, 1.78795773785, 0.391392189822, 4.57413562025, 
resistor:  1


64.4898095238 115.274381132, 1.78748211514, 0.391280149099, 4.57424086963, 
resistor:  1


64.5909285714 115.422072153, 1.78697031775, 0.391159920432, 4.57435090177, 
resistor:  1


64.6920357143 115.570310222, 1.78646890526, 0.391042149678, 4.57445806368, 
resistor:  1


64.7930833333 115.722652797, 1.78603404628, 0.390940645498, 4.57454229221, 
resistor:  1


64.8941428571 115.892809651, 1.78587472688, 0.390903867456, 4.57455915832, 
resistor:  1


64.9952261905 116.069105418, 1.78580970051, 0.390888784165, 4.57456344938, 
resistor:  1


65.0964642857 116.256259819, 1.78590743898, 0.390912181976, 4.57453478034, 
resistor:  1


65.1976190476 116.429107863, 1.78578772605, 0.390883421786, 4.57455905304, 
resistor:  1


65.2986904762 116.603092896, 1.78568807499, 0.390861465575, 4.57455457917, 
resistor:  1


65.399797619 116.77628278, 1.78557559856, 0.39083529973, 4.57456742563, 
resistor:  1


65.501 116.951271768, 1.78548834014, 0.390814085918, 4.57458665818, 
resistor:  1


65.6024047619 117.125152262, 1.78537894589, 0.390787717412, 4.57460965716, 
resistor:  1


65.7036904762 117.299242794, 1.78527632076, 0.390763030156, 4.5746308808, 
resistor:  1


65.804952381 117.478280649, 1.78524983909, 0.390755519508, 4.57464511478, 
resistor:  1


65.9061785714 117.656371968, 1.78521004432, 0.390744335524, 4.57466986852, 
resistor:  1


66.0073333333 117.830416063, 1.78511098863, 0.390718785748, 4.57471046363, 
resistor:  1


66.1085952381 118.017593408, 1.78520800485, 0.390739712833, 4.57470941457, 
resistor:  1


66.2097261905 118.193354675, 1.78513583238, 0.390721094292, 4.57473892975, 
resistor:  1


66.3109166667 118.370051634, 1.78507638839, 0.390706120256, 4.57475709866, 
resistor:  1


66.4123571429 118.546282119, 1.78500338219, 0.390687837551, 4.57477983312, 
resistor:  1


66.5138333333 118.719690734, 1.78488721494, 0.390659424359, 4.57481100409, 
resistor:  1


66.615202381 118.893612103, 1.78478196948, 0.390633589115, 4.57483925202, 
resistor:  1


66.716452381 119.067699465, 1.78468271642, 0.390609197104, 4.57486613807, 
resistor:  1


66.8177142857 119.239993009, 1.78455659975, 0.390578273402, 4.57490143984, 
resistor:  1


66.9188571429 119.414369206, 1.7844651613, 0.390555766886, 4.5749250896, 
resistor:  1


67.020202381 119.587391021, 1.78434840201, 0.390528045039, 4.57494492531, 
resistor:  1


67.1216071429 119.774418448, 1.78443907329, 0.390549098007, 4.57492779853, 
resistor:  1


67.2230119048 119.947732196, 1.78432546828, 0.390521028981, 4.57496018622, 
resistor:  1


67.3241785714 120.121251468, 1.78422156819, 0.390496390625, 4.57497711098, 
resistor:  1


67.4253571429 120.301543314, 1.78421811039, 0.390494303948, 4.57498837975, 
resistor:  1


67.5265714286 120.474464415, 1.78410456604, 0.390465403899, 4.57503196302, 
resistor:  1


67.6277738095 120.649193498, 1.78401840992, 0.390444725619, 4.57504795362, 
resistor:  1


67.7288928571 120.823540798, 1.78392906927, 0.390422682742, 4.57507219535, 
resistor:  1


67.830047619 120.996175907, 1.7838138134, 0.390394207787, 4.57510584284, 
resistor:  1


67.9311547619 121.169014818, 1.78370315126, 0.390366532613, 4.57514182917, 
resistor:  1


68.0323214286 121.343545428, 1.78361612363, 0.390345270099, 4.575163952, 
resistor:  1


68.1336071429 121.526701883, 1.78365284005, 0.390351913445, 4.57517669873, 
resistor:  1


68.2348571429 121.686962402, 1.78335483502, 0.390279572226, 4.57526875955, 
resistor:  1


68.3360714286 121.834861173, 1.78287774855, 0.39016680657, 4.57538178131, 
resistor:  1


68.4372857143 121.983566501, 1.78241385858, 0.39005680218, 4.57549644455, 
resistor:  1


68.5386547619 122.132031989, 1.78194381569, 0.38994592033, 4.57560472975, 
resistor:  1


68.6401071429 122.280956975, 1.78147969263, 0.389836200595, 4.57571436636, 
resistor:  1


68.7412261905 122.429377707, 1.78101824032, 0.389727356713, 4.5758198597, 
resistor:  1


68.8426071429 122.577892879, 1.78055274149, 0.38961740341, 4.57592869557, 
resistor:  1


68.943702381 122.725914186, 1.78008882534, 0.389508213566, 4.57603153102, 
resistor:  1


69.0447261905 122.882552938, 1.77975291841, 0.389428821348, 4.57610724667, 
resistor:  1


69.1458214286 123.035349178, 1.77936058371, 0.389336028373, 4.57619930711, 
resistor:  1


69.2469285714 123.183399323, 1.77890055002, 0.389227685142, 4.57630228688, 
resistor:  1


69.3481547619 123.330892826, 1.77843077799, 0.389117324746, 4.57640419347, 
resistor:  1


69.4492857143 123.479289269, 1.77797781503, 0.38900991544, 4.57651594959, 
resistor:  1


69.5503214286 123.630977311, 1.77757593023, 0.388914398116, 4.57661687157, 
resistor:  1


69.6513928571 123.779018023, 1.77712193462, 0.388806146304, 4.57673828995, 
resistor:  1


69.7524880952 123.927540869, 1.7766755603, 0.388700220186, 4.57684953395, 
resistor:  1


69.8535595238 124.075435873, 1.77622209546, 0.388592195578, 4.57696935907, 
resistor:  1


69.9546666667 124.223916239, 1.77577740211, 0.388487128724, 4.57707340252, 
resistor:  1


70.0560119048 124.386258585, 1.7755258286, 0.388426521526, 4.57714246465, 
resistor:  1


70.1575119048 124.53525524, 1.77508084108, 0.388320909626, 4.57725376947, 
resistor:  1


70.2586309524 124.682965938, 1.77462845843, 0.388214914224, 4.57734734973, 
resistor:  1


70.3598452381 124.831312656, 1.77418401411, 0.388110624246, 4.57744091734, 
resistor:  1


70.4610238095 124.980541734, 1.77375426834, 0.38801021841, 4.5775255899, 
resistor:  1


70.5621785714 125.128925322, 1.77331437118, 0.387907866059, 4.57760570289, 
resistor:  1


70.6632857143 125.276513542, 1.7728656724, 0.387803079222, 4.57769359151, 
resistor:  1


70.7644047619 125.424712056, 1.77242658195, 0.387700785148, 4.57777537989, 
resistor:  1


70.8657380952 125.573439525, 1.77199085059, 0.387598187831, 4.5778722497, 
resistor:  1


70.9671904762 125.721209862, 1.77153990482, 0.387492429976, 4.57796752522, 
resistor:  1


71.0683809524 125.88596982, 1.77133583364, 0.38744379206, 4.57801486186, 
resistor:  1


71.169547619 126.036239053, 1.77092932679, 0.387347764316, 4.57811044298, 
resistor:  1


71.2706666667 126.199157329, 1.7707026359, 0.387294613863, 4.57815108313, 
resistor:  1


71.3717261905 126.368993931, 1.77057499764, 0.387263898691, 4.57817928897, 
resistor:  1


71.4728690476 126.538611468, 1.77044259108, 0.387231194357, 4.57821765315, 
resistor:  1


71.5743095238 126.711064662, 1.7703428158, 0.387206216685, 4.57824788729, 
resistor:  1


71.6760952381 126.883450472, 1.77023385622, 0.387179140844, 4.57828008219, 
resistor:  1


71.7776071429 127.055750498, 1.770130763, 0.387153605984, 4.57830886133, 
resistor:  1


71.8787619048 127.22650466, 1.77001524913, 0.387124910273, 4.57834351551, 
resistor:  1


71.9799404762 127.398042622, 1.76991036362, 0.387099618509, 4.57836449182, 
resistor:  1


72.0810714286 127.584181163, 1.77000949951, 0.387122026325, 4.57835209032, 
resistor:  1


72.182202381 127.742755865, 1.76972649284, 0.387054301353, 4.57842531153, 
resistor:  1


72.2835595238 127.891358753, 1.769300787, 0.386953817386, 4.57852539034, 
resistor:  1


72.3847261905 128.038954308, 1.76886701169, 0.386850805043, 4.57863435254, 
resistor:  1


72.4859166667 128.187342685, 1.7684448039, 0.386751260693, 4.57873057708, 
resistor:  1


72.58725 128.3352393, 1.7680135189, 0.386649667833, 4.5788297863, 
resistor:  1


72.6883809524 128.483522713, 1.76759367907, 0.386550622594, 4.57892460854, 
resistor:  1


72.7894642857 128.631287064, 1.76716903093, 0.386450573304, 4.57902152563, 
resistor:  1


72.8905357143 128.778945773, 1.76674439982, 0.38635045081, 4.57911807703, 
resistor:  1


72.9917619048 128.931232687, 1.76638060683, 0.386265085857, 4.57919364233, 
resistor:  1


73.0931190476 129.089158036, 1.76609179795, 0.386196739514, 4.57925938132, 
resistor:  1


73.194452381 129.237607449, 1.76567490083, 0.386098667347, 4.57935096143, 
resistor:  1


73.2956428571 129.385766797, 1.76525863958, 0.386000961778, 4.57943967359, 
resistor:  1


73.3969761905 129.535693158, 1.76486416582, 0.385907696589, 4.57953265905, 
resistor:  1


73.4981071429 129.683881694, 1.76445199388, 0.385809831143, 4.579636859, 
resistor:  1


73.5993095238 129.832294121, 1.76404228465, 0.385712450906, 4.57974178583, 
resistor:  1


73.7007261905 129.981430656, 1.76363839781, 0.385616508956, 4.57984405833, 
resistor:  1


73.8018571429 130.129344748, 1.76322588328, 0.385518591694, 4.57994807448, 
resistor:  1


73.903047619 130.277729514, 1.76281944672, 0.385422464926, 4.58004498977, 
resistor:  1


74.0041785714 130.435372261, 1.76254063999, 0.385356043971, 4.5801149627, 
resistor:  1


74.10525 130.588535913, 1.7622035674, 0.385275832827, 4.58019992452, 
resistor:  1


74.2063452381 130.736261091, 1.76179355919, 0.385178889295, 4.58029792388, 
resistor:  1


74.3075595238 130.884793953, 1.76139271417, 0.385083910277, 4.58039593589, 
