time, energy_1, power_1, avg_current_1, avg_voltage_1, 
resistor:  1


0.000547619047619 0.000782124664102, 1.42822764749, 0.31384595788, 4.65247112772, 
resistor:  1


0.101678571429 0.149036737454, 1.46576348743, 0.315367155943, 4.64851639335, 
resistor:  1


0.20255952381 0.296680603363, 1.46465887055, 0.315183463588, 4.64742684734, 
resistor:  1


0.303511904762 0.44408786319, 1.46316456199, 0.314821093137, 4.64792313367, 
resistor:  1


0.404452380952 0.591116237002, 1.46152245565, 0.314439365052, 4.64829880823, 
resistor:  1


0.505345238095 0.738539144785, 1.4614546435, 0.314361466155, 4.64921181399, 
resistor:  1


0.606166666667 0.886085678269, 1.46178555667, 0.31435790258, 4.65029999406, 
resistor:  1


0.707035714286 1.0340767577, 1.46255236731, 0.314484838494, 4.65087259216, 
resistor:  1


0.80794047619 1.18204851199, 1.463039106, 0.314560728613, 4.6512917441, 
resistor:  1


0.908928571429 1.33144636985, 1.46485258765, 0.314977241681, 4.650999835, 
resistor:  1


1.01005952381 1.47966140125, 1.46492495379, 0.314957576592, 4.65150343089, 
resistor:  1


1.11097619048 1.62779325973, 1.46519184991, 0.314999512148, 4.65171864619, 
resistor:  1


1.21207142857 1.7750911312, 1.46451033277, 0.314822413413, 4.65215573481, 
resistor:  1


1.31327380952 1.92429834421, 1.46526819484, 0.314994818637, 4.65204617353, 
resistor:  1


1.41445238095 2.10052736859, 1.48504636627, 0.319837577504, 4.6464384869, 
resistor:  1


1.51563095238 2.2500419122, 1.48455790551, 0.319714044907, 4.64646157041, 
resistor:  1


1.61673809524 2.39772454182, 1.48306305696, 0.319380901255, 4.64652205153, 
resistor:  1


1.71783333333 2.5461481807, 1.48218580423, 0.319188208549, 4.64635276057, 
resistor:  1


1.81886904762 2.69412904799, 1.48121111386, 0.318967606261, 4.64636673496, 
resistor:  1


1.9200952381 2.84278196418, 1.48054216675, 0.31882120415, 4.6463130491, 
resistor:  1


2.02136904762 2.99101414051, 1.47969721018, 0.318626179961, 4.64641471954, 
resistor:  1


2.12253571429 3.13924355599, 1.47900623526, 0.318469143182, 4.64640099969, 
resistor:  1


2.22366666667 3.28643148402, 1.47793351103, 0.318217918572, 4.64660336591, 
resistor:  1


2.32475 3.44036156544, 1.47988453186, 0.318707937285, 4.64567889434, 
resistor:  1


2.42579761905 3.59648604234, 1.48259937849, 0.319362192499, 4.64476066913, 
resistor:  1


2.52682142857 3.74420940447, 1.4817863115, 0.319154241471, 4.64515671046, 
resistor:  1


2.62802380952 3.89306219061, 1.48136488585, 0.319037551439, 4.64545961808, 
resistor:  1


2.72942857143 4.04131397408, 1.48064470944, 0.318853291444, 4.64585610838, 
resistor:  1


2.83080952381 4.1910809014, 1.48052380994, 0.318807107148, 4.64605600671, 
resistor:  1


2.93198809524 4.33970576938, 1.48012393926, 0.318701956775, 4.64627199416, 
resistor:  1


3.03319047619 4.48782593196, 1.4795727361, 0.318558134376, 4.64658482041, 
resistor:  1


3.13438095238 4.63565851267, 1.47897099399, 0.318408362616, 4.64685889804, 
resistor:  1


3.2355 4.78631523893, 1.47931239034, 0.318476231783, 4.64687644338, 
resistor:  1


3.33654761905 4.95175888308, 1.4840965718, 0.319624264033, 4.64545250346, 
resistor:  1


3.43780952381 5.10604794626, 1.4852620283, 0.319889845619, 4.64530220162, 
resistor:  1


3.53916666667 5.25468169602, 1.48472287149, 0.319773934108, 4.64524192103, 
resistor:  1


3.64051190476 5.40612701055, 1.48499088919, 0.319845835123, 4.6450393577, 
resistor:  1


3.74180952381 5.58627892533, 1.49293514001, 0.321779403991, 4.64243187147, 
resistor:  1


3.843 5.76073200718, 1.49901951787, 0.323222182326, 4.64080405098, 
resistor:  1


3.94427380952 5.93058771627, 1.50359432501, 0.324305506987, 4.63954258101, 
resistor:  1


4.04571428571 6.10039352629, 1.5078656315, 0.32531665177, 4.63833984547, 
resistor:  1


4.14695238095 6.28291818624, 1.51506880453, 0.327045551147, 4.63629205338, 
resistor:  1


4.24826190476 6.46076971667, 1.52080306288, 0.328428063477, 4.63452138038, 
resistor:  1


4.34960714286 6.6421059511, 1.52705882002, 0.329926120185, 4.63282511036, 
resistor:  1


4.45078571429 6.82853591286, 1.53423156072, 0.331650335615, 4.63088284833, 
resistor:  1


4.55219047619 7.00668408852, 1.53918956713, 0.332825480312, 4.62961252469, 
resistor:  1


4.65357142857 7.18491986194, 1.54395822052, 0.333948987163, 4.62846141192, 
resistor:  1


4.755 7.36803400429, 1.54953396515, 0.33527469176, 4.6270453828, 
resistor:  1


4.85620238095 7.55100490467, 1.55491973199, 0.336549447582, 4.62572086185, 
resistor:  1


4.9573452381 7.73334391918, 1.55997687225, 0.337759035996, 4.62433243046, 
resistor:  1


5.05853571429 7.91783098705, 1.56524168935, 0.339008158505, 4.62302024066, 
resistor:  1


5.15969047619 8.0980673573, 1.56948704475, 0.340020372545, 4.6218673421, 
resistor:  1


5.26073809524 8.27946463608, 1.57382186419, 0.341054899474, 4.62070589689, 
resistor:  1


5.36186904762 8.47187779502, 1.58002325677, 0.342543838625, 4.61905667454, 
resistor:  1


5.46305952381 8.65438291351, 1.58416412558, 0.34351505421, 4.61813794689, 
resistor:  1


5.56425 8.83590494975, 1.58797770585, 0.34443343078, 4.61701795124, 
resistor:  1


5.66542857143 9.01607453041, 1.59141968109, 0.345258931639, 4.61603819283, 
resistor:  1


5.7666547619 9.19750330333, 1.59494606199, 0.34610735981, 4.61501889777, 
resistor:  1


5.868 9.37945288425, 1.59840710366, 0.346937446769, 4.61404104527, 
resistor:  1


5.96919047619 9.55794873107, 1.60121355973, 0.347614983139, 4.6131672487, 
resistor:  1


6.07035714286 9.73917247828, 1.60438212268, 0.34837023227, 4.61231531667, 
resistor:  1


6.1716547619 9.92008121324, 1.60736165517, 0.349092463848, 4.61137708131, 
resistor:  1


6.27273809524 10.1000616016, 1.61015197003, 0.349760178112, 4.61059225863, 
resistor:  1


6.37388095238 10.295304068, 1.61523319073, 0.350985271574, 4.60921156441, 
resistor:  1


6.47492857143 10.475506833, 1.61785674041, 0.351596144107, 4.60867646732, 
resistor:  1


6.57598809524 10.6568797804, 1.62057467654, 0.352227450273, 4.6081656411, 
resistor:  1


6.67727380952 10.839867097, 1.62339712377, 0.352882078226, 4.60761923468, 
resistor:  1


6.77861904762 11.0194739063, 1.62562224383, 0.353398032403, 4.60717686012, 
resistor:  1


6.87983333333 11.2022582531, 1.62827465584, 0.354014291941, 4.60666993729, 
resistor:  1


6.981 11.3834514608, 1.63063335637, 0.354565203867, 4.606177156, 
resistor:  1


7.0821547619 11.564401076, 1.63289301982, 0.355087840869, 4.60576469029, 
resistor:  1


7.1834047619 11.7461811384, 1.63518297071, 0.355623277422, 4.60528729471, 
resistor:  1


7.28476190476 11.9282015372, 1.63741817415, 0.356145284143, 4.60481923055, 
resistor:  1


7.386 12.1219146626, 1.64120155193, 0.357045902121, 4.60393672059, 
resistor:  1


7.48726190476 12.3032758257, 1.64322765548, 0.357519051765, 4.60350859654, 
resistor:  1


7.58836904762 12.4838335689, 1.64512736407, 0.357977494959, 4.60292770319, 
resistor:  1


7.68954761905 12.6640095863, 1.64691217399, 0.358408063396, 4.6023796043, 
resistor:  1


7.79066666667 12.8444869821, 1.64870190597, 0.35884092649, 4.60182618408, 
resistor:  1


7.89207142857 13.0239581959, 1.6502585302, 0.359221303811, 4.60128601249, 
resistor:  1


7.9934047619 13.2046412134, 1.65194202054, 0.359630514748, 4.60073143302, 
resistor:  1


8.09453571429 13.3851530829, 1.65360356114, 0.360033831003, 4.60019618416, 
resistor:  1


8.19571428571 13.5643433095, 1.65505321887, 0.360386720537, 4.59970383959, 
resistor:  1


8.29688095238 13.7636129212, 1.65889000942, 0.361309833352, 4.59875395415, 
resistor:  1


8.39814285714 13.9811733445, 1.66479346474, 0.362745131108, 4.59729064124, 
resistor:  1


8.49925 14.1851188284, 1.66898477258, 0.363753195775, 4.59625004621, 
resistor:  1


8.6003452381 14.390239942, 1.67321654464, 0.364773575906, 4.59519444139, 
resistor:  1


8.70170238095 14.5953541712, 1.67729870917, 0.365756042596, 4.59419576006, 
resistor:  1


8.80303571429 14.8008704449, 1.6813370893, 0.366732195687, 4.59316325228, 
resistor:  1


8.90419047619 15.0045684409, 1.68511314769, 0.367640284759, 4.59223841736, 
resistor:  1


9.00533333333 15.1883225209, 1.68659192933, 0.367989600429, 4.59188486333, 
resistor:  1


9.10657142857 15.3685619771, 1.68763426474, 0.368233138908, 4.59163445289, 
resistor:  1


9.20796428571 15.5507404006, 1.68883587274, 0.368503801315, 4.59148008108, 
resistor:  1


9.30910714286 15.7343152854, 1.69020670231, 0.36882207766, 4.59121068273, 
resistor:  1


9.41027380952 15.9260081974, 1.69240646125, 0.369341802331, 4.59071601199, 
resistor:  1


9.51142857143 16.1060988937, 1.69334172809, 0.369558183207, 4.59051520822, 
resistor:  1


9.61248809524 16.2871760751, 1.69437672263, 0.369798743585, 4.59029769827, 
resistor:  1


9.71357142857 16.4682878367, 1.69538958537, 0.370039314199, 4.5900241419, 
resistor:  1


9.81469047619 16.6474033998, 1.69617202297, 0.370221465599, 4.58983819517, 
resistor:  1


9.91583333333 16.8287306141, 1.69715747012, 0.370453972365, 4.58958668351, 
resistor:  1


10.0169166667 17.0093921958, 1.69806665682, 0.370667585349, 4.58937255933, 
resistor:  1


10.1179642857 17.1898934927, 1.69894783252, 0.370874328445, 4.58915776629, 
resistor:  1


10.2192261905 17.3705968143, 1.69979570768, 0.371070977174, 4.5889755614, 
resistor:  1


10.3205952381 17.5541688707, 1.70088725172, 0.371329945022, 4.58869750817, 
resistor:  1


10.42175 17.7526006813, 1.70341839723, 0.371936719658, 4.58808185032, 
resistor:  1


10.5229166667 17.9336360823, 1.70424575717, 0.372126607377, 4.58793577717, 
resistor:  1


10.6241190476 18.1148821466, 1.70507145726, 0.372309522197, 4.58785721394, 
resistor:  1


10.7252857143 18.2974274991, 1.70600839796, 0.372522096065, 4.58771436716, 
resistor:  1


10.8263095238 18.4786180709, 1.7068252141, 0.372706913965, 4.58759029829, 
resistor:  1


10.9273928571 18.6595078708, 1.70759010083, 0.372879861291, 4.58747440811, 
resistor:  1


11.0284761905 18.8394902821, 1.7082586893, 0.373030248838, 4.58738288401, 
resistor:  1


11.129547619 19.0211428001, 1.70906702151, 0.373216235967, 4.58723314365, 
resistor:  1


11.2306071429 19.2020508633, 1.70979632882, 0.373379634253, 4.58714619473, 
resistor:  1


11.3317380952 19.3842182082, 1.7106129744, 0.373566729923, 4.58701144882, 
resistor:  1


11.4328809524 19.5775913932, 1.71239353184, 0.373985917672, 4.58664118769, 
resistor:  1


11.5339166667 19.757662526, 1.71300548608, 0.374130556382, 4.58646971673, 
resistor:  1


11.6350238095 19.938868421, 1.71369382198, 0.3742875293, 4.58634785695, 
resistor:  1


11.736297619 20.119081494, 1.71426135797, 0.374425263288, 4.58615082244, 
resistor:  1


11.8376666667 20.3005840647, 1.71491431854, 0.374583101925, 4.58593530599, 
resistor:  1


11.9388214286 20.4817454931, 1.71555840882, 0.374740708922, 4.5857044743, 
resistor:  1


12.0399642857 20.6631939454, 1.71621721253, 0.374899117307, 4.58550235599, 
resistor:  1


12.1411428571 20.8424384108, 1.71667845902, 0.375012473326, 4.58532295437, 
resistor:  1


12.2421785714 21.0231549388, 1.71727236424, 0.375158164032, 4.58510145862, 
resistor:  1


12.3432738095 21.2035959544, 1.71782594161, 0.37529677908, 4.58486773205, 
resistor:  1


12.4443214286 21.3963076621, 1.71936314767, 0.375663428874, 4.58449831883, 
resistor:  1


12.5453809524 21.5779463825, 1.71999132306, 0.375808624576, 4.58437408229, 
resistor:  1


12.6464642857 21.759129859, 1.72057022164, 0.375939086985, 4.58429379083, 
resistor:  1


12.7475119048 21.9400927418, 1.72112745654, 0.37607103085, 4.58414034177, 
resistor:  1


12.8485833333 22.1215168096, 1.7217086301, 0.376206580722, 4.58399898524, 
resistor:  1


12.949702381 22.3005689803, 1.7220912361, 0.37629788947, 4.58386928063, 
resistor:  1


13.05075 22.4821317888, 1.72266971544, 0.376433920781, 4.5837195865, 
resistor:  1


13.1518095238 22.6614973943, 1.72307068113, 0.376527954103, 4.5836078778, 
resistor:  1


13.2530595238 22.8407202631, 1.72342999155, 0.376612498808, 4.58349734509, 
resistor:  1


13.3544404762 23.0237822096, 1.72405442599, 0.376762290971, 4.58330312748, 
resistor:  1


13.4556071429 23.2176557066, 1.72550041482, 0.377103421851, 4.58299780211, 
resistor:  1


13.5567619048 23.3980746695, 1.72593387963, 0.377215324821, 4.5827698849, 
resistor:  1


13.6580119048 23.5792373261, 1.72640333677, 0.377331770761, 4.58257542296, 
resistor:  1


13.7593452381 23.7583061515, 1.7267032508, 0.37740705164, 4.58243354988, 
resistor:  1


13.8604880952 23.9388430348, 1.72712842941, 0.37751143589, 4.58226787337, 
resistor:  1


13.9616666667 24.1196173905, 1.72756003752, 0.377617781125, 4.58209946982, 
resistor:  1


14.0628571429 24.2997212714, 1.72793629521, 0.377710211117, 4.58195490032, 
resistor:  1


14.1640357143 24.4803598397, 1.72834637906, 0.377810860449, 4.58179535034, 
resistor:  1


14.2651547619 24.6618339662, 1.72881643261, 0.377925582227, 4.5816301943, 
resistor:  1


14.3664880952 24.8450311806, 1.72937401374, 0.378061183744, 4.58146326519, 
resistor:  1


14.4676547619 25.0441657546, 1.73104529841, 0.378462127382, 4.58107245399, 
resistor:  1


14.568797619 25.2255906755, 1.73148061598, 0.378560658407, 4.58101138262, 
resistor:  1


14.6698809524 25.4059873123, 1.73184686329, 0.378643045615, 4.58096531397, 
resistor:  1


14.7711190476 25.5887052486, 1.73234710018, 0.378760599278, 4.58084600979, 
resistor:  1


14.8724761905 25.7704329595, 1.73276007502, 0.378857362857, 4.58074771773, 
resistor:  1


14.9736547619 25.9515539835, 1.73314761133, 0.378947821728, 4.58065547987, 
resistor:  1


15.0749047619 26.1328198938, 1.73353134275, 0.379036860025, 4.58057317699, 
resistor:  1


15.1759761905 26.3145372876, 1.73396010624, 0.379139816743, 4.58044369455, 
resistor:  1


15.2770357143 26.4944554853, 1.73426677667, 0.379211347789, 4.58036577303, 
resistor:  1


15.3781071429 26.6757324009, 1.73465642768, 0.379302830941, 4.58027245229, 
resistor:  1


15.4791547619 26.8692213347, 1.73583259215, 0.379583451345, 4.57999402678, 
resistor:  1


15.5802261905 27.0508406514, 1.73622900725, 0.379677369408, 4.57988306867, 
resistor:  1


15.681297619 27.2312078411, 1.73654046385, 0.379751550028, 4.57978332483, 
resistor:  1


15.7823571429 27.411639742, 1.73685334161, 0.379827496482, 4.57966319722, 
resistor:  1


15.8835952381 27.5918153937, 1.73712657494, 0.379894707526, 4.57954300985, 
resistor:  1


15.9846309524 27.7721658433, 1.73742927979, 0.379969810711, 4.57941180575, 
resistor:  1


16.0857142857 27.9525589774, 1.73772569131, 0.38004364263, 4.57928039009, 
resistor:  1


16.186952381 28.1338380814, 1.73805651733, 0.380124355262, 4.5791552327, 
resistor:  1


16.2883452381 28.3146554289, 1.73833836495, 0.380193904836, 4.57903633395, 
resistor:  1


16.3895 28.4956332311, 1.73865177285, 0.380269781557, 4.57892722528, 
resistor:  1


16.4906071429 28.6909800384, 1.73983770215, 0.380552892623, 4.57864472281, 
resistor:  1


16.5917857143 28.8716471845, 1.74011692784, 0.380613899976, 4.57862288459, 
resistor:  1


16.6929166667 29.0528276443, 1.7404284838, 0.380684650331, 4.57857193489, 
resistor:  1


16.7940833333 29.2345371678, 1.74076408861, 0.380760383672, 4.57851480074, 
resistor:  1


16.8951190476 29.4158012179, 1.74108280238, 0.38083442335, 4.57844078347, 
resistor:  1


16.9961785714 29.5956148595, 1.74130995007, 0.380886940159, 4.57837973697, 
resistor:  1


17.0972857143 29.7764876124, 1.74159150815, 0.380953543993, 4.57829501474, 
resistor:  1


17.1983333333 29.9571172004, 1.74186164553, 0.381017286831, 4.57821586264, 
resistor:  1


17.2993809524 30.1369760283, 1.74208407291, 0.381068991239, 4.57815313497, 
resistor:  1


17.4006071429 30.3198155959, 1.74245733767, 0.381155318634, 4.5780738415, 
resistor:  1


17.501702381 30.5130941042, 1.74343577785, 0.381390421674, 4.57782930106, 
resistor:  1


17.602797619 30.6940075328, 1.74370052972, 0.381453480401, 4.57775277906, 
resistor:  1


17.7041309524 30.8755760063, 1.74397580369, 0.381522270955, 4.57763615828, 
resistor:  1


17.8055 31.0554141102, 1.74414726406, 0.381561798401, 4.57759441085, 
resistor:  1


17.9066785714 31.2371071435, 1.74443892645, 0.381634429686, 4.57747537725, 
resistor:  1


18.0078333333 31.4184289852, 1.74470900544, 0.381701325529, 4.57736851233, 
resistor:  1


18.1091547619 31.5968464332, 1.74479962476, 0.381725539777, 4.57729576971, 
resistor:  1


18.2102857143 31.781092699, 1.74522757071, 0.381830455039, 4.57715990058, 
resistor:  1


18.3113452381 31.9862537122, 1.74679977338, 0.382208525128, 4.57679618683, 
resistor:  1


18.412702381 32.1896528763, 1.74823077082, 0.382551497417, 4.57647426225, 
resistor:  1


18.5138095238 32.4077944117, 1.75046601674, 0.383093617201, 4.57595083539, 
resistor:  1


18.6150119048 32.6113217647, 1.75188293897, 0.383428746916, 4.57567388596, 
resistor:  1


18.7161904762 32.8164212416, 1.75337076652, 0.38378316552, 4.57536291817, 
resistor:  1


18.8174047619 33.0220469603, 1.75486722947, 0.384142741943, 4.57502324475, 
resistor:  1


18.9186071429 33.2108775123, 1.75546102636, 0.384278499895, 4.5749500126, 
resistor:  1


19.0198809524 33.3935547572, 1.75571838966, 0.384333582386, 4.57494674954, 
resistor:  1


19.1209880952 33.5747579436, 1.75591124142, 0.38437590709, 4.57493211822, 
resistor:  1


19.2223214286 33.7556413372, 1.7560647637, 0.384408416591, 4.57492950279, 
resistor:  1


19.3236904762 33.9367612169, 1.75622566811, 0.384443300295, 4.57491607329, 
resistor:  1


19.4248571429 34.1215708314, 1.75659314148, 0.384525629814, 4.57488370885, 
resistor:  1


19.526202381 34.3172497025, 1.75749738904, 0.384745315882, 4.57464970661, 
resistor:  1


19.6273452381 34.4983640461, 1.75766837683, 0.384781928881, 4.57464244282, 
resistor:  1


19.7284880952 34.6799266909, 1.75786033494, 0.384828321379, 4.57457777141, 
resistor:  1


19.8295357143 34.8591514572, 1.75794087968, 0.384846000874, 4.57456042296, 
resistor:  1


19.9306428571 35.0402023794, 1.75810698283, 0.384883746683, 4.57453109065, 
resistor:  1


20.0318452381 35.2209300608, 1.75824691346, 0.38491477182, 4.5745126099, 
resistor:  1


20.1329880952 35.4027261964, 1.75844370587, 0.384960741399, 4.57446846862, 
resistor:  1


20.2340357143 35.5831578632, 1.75857937416, 0.384990653422, 4.57444825261, 
resistor:  1


20.33525 35.7638187882, 1.75871055375, 0.385020582751, 4.57441700923, 
resistor:  1


20.4363095238 35.9479934089, 1.75902568744, 0.385094402672, 4.57434976434, 
resistor:  1


20.5373690476 36.1392077695, 1.75968049684, 0.38524695827, 4.57423280401, 
resistor:  1


20.638452381 36.320401736, 1.75984134205, 0.38527898797, 4.57425985944, 
resistor:  1


20.7397261905 36.5020917684, 1.76000837394, 0.385314673314, 4.57425511372, 
resistor:  1


20.8411071429 36.683532345, 1.76015276413, 0.385344311467, 4.57426400599, 
resistor:  1


20.9422738095 36.8656141448, 1.76034438667, 0.38538625747, 4.57424971698, 
resistor:  1


21.0435595238 37.0457430594, 1.76043140503, 0.385401545241, 4.57428355173, 
resistor:  1


21.1447380952 37.2277372955, 1.7606147273, 0.385441559959, 4.57427085014, 
resistor:  1


21.2459047619 37.4094433229, 1.76078372478, 0.385476495759, 4.57427988748, 
resistor:  1


21.3469404762 37.5906596921, 1.76093898486, 0.385510039201, 4.57427279322, 
resistor:  1


21.4480357143 37.7750364318, 1.7612352448, 0.385576330341, 4.5742460047, 
resistor:  1


21.5490714286 37.9651763454, 1.76180103497, 0.385711716595, 4.57411030627, 
resistor:  1


21.6501547619 38.144586263, 1.76186205976, 0.385724377417, 4.57410690792, 
resistor:  1


21.75125 38.3267921214, 1.76205009466, 0.385768801227, 4.5740568151, 
resistor:  1


21.8523928571 38.5077448274, 1.76217520338, 0.385796959028, 4.57403512911, 
resistor:  1


21.9534880952 38.6876326957, 1.76225447764, 0.385816554544, 4.57399769896, 
resistor:  1


22.0545595238 38.8686785568, 1.76238743353, 0.385845286952, 4.57398956909, 
resistor:  1


22.1556309524 39.0485205982, 1.76246484165, 0.385864326526, 4.57395654159, 
resistor:  1


22.2568809524 39.2281382118, 1.76251732198, 0.385875589931, 4.57395182082, 
resistor:  1


22.35825 39.4104344271, 1.76267974583, 0.385913959301, 4.57390499569, 
resistor:  1


22.4594166667 39.5978870465, 1.76308617602, 0.386007926559, 4.57383991043, 
resistor:  1


22.56075 39.7868643528, 1.76354351486, 0.386113044754, 4.57377334653, 
resistor:  1


22.661952381 39.9687242825, 1.76369288977, 0.386145202854, 4.57376636361, 
resistor:  1


22.7630595238 40.1492919895, 1.76379154777, 0.386164237167, 4.57378313329, 
resistor:  1


22.8640595238 40.3298605179, 1.76389763489, 0.386186548528, 4.57377873931, 
resistor:  1


22.9653690476 40.5132174769, 1.76410043283, 0.386231830659, 4.57376053169, 
resistor:  1


23.0665595238 40.6933340271, 1.76417007422, 0.386243463301, 4.57378691368, 
resistor:  1


23.1677619048 40.8741975404, 1.7642704422, 0.386263334446, 4.57380075359, 
resistor:  1


23.2690952381 41.075192559, 1.76522516835, 0.386490455026, 4.57361227076, 
resistor:  1


23.3704404762 41.2826709537, 1.76644813331, 0.386786336534, 4.57331853616, 
resistor:  1


23.4718452381 41.4917560563, 1.76772450719, 0.387097306723, 4.57299606677, 
resistor:  1


23.5731666667 41.7042095438, 1.76913904413, 0.38744077018, 4.57265938986, 
resistor:  1


23.6745595238 41.9136296495, 1.77040800305, 0.387741157408, 4.57242083775, 
resistor:  1


23.7759285714 42.1178981394, 1.77145123955, 0.387989291367, 4.57220321883, 
resistor:  1


23.8771547619 42.3179884333, 1.77232123573, 0.388196946252, 4.57201088545, 
resistor:  1


23.9783690476 42.4980204494, 1.77234825125, 0.388201505547, 4.57200917385, 
resistor:  1


24.0795119048 42.678293553, 1.77239030931, 0.388208654447, 4.5720165379, 
resistor:  1


24.1806309524 42.8605403077, 1.77251538192, 0.388236983947, 4.57198943881, 
resistor:  1


24.281702381 43.0393132794, 1.77249982741, 0.388232897908, 4.57198228986, 
resistor:  1


24.3828095238 43.2241825708, 1.77273183095, 0.388288194509, 4.57192057711, 
resistor:  1


24.4838690476 43.4120865665, 1.77308931371, 0.388370226117, 4.57186699313, 
resistor:  1


24.5849285714 43.6025085401, 1.77354627708, 0.388476179608, 4.57179694939, 
resistor:  1


24.6861309524 43.7838844065, 1.77362278807, 0.388489569833, 4.57182158572, 
resistor:  1


24.7871785714 43.9642993525, 1.77367098179, 0.388496509792, 4.57184709982, 
resistor:  1


24.8882380952 44.1444839077, 1.77370867872, 0.388501920982, 4.57186462568, 
resistor:  1


24.9893333333 44.3265880315, 1.77382035128, 0.388526104983, 4.5718519096, 
resistor:  1


25.0903690476 44.5069957178, 1.77386771926, 0.388532890278, 4.57187930985, 
resistor:  1


25.1916190476 44.6878632696, 1.77391787265, 0.388540967844, 4.57189579273, 
resistor:  1


25.2929047619 44.8680594809, 1.77393857697, 0.388542483378, 4.57191387126, 
resistor:  1


25.3940714286 45.0499549333, 1.77403434735, 0.38856118714, 4.57192454561, 
resistor:  1


25.4954047619 45.2372247763, 1.77432855837, 0.388630509486, 4.57185497463, 
resistor:  1


25.5965833333 45.4258109867, 1.77468259709, 0.38871387679, 4.57178040613, 
resistor:  1


25.69775 45.6073067647, 1.77475875377, 0.388731150314, 4.57176409263, 
resistor:  1


25.7989404762 45.7875846234, 1.77478546709, 0.388735680695, 4.57177007331, 
resistor:  1


25.9000714286 45.9680055531, 1.77482157452, 0.388744958086, 4.5717484267, 
resistor:  1


26.0011666667 46.1485952771, 1.77486633076, 0.388754642023, 4.57173844263, 
resistor:  1


26.10225 46.3295434572, 1.77492528258, 0.388767257477, 4.57173186963, 
resistor:  1


26.2034166667 46.5101143258, 1.77496373536, 0.388775485029, 4.57172439517, 
resistor:  1


26.304547619 46.6912885122, 1.7750272382, 0.388790030479, 4.57170658372, 
resistor:  1


26.4059404762 46.8740185621, 1.77513156952, 0.388813516735, 4.57168841493, 
resistor:  1


26.5072380952 47.0587830745, 1.77531823215, 0.388855286603, 4.57166855518, 
resistor:  1


26.6084285714 47.2499736892, 1.77575212916, 0.388955983938, 4.57159802801, 
resistor:  1


26.7098333333 47.4315039988, 1.77580681268, 0.388965719451, 4.57161512052, 
resistor:  1


26.8111904762 47.6130214502, 1.77586375706, 0.388974593765, 4.5716461131, 
resistor:  1


26.9125119048 47.7932694914, 1.77587546122, 0.388974935993, 4.57166093711, 
resistor:  1


27.0136547619 47.9740420921, 1.77591823524, 0.388982448538, 4.57167361707, 
resistor:  1


27.1148095238 48.1556724865, 1.77599154603, 0.388997043793, 4.57167923469, 
resistor:  1


27.2159285714 48.3351753465, 1.77598847012, 0.38899215189, 4.57171722022, 
resistor:  1


27.3171190476 48.5167820764, 1.77605778969, 0.389006753487, 4.57171525394, 
resistor:  1


27.4184880952 48.7003168174, 1.77618534794, 0.389033321717, 4.57172322763, 
resistor:  1


27.52 48.8854250584, 1.77635992218, 0.389076478521, 4.57165996957, 
resistor:  1


27.6213809524 49.0765650663, 1.77676000888, 0.389171373854, 4.57157272119, 
resistor:  1


27.722547619 49.2555540349, 1.7767325973, 0.389164275168, 4.57157624567, 
resistor:  1


27.8237142857 49.4372364868, 1.77680219036, 0.38918186587, 4.57154178088, 
resistor:  1


27.9251071429 49.6202656516, 1.77690511258, 0.3892061578, 4.57151530527, 
resistor:  1


28.0264404762 49.8010288499, 1.77693021317, 0.389210989231, 4.57151500018, 
resistor:  1


28.1276666667 49.9815033815, 1.77695163889, 0.389216848089, 4.5714960578, 
resistor:  1


28.2290595238 50.172893647, 1.77734910385, 0.389310457707, 4.57141795174, 
resistor:  1


28.3304404762 50.3763016838, 1.77816867077, 0.389507137476, 4.571231453, 
resistor:  1


28.431702381 50.5833839956, 1.77911907341, 0.389735778329, 4.57101859347, 
resistor:  1


28.5328214286 50.7931712839, 1.78016644484, 0.389990224535, 4.57076184803, 
resistor:  1


28.6340238095 51.0060988781, 1.78131090542, 0.390265376417, 4.57051645259, 
resistor:  1


28.7352142857 51.2109969133, 1.78216861041, 0.390470375035, 4.57033391532, 
resistor:  1


28.8363452381 51.4156055424, 1.78301394015, 0.390672104422, 4.57015534207, 
resistor:  1


28.9376904762 51.618249736, 1.78377226678, 0.390854014743, 4.56998886853, 
resistor:  1


29.039 51.8245872995, 1.78465468162, 0.391066218545, 4.56978746968, 
resistor:  1


29.1402738095 52.0277858934, 1.78542542989, 0.391250957292, 4.56961472314, 
resistor:  1


29.2415595238 52.2333358779, 1.78627052485, 0.391452891278, 4.56943789389, 
resistor:  1


29.3429404762 52.4400232049, 1.78714274554, 0.391661007285, 4.5692609552, 
resistor:  1


29.4442619048 52.6442873433, 1.78793027699, 0.391848439241, 4.5691007846, 
resistor:  1


29.5454166667 52.853825896, 1.7889010161, 0.392083801596, 4.56887275995, 
resistor:  1


29.6466428571 53.0472188413, 1.78931621691, 0.39218318391, 4.56877654158, 
resistor:  1


29.7479404762 53.2284630437, 1.78931590529, 0.392181477995, 4.56878585714, 
resistor:  1


29.8492738095 53.4095524471, 1.78930826887, 0.392179087742, 4.56878592614, 
resistor:  1


29.9504642857 53.5893420886, 1.78926582164, 0.392168483761, 4.5687931275, 
resistor:  1


30.0516666667 53.7710138426, 1.7892855807, 0.392173125652, 4.56878182202, 
resistor:  1


30.1528095238 53.9523423353, 1.78929735528, 0.392176328879, 4.56876546415, 
resistor:  1


30.2539642857 54.132293706, 1.78926282833, 0.39216661214, 4.5687806114, 
resistor:  1


30.3550714286 54.31319992, 1.78926279412, 0.392165850085, 4.56878186477, 
resistor:  1


30.4562142857 54.4953725442, 1.78930224331, 0.392173100532, 4.56879048816, 
resistor:  1


30.5572619048 54.6791140093, 1.78939834923, 0.392193021886, 4.56879479242, 
resistor:  1


30.6583452381 54.871489624, 1.7897733618, 0.392280479764, 4.56872984766, 
resistor:  1


30.7594166667 55.0520811796, 1.78976349832, 0.392274541737, 4.56876634177, 
resistor:  1


30.8604880952 55.237294382, 1.7899034588, 0.392307616335, 4.56873730139, 
resistor:  1


30.9617380952 55.4203562914, 1.78996269915, 0.392320417563, 4.56873148813, 
resistor:  1


31.0631309524 55.6019177906, 1.78996501917, 0.392319821353, 4.56873666273, 
resistor:  1


31.1645595238 55.7837812462, 1.7899749619, 0.392322557392, 4.56872266048, 
resistor:  1


31.2660238095 55.9683493474, 1.79006929977, 0.392345010492, 4.56869761098, 
resistor:  1


31.3674642857 56.1505110585, 1.79008767005, 0.392349174988, 4.56868988267, 
resistor:  1


31.4688452381 56.3347715131, 1.79017600064, 0.392369552385, 4.56867053448, 
resistor:  1


31.5700952381 56.5185799532, 1.79025687211, 0.392387746706, 4.56866027262, 
resistor:  1


31.6712380952 56.7091360847, 1.7905563374, 0.392459485818, 4.56858284467, 
resistor:  1


31.7725238095 56.8912376853, 1.79057974829, 0.392463754658, 4.56858469765, 
resistor:  1


31.8736428571 57.070075333, 1.79050997054, 0.39244664389, 4.56859755095, 
resistor:  1


31.9748333333 57.2508459719, 1.79049708798, 0.392443031332, 4.56859838664, 
resistor:  1


32.0760714286 57.4323672747, 1.79050503122, 0.392445091859, 4.56858637226, 
resistor:  1


32.1773571429 57.6128138849, 1.79047687568, 0.392437627688, 4.56859558523, 
resistor:  1


32.2785238095 57.7949172815, 1.79050682809, 0.392443833736, 4.5685907993, 
resistor:  1


32.3797261905 57.9761221808, 1.79050686963, 0.392443072063, 4.56859477048, 
resistor:  1


32.4808452381 58.1564166788, 1.7904834758, 0.392436140562, 4.56861027121, 
resistor:  1


32.5821309524 58.3415248514, 1.79059880818, 0.392460740496, 4.56860805849, 
resistor:  1


32.6835 58.5339566641, 1.79093293754, 0.392538994012, 4.56854840686, 
resistor:  1


32.7849404762 58.7159834888, 1.79094372709, 0.392537889888, 4.5685805601, 
resistor:  1


32.8861190476 58.8982714633, 1.79097665425, 0.392543219471, 4.56859710074, 
resistor:  1


32.9872738095 59.0794250299, 1.79097628289, 0.392540141412, 4.56862200073, 
resistor:  1


33.0884166667 59.260134999, 1.79096315173, 0.392535501592, 4.56863489812, 
resistor:  1


33.1894642857 59.447491523, 1.79115550077, 0.392579428057, 4.56861006848, 
resistor:  1


33.2906547619 59.6502605799, 1.79180196384, 0.392735053848, 4.56846133119, 
resistor:  1


33.391797619 59.8558901864, 1.79253273122, 0.392908818669, 4.56831764748, 
resistor:  1


33.492952381 60.0605820222, 1.79323044858, 0.393079164284, 4.56813294689, 
resistor:  1


33.594 60.2690650428, 1.79404253863, 0.393275618356, 4.56794188953, 
resistor:  1


33.6951190476 60.4822094479, 1.7949842932, 0.393506902462, 4.56769628624, 
resistor:  1


33.796297619 60.6856878093, 1.79563124024, 0.393663279717, 4.56753961057, 
resistor:  1


33.8974404762 60.8863513502, 1.79619317845, 0.39379867264, 4.56740405012, 
resistor:  1


33.9987619048 61.0917238528, 1.79688084007, 0.393963782548, 4.56725053732, 
resistor:  1


34.0999285714 61.2959259575, 1.79753825082, 0.394122791753, 4.56709062097, 
resistor:  1


34.2012619048 61.5010675287, 1.79821047831, 0.394284729313, 4.56693376074, 
resistor:  1


34.3026666667 61.7048469286, 1.79883527797, 0.39443774436, 4.56676290366, 
resistor:  1


34.403952381 61.9205387907, 1.79980887385, 0.394674909914, 4.56652882651, 
resistor:  1


34.5050714286 62.1128767594, 1.80010862716, 0.394744238109, 4.5664878017, 
resistor:  1


34.6062261905 62.3006668584, 1.800273353, 0.394781007621, 4.56647246837, 
resistor:  1


34.7073690476 62.4891959939, 1.80045902956, 0.39482301492, 4.56645228353, 
resistor:  1


34.8085119048 62.6706596908, 1.80044064688, 0.39481541153, 4.56648616079, 
resistor:  1


34.9096785714 62.8523815211, 1.8004285371, 0.394810154734, 4.56650717511, 
resistor:  1


35.0107738095 63.0327235843, 1.80038076071, 0.394796726226, 4.5665325404, 
resistor:  1


35.1119761905 63.2134424795, 1.80033849808, 0.394784835456, 4.56655480944, 
resistor:  1


35.2131309524 63.3946634476, 1.80031317105, 0.394776933813, 4.56657561107, 
resistor:  1


35.3142380952 63.575630933, 1.80028323878, 0.394767786997, 4.56659693343, 
resistor:  1


35.4154166667 63.7608978493, 1.80037124649, 0.394785854804, 4.5666062633, 
resistor:  1


35.516452381 63.9422861681, 1.80035678908, 0.39478245672, 4.56659967316, 
resistor:  1


35.6175119048 64.1267948101, 1.80042881663, 0.394799146589, 4.56658415159, 
resistor:  1


35.718797619 64.3157958228, 1.80061480537, 0.394843074506, 4.56654405274, 
resistor:  1


35.8201428571 64.4969960115, 1.80057897225, 0.394835226553, 4.56653706295, 
resistor:  1


35.921297619 64.6773960931, 1.80053061498, 0.394824051199, 4.56653593369, 
resistor:  1


36.0225 64.8586037083, 1.80050256668, 0.394817331991, 4.56653538169, 
resistor:  1


36.1236309524 65.0389366582, 1.80045402257, 0.394805812979, 4.56653916907, 
resistor:  1


36.2247857143 65.2183589661, 1.80037942751, 0.394788451684, 4.56654333446, 
resistor:  1


36.3259166667 65.4001337579, 1.80037118837, 0.39478910176, 4.56650885096, 
resistor:  1


36.4271428571 65.5822277484, 1.80036705062, 0.394787358198, 4.56650994394, 
resistor:  1


36.528547619 65.7632537543, 1.80032489767, 0.394775550267, 4.56652731818, 
resistor:  1


36.6297738095 65.9537171211, 1.80054939635, 0.394827321507, 4.56649292057, 
resistor:  1


36.7312142857 66.1395011964, 1.80063475936, 0.394844632508, 4.56650284478, 
resistor:  1


36.8324166667 66.3216322953, 1.80063211425, 0.394840821957, 4.56653249215, 
resistor:  1


36.9335833333 66.5037629762, 1.80063121349, 0.394838116572, 4.56655503407, 
resistor:  1


37.034702381 66.6843622195, 1.80059128148, 0.394826555846, 4.56657944265, 
resistor:  1


37.1358333333 66.8658056982, 1.80057372344, 0.394820413506, 4.56659904565, 
resistor:  1


37.2370595238 67.0485797022, 1.80058738686, 0.394821775902, 4.56661242797, 
resistor:  1


37.3385 67.2285797642, 1.8005163508, 0.394803422715, 4.56663742696, 
resistor:  1


37.4399166667 67.4141031788, 1.80059437042, 0.394820036982, 4.56663913771, 
resistor:  1


37.5412738095 67.5958659527, 1.80057465007, 0.394815382834, 4.56663803048, 
resistor:  1


37.642547619 67.7847723733, 1.80074879786, 0.39485655077, 4.56659814642, 
resistor:  1


37.7436666667 67.9712205338, 1.8008642651, 0.394882968671, 4.56657873245, 
resistor:  1


37.8448333333 68.1517701822, 1.80082098874, 0.394872315935, 4.56658149754, 
resistor:  1


37.9458571429 68.3319013189, 1.80077369347, 0.394859382239, 4.56660311464, 
resistor:  1


38.0469642857 68.5126219618, 1.80073819943, 0.394850829864, 4.56660174813, 
resistor:  1


38.14825 68.6968250405, 1.80078575139, 0.39486155382, 4.56658810997, 
resistor:  1


38.2495952381 68.9013694742, 1.80136205482, 0.395000047968, 4.56645652268, 
resistor:  1


38.3508571429 69.1074107469, 1.801978258, 0.395149699084, 4.56630010281, 
resistor:  1


38.452047619 69.3009640525, 1.80226979689, 0.39521875732, 4.56623928751, 
resistor:  1


38.5532142857 69.4821219137, 1.80223940341, 0.395209871152, 4.56625553311, 
resistor:  1


38.6544166667 69.674450705, 1.80249649881, 0.395271996626, 4.56618759264, 
resistor:  1


38.75575 69.8578740584, 1.8025163765, 0.3952760158, 4.56618393223, 
resistor:  1


38.8571071429 70.0406926094, 1.80251948123, 0.39527751336, 4.56616600912, 
resistor:  1


38.9583690476 70.2211887297, 1.80246736314, 0.395263949028, 4.56618260769, 
resistor:  1


39.0596547619 70.4033152753, 1.80245615852, 0.395260814241, 4.56618166028, 
resistor:  1


39.1609285714 70.585868594, 1.80245645772, 0.395260318005, 4.56617924165, 
resistor:  1


39.2622738095 70.7677908706, 1.80243740375, 0.395255471418, 4.56617762918, 
resistor:  1


39.3636190476 70.9494056663, 1.80241063659, 0.395246928385, 4.56619959068, 
resistor:  1


39.4649166667 71.1308512277, 1.80238189348, 0.395238991413, 4.56621082367, 
resistor:  1


39.5661666667 71.3123207543, 1.80235607243, 0.395232201019, 4.56621708211, 
resistor:  1


39.6674880952 71.5051924039, 1.80261458029, 0.39529387929, 4.56615777824, 
resistor:  1


39.7688214286 71.6881850941, 1.80262282157, 0.395294128529, 4.56616754787, 
resistor:  1


39.87 71.8684400769, 1.80256935232, 0.395280776415, 4.56617832724, 
resistor:  1


39.9711428571 72.0478116728, 1.80249566369, 0.395261856164, 4.56620002736, 
resistor:  1


40.0722261905 72.2284385865, 1.80245635077, 0.395251958566, 4.56620604852, 
resistor:  1


40.1735714286 72.4102711837, 1.80243549699, 0.395246595705, 4.56621127174, 
resistor:  1


40.275 72.5903425883, 1.80236728959, 0.395230009176, 4.56622477408, 
resistor:  1


40.3763095238 72.7744436279, 1.80240454083, 0.39523866471, 4.5662131916, 
resistor:  1


40.4773809524 72.9564536057, 1.80240054789, 0.39523587449, 4.56623011596, 
resistor:  1


40.5784404762 73.1363973531, 1.8023461842, 0.39522062321, 4.56626376943, 
resistor:  1


40.679547619 73.3326774191, 1.80269156643, 0.395302792341, 4.56619411831, 
resistor:  1


40.7807380952 73.5172896188, 1.80274543945, 0.395312515337, 4.56621606918, 
resistor:  1


40.8818571429 73.6987663155, 1.80272549894, 0.395305420534, 4.56623866475, 
resistor:  1


40.9829761905 73.8808707649, 1.80272097423, 0.395302993935, 4.56624920648, 
resistor:  1


41.0841071429 74.0617401317, 1.80268588713, 0.395292730457, 4.56627404217, 
resistor:  1


41.1855833333 74.2439478985, 1.80266835843, 0.395286133124, 4.5663016785, 
resistor:  1


41.2869404762 74.4264077817, 1.80266222014, 0.395283476991, 4.5663095118, 
resistor:  1


41.388297619 74.6066653793, 1.80260290157, 0.39526750152, 4.56633857143, 
resistor:  1


41.4894880952 74.7886700928, 1.80259322364, 0.395265507232, 4.56633137329, 
resistor:  1


41.5906785714 74.9706857569, 1.80258385609, 0.39526299929, 4.56633169034, 
resistor:  1


41.6920714286 75.1617591598, 1.80278303726, 0.395310273372, 4.56628511055, 
resistor:  1


41.7935 75.3488041698, 1.80288332324, 0.395332711829, 4.56627543461, 
resistor:  1


41.8946785714 75.5300124031, 1.80285456241, 0.395325193012, 4.56628410965, 
resistor:  1


41.9958690476 75.7114206681, 1.80283019223, 0.395318510326, 4.56629382949, 
resistor:  1


42.097 75.893283239, 1.80281928021, 0.395315398662, 4.56629560342, 
resistor:  1


42.1980952381 76.0742258546, 1.80278814542, 0.395307018161, 4.56630855383, 
resistor:  1


42.2994642857 76.2558000225, 1.8027604205, 0.395300048753, 4.56631454316, 
resistor:  1


42.4006547619 76.4381270994, 1.80275817741, 0.395298955066, 4.5663172526, 
resistor:  1


42.5018095238 76.6190161843, 1.80272362619, 0.395288941501, 4.56634228022, 
resistor:  1


42.6031547619 76.8017836383, 1.80272526923, 0.395285919186, 4.56637582091, 
resistor:  1


42.7044642857 76.9931816923, 1.80293051277, 0.395332645009, 4.56634941014, 
resistor:  1


42.8056666667 77.1797708194, 1.80302695483, 0.395353036265, 4.56635202689, 
resistor:  1


42.9068333333 77.3631367209, 1.8030493213, 0.395356051853, 4.56636798165, 
resistor:  1


43.0080357143 77.5451007236, 1.80303748906, 0.395351242744, 4.56638721627, 
resistor:  1


43.1091904762 77.7268285433, 1.8030222253, 0.395345851922, 4.56640473655, 
resistor:  1


43.2104642857 77.9216097008, 1.80330415303, 0.39541176086, 4.56635915252, 
resistor:  1


43.3119166667 78.1286452232, 1.80386025916, 0.395544741917, 4.56624614165, 
resistor:  1


43.4133095238 78.336239489, 1.80442911052, 0.395681378214, 4.56612069679, 
resistor:  1


43.5147142857 78.541451194, 1.80494006414, 0.395807870796, 4.56597012184, 
resistor:  1


43.6158452381 78.746355546, 1.80545292923, 0.39593400678, 4.5658271182, 
resistor:  1


43.7169880952 78.9577933117, 1.80611237764, 0.396096756175, 4.56564542054, 
resistor:  1


43.8180833333 79.1687792272, 1.80676043324, 0.396253900329, 4.56549445252, 
resistor:  1


43.9194047619 79.3744190159, 1.80727447119, 0.396378225251, 4.56537202904, 
resistor:  1


44.0207857143 79.583286788, 1.80785702701, 0.396518842154, 4.56523784515, 
resistor:  1


44.1221309524 79.7876867096, 1.80833710855, 0.396635860746, 4.56511311312, 
resistor:  1


44.2233095238 79.9942279988, 1.8088702284, 0.396765174805, 4.56498269046, 
resistor:  1


44.3244285714 80.200419898, 1.80939546166, 0.396892628711, 4.56485499025, 
resistor:  1


44.4255952381 80.4061663532, 1.80990633715, 0.397014721122, 4.56474699305, 
resistor:  1


44.5266666667 80.6104800668, 1.81038658632, 0.397129982358, 4.56464022837, 
resistor:  1


44.6277619048 80.8149255115, 1.81086664583, 0.397244247303, 4.56454391625, 
resistor:  1


44.7291428571 81.0187862105, 1.81131989203, 0.397352271179, 4.56445299283, 
resistor:  1


44.8304880952 81.2087760449, 1.81146312466, 0.397383355266, 4.56445087158, 
resistor:  1


44.9316666667 81.4004385706, 1.81164965846, 0.397426286875, 4.5644203573, 
resistor:  1


45.0329880952 81.5845067986, 1.81166096787, 0.397426191275, 4.56444394313, 
resistor:  1


45.1343095238 81.76638587, 1.81162372334, 0.397414868377, 4.56447405707, 
resistor:  1


45.2354761905 81.9481683666, 1.81159070862, 0.397404986276, 4.56449932345, 
resistor:  1


45.3367142857 82.1315698782, 1.81159069801, 0.397403846164, 4.56450791984, 
resistor:  1


45.437797619 82.3121747033, 1.81153530797, 0.397389584184, 4.5645261539, 
resistor:  1


45.5388571429 82.4933559832, 1.81149376947, 0.397379683611, 4.56452958916, 
resistor:  1


45.6399166667 82.67560789, 1.81147587306, 0.397374779015, 4.56453490935, 
resistor:  1


45.7409404762 82.8621614038, 1.81155351292, 0.397392496749, 4.56452419219, 
resistor:  1


45.842 83.0506437996, 1.81167147593, 0.397420563692, 4.56449868596, 
resistor:  1


45.9432619048 83.2309632612, 1.81160326478, 0.397402849725, 4.56452129095, 
resistor:  1


46.0448928571 83.4157509696, 1.81161787537, 0.397405325588, 4.56452324586, 
resistor:  1


46.14625 83.597789921, 1.81158360476, 0.397396283839, 4.56453048997, 
resistor:  1


46.2476309524 83.7783097248, 1.81151570361, 0.39737964274, 4.56454250956, 
resistor:  1


46.3489880952 83.9620038303, 1.81151751701, 0.397379532765, 4.56454134601, 
resistor:  1


46.450202381 84.1540456293, 1.81170460656, 0.397422771437, 4.5645132003, 
resistor:  1


46.5513333333 84.3350001145, 1.81165595216, 0.397408353456, 4.56454914103, 
resistor:  1


46.6524642857 84.517191023, 1.81163401156, 0.397401014104, 4.56457046667, 
resistor:  1


46.7538571429 84.7109428967, 1.81184929059, 0.397450527486, 4.56454189049, 
resistor:  1


46.8552619048 84.8945689965, 1.81184707001, 0.397447470917, 4.56456515767, 
resistor:  1


46.9565833333 85.0775469767, 1.81183427194, 0.397441724832, 4.56459351867, 
resistor:  1


47.0579761905 85.2601503711, 1.81181081876, 0.397433913993, 4.56461588809, 
resistor:  1


47.1594285714 85.4440449207, 1.81181255815, 0.397432496237, 4.56462935219, 
resistor:  1


47.2607738095 85.6269288443, 1.81179701351, 0.397428157325, 4.56463356228, 
resistor:  1


47.3621190476 85.8098315765, 1.81178193252, 0.397423074003, 4.56464674904, 
resistor:  1


47.4634642857 85.9913618988, 1.81173800086, 0.397411283838, 4.56466404594, 
resistor:  1


47.5647142857 86.1741869021, 1.81172510329, 0.397407259236, 4.56466990628, 
resistor:  1


47.6661666667 86.3565999212, 1.81169592523, 0.397400266519, 4.56467045421, 
resistor:  1


47.767547619 86.5488696381, 1.81187592732, 0.397442039402, 4.56463976537, 
resistor:  1


47.8688690476 86.7333822464, 1.81189537108, 0.397445649978, 4.56463869127, 
resistor:  1


47.9700714286 86.9144106412, 1.81184659628, 0.397432424442, 4.56466112845, 
resistor:  1


48.0713452381 87.0951974824, 1.81179030982, 0.397418706371, 4.5646702832, 
resistor:  1


48.1725 87.2788529121, 1.81179828558, 0.397419245334, 4.56467706148, 
resistor:  1


48.2736428571 87.4588752253, 1.81173141385, 0.397402950584, 4.5646915883, 
resistor:  1


48.3749285714 87.6404092732, 1.81169072206, 0.397392024602, 4.5647047829, 
resistor:  1


48.4760833333 87.8223110097, 1.81166267922, 0.397383336607, 4.56472599232, 
resistor:  1


48.5772261905 88.0019404623, 1.81158842041, 0.397363757243, 4.56475996057, 
resistor:  1


48.678547619 88.1847214096, 1.8115725658, 0.397358134531, 4.56477548142, 
resistor:  1


48.779797619 88.3783722037, 1.81178226474, 0.397405951316, 4.56475111994, 
resistor:  1


48.880952381 88.5685597521, 1.81192377476, 0.39743786608, 4.5647358188, 
resistor:  1


48.9823452381 88.7514470252, 1.81190685325, 0.397431062121, 4.56476760495, 
resistor:  1


49.0836309524 88.9343270215, 1.8118938085, 0.39742699505, 4.56477751425, 
resistor:  1


49.1850357143 89.1165694546, 1.81186346946, 0.397418573022, 4.56479397497, 
resistor:  1


49.2864404762 89.2985447074, 1.81182783428, 0.397409540593, 4.56480352674, 
resistor:  1


49.3875952381 89.4839212855, 1.81187038677, 0.39741838504, 4.56480409009, 
resistor:  1


49.4887738095 89.6582586478, 1.81168882852, 0.397375890385, 4.56482817624, 
resistor:  1


49.5899285714 89.8326560787, 1.8115100922, 0.397333817085, 4.56485534784, 
resistor:  1


49.6910833333 90.0076538672, 1.81134416538, 0.397295734366, 4.56486861089, 
resistor:  1


49.7921309524 90.1934319569, 1.81139931615, 0.397308980468, 4.56484981745, 
resistor:  1


49.8932261905 90.3680862824, 1.81122956326, 0.39726937988, 4.56487125843, 
resistor:  1


49.9943214286 90.5417878983, 1.81104144053, 0.397225569112, 4.56489573979, 
resistor:  1


50.0954880952 90.7160732461, 1.81086314747, 0.397183395877, 4.5649220408, 
resistor:  1


50.196547619 90.8903505115, 1.81068927691, 0.397142558823, 4.56494704663, 
resistor:  1


50.2977142857 91.0630338686, 1.81048055884, 0.397093385358, 4.56498097603, 
resistor:  1


50.3988571429 91.23815268, 1.81032185753, 0.397055325676, 4.5650126844, 
resistor:  1


50.5 91.412232793, 1.81014322362, 0.397011453476, 4.56506171267, 
resistor:  1


50.6021666667 91.5885673716, 1.80997323642, 0.396969873635, 4.56510547638, 
resistor:  1


50.7036190476 91.7640482194, 1.80981259214, 0.396931300652, 4.56513874559, 
resistor:  1


50.804952381 91.9453735305, 1.80977186714, 0.396921391236, 4.56514550272, 
resistor:  1


50.9062857143 92.1046725126, 1.8092986204, 0.396809183454, 4.5652569896, 
resistor:  1


51.007547619 92.253123341, 1.80861710957, 0.396647567245, 4.56542206499, 
resistor:  1


51.10875 92.4016354629, 1.80794160418, 0.396487790063, 4.56557938518, 
resistor:  1


51.2099761905 92.5498521813, 1.80726215996, 0.396326049024, 4.56575297369, 
resistor:  1


51.311047619 92.6983989715, 1.80659727823, 0.396167533518, 4.56592561222, 
resistor:  1


51.4121428571 92.8495435573, 1.80598470317, 0.396021320789, 4.56608649827, 
resistor:  1


51.51325 92.9978653131, 1.80531931713, 0.395863954008, 4.56624105874, 
resistor:  1


51.6144047619 93.1461472858, 1.80465410219, 0.395706717726, 4.56639433311, 
resistor:  1


51.7154642857 93.2938726993, 1.8039840498, 0.395548837981, 4.56654223761, 
resistor:  1


51.8165952381 93.4554899121, 1.80358222077, 0.395453013618, 4.56663817169, 
resistor:  1


51.91775 93.6034142949, 1.80291738943, 0.395295574875, 4.56679642236, 
resistor:  1


52.0188095238 93.7513876665, 1.80225938511, 0.395140087902, 4.5669476846, 
resistor:  1


52.1199166667 93.9013349097, 1.80164015822, 0.394992930983, 4.56710095389, 
resistor:  1


52.2212380952 94.0495432386, 1.8009826398, 0.394837032901, 4.56725999072, 
resistor:  1


52.3226190476 94.1977701254, 1.8003259745, 0.394681154021, 4.56742174479, 
resistor:  1


52.4240119048 94.3482097461, 1.79971364873, 0.394535387934, 4.56757867322, 
resistor:  1


52.525202381 94.4975480522, 1.79908965161, 0.394386205209, 4.56774399813, 
resistor:  1


52.6263928571 94.6459268381, 1.79844982146, 0.394233438861, 4.56791415481, 
resistor:  1


52.7277619048 94.7993583839, 1.79790218586, 0.394103292651, 4.56804773451, 
resistor:  1


52.8292380952 94.9613450486, 1.79751494575, 0.394010157073, 4.56815254391, 
resistor:  1


52.9305952381 95.1104759827, 1.79689035339, 0.393861534263, 4.56831038983, 
resistor:  1


53.0319285714 95.2589454902, 1.79625648277, 0.393710426008, 4.56847555017, 
resistor:  1


53.1331309524 95.4072903583, 1.79562710964, 0.393560093273, 4.56864373919, 
resistor:  1


53.234297619 95.5553785752, 1.79499651257, 0.393409757842, 4.56880824547, 
resistor:  1


53.3354761905 95.7041447165, 1.79438061779, 0.393262700853, 4.5689712344, 
resistor:  1


53.4364880952 95.8518188082, 1.79375221361, 0.393113760861, 4.56912282626, 
resistor:  1


53.5375952381 96.000596565, 1.79314360569, 0.392969542775, 4.5692678334, 
resistor:  1


53.6388571429 96.150106924, 1.7925457783, 0.392828139352, 4.56940786487, 
resistor:  1


53.7403571429 96.3064513956, 1.79206943377, 0.392715647206, 4.56951130021, 
resistor:  1


53.8418571429 96.4615861384, 1.79157241702, 0.392597740434, 4.56962862019, 
resistor:  1


53.9433452381 96.6101852451, 1.79095650851, 0.392452474406, 4.56976634407, 
resistor:  1


54.0446785714 96.7576624028, 1.79032728032, 0.392303441657, 4.5699174579, 
resistor:  1


54.1459404762 96.9064615415, 1.78972718341, 0.392161090856, 4.57006278477, 
resistor:  1


54.2471904762 97.0539448829, 1.78910546391, 0.392013937104, 4.5702103835, 
resistor:  1


54.3483928571 97.2050649774, 1.78855454352, 0.391883013874, 4.57034590291, 
resistor:  1


54.4495238095 97.3529199059, 1.78794804977, 0.391738572974, 4.57050278819, 
resistor:  1


54.5508452381 97.5022617059, 1.78736482048, 0.391599207934, 4.57065832334, 
resistor:  1


54.6521309524 97.6509249657, 1.78677250574, 0.391458568595, 4.57080416875, 
resistor:  1


54.7532619048 97.8128175174, 1.7864290476, 0.391375722622, 4.57089785657, 
resistor:  1


54.8543809524 97.9614048194, 1.78584468767, 0.391236518171, 4.57104824957, 
resistor:  1


54.9555 98.1098698111, 1.78526025259, 0.391097482588, 4.57119601244, 
resistor:  1


55.0566547619 98.2575445031, 1.78466245231, 0.390955372937, 4.57134877465, 
resistor:  1


55.1580952381 98.4065987761, 1.78408261473, 0.390816661519, 4.57150432798, 
resistor:  1


55.2596428571 98.5545540986, 1.78348156092, 0.390673637328, 4.57165829492, 
resistor:  1


55.3608333333 98.7048336358, 1.78293619681, 0.390543279558, 4.57180381785, 
resistor:  1


55.4619404762 98.8528908605, 1.7823554317, 0.390405907816, 4.57193972724, 
resistor:  1


55.5630357143 99.0006557197, 1.78177190009, 0.390267719227, 4.57207868829, 
resistor:  1


55.6644166667 99.1504576479, 1.78121794111, 0.390137673736, 4.57219410802, 
resistor:  1


55.765797619 99.312215122, 1.78088038479, 0.390057186873, 4.57227412096, 
resistor:  1


55.8673214286 99.4620644348, 1.78032634985, 0.389926211546, 4.57240178913, 
resistor:  1


55.9686309524 99.6105349578, 1.77975650401, 0.389791627027, 4.57253164201, 
resistor:  1


56.0700714286 99.7587909998, 1.77918073685, 0.389655412129, 4.57266712289, 
resistor:  1


56.171202381 99.9069987578, 1.77861599045, 0.389521627294, 4.57280168824, 
resistor:  1


56.2724047619 100.054622555, 1.77804063961, 0.38938556843, 4.57293624723, 
resistor:  1


56.3735952381 100.202819644, 1.77747789937, 0.389252295707, 4.57306998867, 
resistor:  1


56.4747380952 100.351009775, 1.77691855083, 0.389118954196, 4.57321608149, 
resistor:  1


56.5759404762 100.499815136, 1.77637020773, 0.388988306033, 4.57335708503, 
resistor:  1


56.6772261905 100.648009337, 1.77581042867, 0.388855845609, 4.57348887015, 
