time, energy_1, power_1, avg_current_1, avg_voltage_1, 
resistor:  1


0.000738095238095 0.00113206521443, 1.53376577439, 0.33806703629, 4.67672631048, 
resistor:  1


0.102154761905 0.154293141476, 1.51038618855, 0.323061396545, 4.67641594165, 
resistor:  1


0.203392857143 0.306102506922, 1.50498159681, 0.321913050785, 4.6757992551, 
resistor:  1


0.304535714286 0.45913959308, 1.50767076419, 0.32251931136, 4.67520690252, 
resistor:  1


0.405678571429 0.611421579179, 1.50715769143, 0.322443158371, 4.67461142115, 
resistor:  1


0.507011904762 0.766734933359, 1.51226218982, 0.323616656076, 4.67359631494, 
resistor:  1


0.608333333333 0.91911226785, 1.5108694814, 0.323300641741, 4.67379442308, 
resistor:  1


0.709488095238 1.07155753063, 1.51032489174, 0.323170658889, 4.67395494523, 
resistor:  1


0.810607142857 1.22346764231, 1.50932255297, 0.322955074597, 4.67391931874, 
resistor:  1


0.911619047619 1.37586379085, 1.50925300919, 0.322932597956, 4.67399446047, 
resistor:  1


1.01275 1.52727985535, 1.50805218993, 0.322663182399, 4.67420584258, 
resistor:  1


1.1138452381 1.6802691639, 1.50853018574, 0.322723926659, 4.6747277267, 
resistor:  1


1.21498809524 1.86055220332, 1.53133369011, 0.328170403999, 4.66905982481, 
resistor:  1


1.3161547619 2.01409024195, 1.53028374797, 0.327848717884, 4.67025637617, 
resistor:  1


1.41722619048 2.16668248166, 1.52881910892, 0.327469432372, 4.67102665711, 
resistor:  1


1.51830952381 2.31909520582, 1.5274192577, 0.327109135488, 4.67175527848, 
resistor:  1


1.61939285714 2.47188680001, 1.52642812342, 0.326854142057, 4.67223677158, 
resistor:  1


1.72045238095 2.62481204848, 1.52565225143, 0.326648035544, 4.67269592323, 
resistor:  1


1.82147619048 2.77748351132, 1.52485304274, 0.326442657996, 4.67309086036, 
resistor:  1


1.92258333333 2.9300970973, 1.52404166129, 0.326232637061, 4.67352055954, 
resistor:  1


2.02388095238 3.08329430377, 1.52345635752, 0.326084810058, 4.67376162057, 
resistor:  1


2.12523809524 3.23611711429, 1.52270803048, 0.325918404735, 4.67377346551, 
resistor:  1


2.22636904762 3.40244485364, 1.52824836353, 0.327248786653, 4.67195639544, 
resistor:  1


2.3275 3.55522960142, 1.52748855056, 0.327078657561, 4.67198855517, 
resistor:  1


2.42851190476 3.70725626198, 1.5265546999, 0.326903893554, 4.67154927731, 
resistor:  1


2.52958333333 3.85973156527, 1.52583688958, 0.326760575103, 4.67133361528, 
resistor:  1


2.63066666667 4.01166172149, 1.524960107, 0.326557649802, 4.67149624926, 
resistor:  1


2.7318452381 4.16455623087, 1.52444808102, 0.326440049553, 4.67155715066, 
resistor:  1


2.83326190476 4.3166938366, 1.52357741067, 0.32623802934, 4.6717312673, 
resistor:  1


2.93436904762 4.46933685273, 1.52309978063, 0.326128035134, 4.67179412131, 
resistor:  1


3.03552380952 4.62215776745, 1.52268868818, 0.326032697303, 4.67185522241, 
resistor:  1


3.13658333333 4.77811079843, 1.52334890887, 0.326182969664, 4.67174170316, 
resistor:  1


3.23769047619 4.94172940994, 1.52631310691, 0.326862014332, 4.67121043616, 
resistor:  1


3.3388452381 5.09450201093, 1.52582753846, 0.326731231175, 4.67155587438, 
resistor:  1


3.4399047619 5.24728330262, 1.52541528496, 0.326619182479, 4.67186083918, 
resistor:  1


3.54122619048 5.40023550482, 1.52496203698, 0.326501551309, 4.67211933514, 
resistor:  1


3.64251190476 5.55425490659, 1.5248419365, 0.326460147827, 4.67232140637, 
resistor:  1


3.74366666667 5.70663149725, 1.52434284496, 0.326332507463, 4.6725888094, 
resistor:  1


3.84482142857 5.87549054031, 1.52815693771, 0.32726391326, 4.67143657873, 
resistor:  1


3.94585714286 6.06403633337, 1.53681091682, 0.329299978355, 4.66942581989, 
resistor:  1


4.04697619048 6.23916676388, 1.54168605651, 0.330412396266, 4.66854331563, 
resistor:  1


4.14801190476 6.42339251628, 1.54854727126, 0.332031093328, 4.6668180667, 
resistor:  1


4.2490952381 6.60467580634, 1.55437226898, 0.333376351879, 4.66564471593, 
resistor:  1


4.35028571429 6.78056300455, 1.55864774175, 0.334364703474, 4.66473039522, 
resistor:  1


4.45155952381 6.9657165471, 1.56478117609, 0.335811854065, 4.6633493812, 
resistor:  1


4.55317857143 7.17746159853, 1.57636286079, 0.338605682862, 4.66033285071, 
resistor:  1


4.65444047619 7.42142282419, 1.59448227175, 0.34293440235, 4.65647972784, 
resistor:  1


4.75564285714 7.65238593147, 1.60911703451, 0.346402224003, 4.65344793638, 
resistor:  1


4.85677380952 7.87863809694, 1.62219580444, 0.349514543808, 4.6506151719, 
resistor:  1


4.95804761905 8.11201648467, 1.63613121695, 0.352827077342, 4.64767346757, 
resistor:  1


5.05948809524 8.33842364893, 1.64807654292, 0.355646893721, 4.64520647421, 
resistor:  1


5.16076190476 8.57079109596, 1.66076080512, 0.358651314618, 4.6426140874, 
resistor:  1


5.26196428571 8.7951009187, 1.67144823513, 0.361154501885, 4.64054266478, 
resistor:  1


5.36311904762 9.01860702845, 1.68159739666, 0.36353594504, 4.63855125543, 
resistor:  1


5.4641547619 9.24473609941, 1.69188767563, 0.365961604811, 4.63646548395, 
resistor:  1


5.56529761905 9.46997145107, 1.70161096482, 0.368252077126, 4.63449459729, 
resistor:  1


5.66648809524 9.69512377493, 1.71095811232, 0.370453050032, 4.63261115355, 
resistor:  1


5.76775 9.92381485568, 1.72056952116, 0.372725575736, 4.63063706231, 
resistor:  1


5.86888095238 10.1507392735, 1.72958684216, 0.374848707354, 4.6288425468, 
resistor:  1


5.97003571429 10.3754572394, 1.73792213915, 0.376813613401, 4.62713799367, 
resistor:  1


6.07108333333 10.6009930386, 1.74614520285, 0.378756421666, 4.62543920715, 
resistor:  1


6.17210714286 10.8300788394, 1.75468095234, 0.380791617603, 4.62354730261, 
resistor:  1


6.27320238095 11.0690550449, 1.76449831725, 0.383147671823, 4.62135036617, 
resistor:  1


6.37429761905 11.2928377279, 1.77162071852, 0.384838135323, 4.61978305416, 
resistor:  1


6.47563095238 11.5204939624, 1.779053508, 0.386598350983, 4.61822461281, 
resistor:  1


6.57698809524 11.7339665474, 1.78409423546, 0.387791521937, 4.61706878356, 
resistor:  1


6.67822619048 11.9583358665, 1.79064552854, 0.389343764017, 4.61565462497, 
resistor:  1


6.7793452381 12.1842345853, 1.79725831292, 0.390916455885, 4.61418576965, 
resistor:  1


6.8804047619 12.4138641431, 1.80423457233, 0.39256760111, 4.61274907063, 
resistor:  1


6.98154761905 12.6405481705, 1.81056534457, 0.39406851041, 4.61139165693, 
resistor:  1


7.08276190476 12.8671658949, 1.81668762383, 0.395513300567, 4.61013432875, 
resistor:  1


7.1839047619 13.0938209875, 1.82266071468, 0.396925433968, 4.60889014065, 
resistor:  1


7.28505952381 13.3266969827, 1.8293188874, 0.398497134074, 4.60757894654, 
resistor:  1


7.38616666667 13.5491893723, 1.83440070929, 0.399691214104, 4.60654678032, 
resistor:  1


7.48745238095 13.7764516257, 1.83993846301, 0.400997054217, 4.60542716257, 
resistor:  1


7.5885952381 14.0028337901, 1.84524715718, 0.402249316929, 4.60435767695, 
resistor:  1


7.68976190476 14.235150392, 1.85118220412, 0.403653413231, 4.60318163757, 
resistor:  1


7.79096428571 14.4617850887, 1.856225309, 0.404842422591, 4.60216785397, 
resistor:  1


7.89222619048 14.6891352408, 1.86121569331, 0.406024160632, 4.60111624965, 
resistor:  1


7.9936547619 14.9180845283, 1.8662407838, 0.407221438894, 4.59999369123, 
resistor:  1


8.09496428571 15.1438509449, 1.87077427526, 0.408304165292, 4.59894003177, 
resistor:  1


8.19611904762 15.3724291067, 1.87557416106, 0.409458423147, 4.59778941078, 
resistor:  1


8.29725 15.5906405568, 1.87901299308, 0.410277519062, 4.59699119142, 
resistor:  1


8.3983452381 15.819191329, 1.88360812524, 0.411386605294, 4.59585635204, 
resistor:  1


8.49944047619 16.0390542314, 1.88707177564, 0.412203968007, 4.59509502642, 
resistor:  1


8.60067857143 16.2605913441, 1.89061725875, 0.413048208989, 4.5942562558, 
resistor:  1


8.70196428571 16.4901149229, 1.89498765812, 0.4140839667, 4.59335350532, 
resistor:  1


8.80314285714 16.7162520453, 1.89889591894, 0.415013909542, 4.59248171041, 
resistor:  1


8.90428571429 16.9438900469, 1.90289155027, 0.415962696731, 4.59162108524, 
resistor:  1


9.00539285714 17.1662857945, 1.90622286743, 0.416751575305, 4.59089254066, 
resistor:  1


9.1065 17.3954226592, 1.91022046441, 0.417692093676, 4.59012120908, 
resistor:  1


9.2079047619 17.6255760047, 1.91417879099, 0.418625871551, 4.589339189, 
resistor:  1


9.30896428571 17.8557282052, 1.91812189381, 0.419552823837, 4.58860090336, 
resistor:  1


9.41007142857 18.0846839351, 1.92184342833, 0.420431300365, 4.58785223254, 
resistor:  1


9.51139285714 18.3134527042, 1.92542280393, 0.421274955607, 4.58714570545, 
resistor:  1


9.61283333333 18.5414567446, 1.92882328255, 0.422074930587, 4.58648686191, 
resistor:  1


9.7141547619 18.771647835, 1.93240156195, 0.422918214747, 4.58579217034, 
resistor:  1


9.81536904762 19.0026399666, 1.93600870985, 0.423768888287, 4.58508894261, 
resistor:  1


9.91670238095 19.2316159491, 1.93931563239, 0.42454723994, 4.58444719069, 
resistor:  1


10.0181904762 19.4489146173, 1.94136003538, 0.425019727415, 4.58406142107, 
resistor:  1


10.1196785714 19.6760077179, 1.94433129264, 0.425726465502, 4.58340252881, 
resistor:  1


10.2208809524 19.9024008465, 1.94722949414, 0.42641638996, 4.58274590888, 
resistor:  1


10.3220357143 20.1324557922, 1.95043461866, 0.427181662324, 4.58202999642, 
resistor:  1


10.4231071429 20.3605224354, 1.95340239301, 0.427886643689, 4.58138432298, 
resistor:  1


10.5241666667 20.5882641938, 1.95628450649, 0.428578350552, 4.58071117562, 
resistor:  1


10.62525 20.815136734, 1.95902559789, 0.429233588017, 4.58007486549, 
resistor:  1


10.7263452381 21.0400882802, 1.9615337576, 0.429828894407, 4.57951614586, 
resistor:  1


10.8274880952 21.2685015032, 1.96430615449, 0.43049042185, 4.57889795687, 
resistor:  1


10.928702381 21.4939616621, 1.96674416714, 0.431070152533, 4.57835079599, 
resistor:  1


11.0301428571 21.7227112879, 1.96939528066, 0.431700696539, 4.57776938648, 
resistor:  1


11.1315 21.9497374966, 1.97185801524, 0.432278092385, 4.57730292783, 
resistor:  1


11.2327738095 22.178382104, 1.97443503092, 0.432886492991, 4.5767877843, 
resistor:  1


11.3338928571 22.4087311937, 1.97714337661, 0.433526929958, 4.57623950374, 
resistor:  1


11.4350952381 22.639401333, 1.97981747083, 0.434159875811, 4.57570112626, 
resistor:  1


11.5364166667 22.8627329709, 1.98178807437, 0.434624098872, 4.57527674671, 
resistor:  1


11.6376190476 23.0893839494, 1.98402988231, 0.435152585843, 4.57481767224, 
resistor:  1


11.7387857143 23.3096490192, 1.98569507839, 0.435543427129, 4.5744831464, 
resistor:  1


11.8400833333 23.535951886, 1.9878197833, 0.436044562334, 4.5740465925, 
resistor:  1


11.9413571429 23.7639598321, 1.99005519622, 0.436571177077, 4.57359961221, 
resistor:  1


12.0425714286 23.9879715904, 1.99193102011, 0.437013213459, 4.57320880345, 
resistor:  1


12.1438571429 24.2143913928, 1.99396214135, 0.437496789959, 4.57275523599, 
resistor:  1


12.2452738095 24.4426131557, 1.99608547231, 0.43800644093, 4.57225036044, 
resistor:  1


12.3466309524 24.6743772958, 1.99847046461, 0.438583139588, 4.57167102956, 
resistor:  1


12.4480714286 24.9052635418, 2.00073269861, 0.439120117747, 4.57120050459, 
resistor:  1


12.5494166667 25.1240051707, 2.00200581732, 0.439424903144, 4.57085143804, 
resistor:  1


12.6506309524 25.3506878104, 2.00390699134, 0.439876880707, 4.57043463039, 
resistor:  1


12.7517857143 25.5770645075, 2.00576335586, 0.440318955624, 4.57001534247, 
resistor:  1


12.8529166667 25.8041227443, 2.00764724564, 0.440766736042, 4.56960671381, 
resistor:  1


12.9541547619 26.0342654162, 2.00972320423, 0.441265024295, 4.5691277006, 
resistor:  1


13.0556071429 26.2662320793, 2.01187365642, 0.441774583995, 4.56869416617, 
resistor:  1


13.1569404762 26.4917451225, 2.01351865735, 0.442158388146, 4.56838843552, 
resistor:  1


13.2581547619 26.7225433529, 2.01555524376, 0.44263978562, 4.56799536798, 
resistor:  1


13.3593571429 26.9503412763, 2.01733818387, 0.443059249808, 4.56765149368, 
resistor:  1


13.4604761905 27.1712032091, 2.01859152861, 0.443351856025, 4.56741069125, 
resistor:  1


13.5616547619 27.3977881116, 2.02023931391, 0.443743948493, 4.567044074, 
resistor:  1


13.6627619048 27.6263751069, 2.02201980094, 0.444171009794, 4.566630436, 
resistor:  1


13.7641904762 27.8530349864, 2.02358686002, 0.444542466019, 4.56629232494, 
resistor:  1


13.8654166667 28.0813816952, 2.02528220898, 0.444945313774, 4.5659263174, 
resistor:  1


13.96675 28.3089556697, 2.02688210712, 0.445329331369, 4.56553978236, 
resistor:  1


14.0681190476 28.5356470915, 2.0283910731, 0.445691462415, 4.56517367166, 
resistor:  1


14.1692738095 28.7672272202, 2.03025416877, 0.446148077006, 4.56467162101, 
resistor:  1


14.2706666667 28.9969331825, 2.03192561776, 0.446553112443, 4.56424488197, 
resistor:  1


14.3720357143 29.2231274259, 2.03333250813, 0.44689538294, 4.56385285807, 
resistor:  1


14.4732380952 29.4572412315, 2.03529030875, 0.447373150479, 4.5633503028, 
resistor:  1


14.5743690476 29.6806899705, 2.03649913581, 0.44766713815, 4.56300899551, 
resistor:  1


14.6755 29.9081183636, 2.03796247921, 0.448018752907, 4.56265207856, 
resistor:  1


14.7765714286 30.1333602913, 2.03926603928, 0.448334886399, 4.56229724144, 
resistor:  1


14.8776547619 30.3604415952, 2.04067388853, 0.448677418713, 4.56192202309, 
resistor:  1


14.9787380952 30.5855093873, 2.0419283115, 0.448982762207, 4.56157490554, 
resistor:  1


15.0799166667 30.8150304974, 2.0434483279, 0.44934760736, 4.56122525865, 
resistor:  1


15.181 31.0322312217, 2.04414934601, 0.449513431022, 4.56106353866, 
resistor:  1


15.2820357143 31.2569094352, 2.04533676138, 0.44979317423, 4.56082078282, 
resistor:  1


15.3831071429 31.4847587715, 2.04670997082, 0.450121801021, 4.5605102341, 
resistor:  1


15.4843690476 31.7163557207, 2.04828208519, 0.450487173587, 4.56025152552, 
resistor:  1


15.5857380952 31.9373834963, 2.04914154859, 0.450686108626, 4.56008236777, 
resistor:  1


15.6870119048 32.1641388805, 2.05036746805, 0.450975161068, 4.55983542366, 
resistor:  1


15.7884047619 32.3953265737, 2.05184292284, 0.451330149468, 4.55949483767, 
resistor:  1


15.8895238095 32.6193353892, 2.05288313107, 0.451572289697, 4.55929750101, 
resistor:  1


15.99075 32.8480516183, 2.0541908052, 0.451883780798, 4.55901573926, 
resistor:  1


16.0919166667 33.0764468856, 2.05546968523, 0.45218899481, 4.55872870816, 
resistor:  1


16.1930595238 33.3054858014, 2.05677535813, 0.452501255889, 4.55843298535, 
resistor:  1


16.2941071429 33.5321393851, 2.05793045861, 0.452778114666, 4.55816165638, 
resistor:  1


16.39525 33.7619277292, 2.0592505591, 0.453094763315, 4.55786359208, 
resistor:  1


16.4965 33.990339599, 2.06045764853, 0.453384326857, 4.55758032819, 
resistor:  1


16.5976547619 34.2182828772, 2.06163360837, 0.453664650938, 4.55732316297, 
resistor:  1


16.6987738095 34.447139609, 2.06285443482, 0.453957006435, 4.55704831304, 
resistor:  1


16.799797619 34.6715692362, 2.06380874475, 0.454183480971, 4.5568311248, 
resistor:  1


16.9008928571 34.887577835, 2.06424466032, 0.454283980805, 4.55672989877, 
resistor:  1


17.0021904762 35.1119080909, 2.06514026178, 0.454498136311, 4.5565085192, 
resistor:  1


17.1035595238 35.3316381466, 2.06574766483, 0.45463676113, 4.55640199169, 
resistor:  1


17.2047261905 35.5510554126, 2.06635403662, 0.454770068017, 4.55634057095, 
resistor:  1


17.3058452381 35.7751856363, 2.06723133971, 0.454977757911, 4.5561418784, 
resistor:  1


17.4068809524 36.0021977444, 2.06827391092, 0.455222773901, 4.55594046651, 
resistor:  1


17.5079761905 36.2325035299, 2.06948553823, 0.455509558157, 4.55570557638, 
resistor:  1


17.6090238095 36.4560341139, 2.07030409569, 0.455699747764, 4.55554675192, 
resistor:  1


17.7100833333 36.6826132787, 2.07128405826, 0.455929502917, 4.55535797143, 
resistor:  1


17.8111904762 36.9052508401, 2.07202606078, 0.456101802949, 4.55521443182, 
resistor:  1


17.912547619 37.1362660744, 2.07319845642, 0.456380910755, 4.55497303465, 
resistor:  1


18.0141309524 37.3689009613, 2.07442152275, 0.456669669788, 4.55474185935, 
resistor:  1


18.1156071429 37.5982747125, 2.07546313055, 0.456918000309, 4.55451262682, 
resistor:  1


18.217 37.8259868602, 2.07641142121, 0.457143712104, 4.55430297543, 
resistor:  1


18.31825 38.0587599805, 2.07764169506, 0.457441031132, 4.55401527709, 
resistor:  1


18.4200119048 38.2910953757, 2.07877690708, 0.457712613907, 4.55376401318, 
resistor:  1


18.5215 38.5268649101, 2.0801158065, 0.458034006076, 4.55347196542, 
resistor:  1


18.6229761905 38.749176487, 2.08071879009, 0.458177271467, 4.55332431281, 
resistor:  1


18.7241428571 38.9807415797, 2.08184384605, 0.458448251918, 4.55306271377, 
resistor:  1


18.8252261905 39.2097815081, 2.0828318933, 0.458682829858, 4.55285578244, 
resistor:  1


18.9262619048 39.4381383324, 2.08377853645, 0.458908316362, 4.55265177266, 
resistor:  1


19.0274404762 39.6611966319, 2.08442100668, 0.459059766758, 4.55250482976, 
resistor:  1


19.1286309524 39.8925863933, 2.08549093203, 0.459312661739, 4.55229950246, 
resistor:  1


19.2298214286 40.1339455869, 2.08706803316, 0.459692364358, 4.55197295152, 
resistor:  1


19.3310833333 40.3841914079, 2.08908061238, 0.46018069072, 4.5515497477, 
resistor:  1


19.4322261905 40.624216066, 2.09055903671, 0.460532667073, 4.55126908165, 
resistor:  1


19.5334285714 40.8688181144, 2.0922501119, 0.460939772961, 4.55092303954, 
resistor:  1


19.6346547619 41.11673728, 2.09409015736, 0.461378236006, 4.5505932723, 
resistor:  1


19.7358095238 41.3578750182, 2.09557530277, 0.461730367079, 4.55032886894, 
resistor:  1


19.8369404762 41.599837663, 2.09708940312, 0.462091290312, 4.55004040974, 
resistor:  1


19.9382261905 41.8441226252, 2.09868832992, 0.462478959904, 4.54968937948, 
resistor:  1


20.0399642857 42.0811353697, 2.09986079664, 0.462761155576, 4.5494308861, 
resistor:  1


20.141202381 42.310056811, 2.10067184723, 0.462955671657, 4.54923887369, 
resistor:  1


20.2424642857 42.5267906822, 2.10087023407, 0.463002703056, 4.54918294988, 
resistor:  1


20.3436071429 42.7565761128, 2.10172049689, 0.463211244212, 4.54894602616, 
resistor:  1


20.4447380952 42.9789500268, 2.10220105665, 0.463323199656, 4.54884108692, 
resistor:  1


20.5457857143 43.2039430082, 2.10281288869, 0.46347149196, 4.54866851134, 
resistor:  1


20.6469047619 43.4174469497, 2.10285500177, 0.463479290765, 4.54864498166, 
resistor:  1


20.7479404762 43.6237720767, 2.10255914927, 0.463403852979, 4.54870676596, 
resistor:  1


20.8489761905 43.8332627968, 2.10241799867, 0.46336809032, 4.54871135804, 
resistor:  1


20.9501309524 44.0627631398, 2.10322137078, 0.463562858222, 4.54850523904, 
resistor:  1


21.0513214286 44.2983896862, 2.10430446547, 0.463822426004, 4.54828226928, 
resistor:  1


21.1526904762 44.5290696548, 2.10512557279, 0.464017049452, 4.54811878815, 
resistor:  1


21.254 44.7598352831, 2.1059487759, 0.464209911032, 4.54797482908, 
resistor:  1


21.3550952381 44.9885300303, 2.10668833497, 0.464384203672, 4.54783207892, 
resistor:  1


21.4563690476 45.2226498647, 2.10765622852, 0.46461367384, 4.5476523331, 
resistor:  1


21.5577738095 45.4528764459, 2.1084216231, 0.464793055119, 4.54751166177, 
resistor:  1


21.6590952381 45.6837579742, 2.10921820473, 0.464980852179, 4.54736313981, 
resistor:  1


21.7602857143 45.9142377384, 2.11000160298, 0.465164996185, 4.54721817239, 
resistor:  1


21.8613214286 46.1417642272, 2.11065760036, 0.465318639107, 4.54709703457, 
resistor:  1


21.9624761905 46.3703176098, 2.11134287444, 0.465479422659, 4.54696868467, 
resistor:  1


22.0637142857 46.5969610751, 2.11192732428, 0.465617795096, 4.54684421804, 
resistor:  1


22.1648452381 46.8203839013, 2.11237134293, 0.46572640468, 4.54670504213, 
resistor:  1


22.2661666667 47.0530983585, 2.11321055226, 0.465928032467, 4.54652097274, 
resistor:  1


22.3673571429 47.2833935336, 2.11394637424, 0.466104071762, 4.54636101461, 
resistor:  1


22.4685 47.5108757726, 2.11455485558, 0.466249108344, 4.54622219107, 
resistor:  1


22.5695714286 47.7420359286, 2.11532753644, 0.466436892788, 4.54602860761, 
resistor:  1


22.6706666667 47.971029913, 2.11599555577, 0.466594758742, 4.54589183251, 
resistor:  1


22.771797619 48.2015662662, 2.11672205561, 0.466769989859, 4.54572255606, 
resistor:  1


22.8730952381 48.4325405333, 2.11744584758, 0.466943100512, 4.54556189056, 
resistor:  1


23.4856428571 49.7553738435, 2.11854425898, 0.467175253578, 4.54547311101, 
resistor:  1


23.587047619 49.9892946987, 2.11935361755, 0.467368037339, 4.54530648595, 
resistor:  1


23.6882857143 50.2220225048, 2.12012059929, 0.467549592506, 4.54516022785, 
resistor:  1


23.789452381 50.4484089354, 2.12062085867, 0.467666925885, 4.54506014366, 
resistor:  1


23.8906547619 50.6689538949, 2.12086920178, 0.467722807823, 4.54502346608, 
resistor:  1


23.9918095238 50.8880996719, 2.1210613406, 0.467765933525, 4.54497979, 
resistor:  1


24.0928690476 51.1070679969, 2.1212528859, 0.467811487711, 4.54491177522, 
resistor:  1


24.1939285714 51.3335465901, 2.12175325055, 0.467928327956, 4.54481601982, 
resistor:  1


24.294952381 51.5708962589, 2.12270003457, 0.468154540186, 4.5446273421, 
resistor:  1


24.396047619 51.8059549759, 2.12353885289, 0.468354940204, 4.54446075212, 
resistor:  1


24.4973690476 52.0286389113, 2.12384598567, 0.468424856039, 4.54440548656, 
resistor:  1


24.598702381 52.2529853245, 2.12421714427, 0.468511142586, 4.5443309056, 
resistor:  1


24.6998571429 52.485951706, 2.12494960608, 0.468682984493, 4.54420707753, 
resistor:  1


24.8012142857 52.7143308558, 2.12547378723, 0.468805646993, 4.54410977591, 
resistor:  1


24.9025595238 52.9548408468, 2.12648185003, 0.469050684229, 4.54388034037, 
resistor:  1


25.0042380952 53.2014020949, 2.12769538877, 0.469343860404, 4.54363077249, 
resistor:  1


25.1056904762 53.4424093859, 2.12869705522, 0.469583432502, 4.5434382648, 
resistor:  1


25.2068571429 53.6699545577, 2.12918073259, 0.469694551697, 4.54336563556, 
resistor:  1


25.3079880952 53.8950632296, 2.12956727444, 0.46977991407, 4.54333584471, 
resistor:  1


25.409452381 54.1170350728, 2.12979934638, 0.46982825106, 4.54333159204, 
resistor:  1


25.5107619048 54.3414379273, 2.13013778774, 0.469902429507, 4.54330527903, 
resistor:  1


25.6130952381 54.5747887185, 2.13073774221, 0.470043603345, 4.54319925733, 
resistor:  1


25.7143928571 54.8211877312, 2.13192619541, 0.470329429319, 4.54296780938, 
resistor:  1


25.8155833333 55.0669020159, 2.13308765116, 0.470606402346, 4.54276034347, 
resistor:  1


25.9167380952 55.3009675424, 2.13379350978, 0.470771899348, 4.54264534026, 
resistor:  1


26.0184642857 55.5381252972, 2.1345658486, 0.470954916948, 4.54249816911, 
resistor:  1


26.1199285714 55.7821267193, 2.13561559201, 0.471209042, 4.54227458303, 
resistor:  1


26.2212380952 56.0239431357, 2.13658649268, 0.471441358896, 4.54208805856, 
resistor:  1


26.3224761905 56.2607950305, 2.13736711635, 0.471629365263, 4.54191548225, 
resistor:  1


26.4236309524 56.5005686353, 2.13825907337, 0.471844020902, 4.54172922374, 
resistor:  1


26.524797619 56.7424492154, 2.13922270135, 0.472076499021, 4.54152750702, 
resistor:  1


26.6258333333 56.988584499, 2.14034932862, 0.472350424518, 4.5412868258, 
resistor:  1


26.7270833333 57.2362127752, 2.14150612924, 0.472637053119, 4.54099193969, 
resistor:  1


26.8282857143 57.4778178859, 2.14243349344, 0.472862033098, 4.54078724448, 
resistor:  1


26.9294285714 57.7173738436, 2.14328253162, 0.473068272176, 4.54059492581, 
resistor:  1


27.0304880952 57.9436903322, 2.14364202851, 0.473152345002, 4.54052132755, 
resistor:  1


27.1315595238 58.1696442865, 2.14398454447, 0.473232209603, 4.54045200829, 
resistor:  1


27.2326190476 58.3914234541, 2.14417215443, 0.473274307925, 4.54041472362, 
resistor:  1


27.3336904762 58.6121305111, 2.14431822012, 0.473309042793, 4.54036315282, 
resistor:  1


27.4350238095 58.840505127, 2.14472221842, 0.473406922603, 4.54025726102, 
resistor:  1


27.5364047619 59.0704004892, 2.14517476047, 0.473517365104, 4.54013688265, 
resistor:  1


27.6376785714 59.2935091313, 2.14538673999, 0.473565810536, 4.54009108177, 
resistor:  1


27.7388809524 59.5361351644, 2.14630630798, 0.473793893556, 4.53985597311, 
resistor:  1


27.8401071429 59.7815938699, 2.14731910201, 0.474042141346, 4.53961986396, 
resistor:  1


27.941547619 60.0248840709, 2.14823047346, 0.474268261235, 4.53937906221, 
resistor:  1


28.0427738095 60.2695823165, 2.14920188445, 0.474509749907, 4.53912339708, 
resistor:  1


28.1497142857 60.5281833106, 2.15022371795, 0.474767697187, 4.53882222193, 
resistor:  1


28.251 60.770635994, 2.15109681052, 0.474979448717, 4.53863140613, 
resistor:  1


28.3521904762 61.0181351145, 2.15214888478, 0.475238477705, 4.53838130454, 
resistor:  1


28.4533690476 61.2578324713, 2.1529201821, 0.47542714864, 4.53819585887, 
resistor:  1


28.5545 61.4814691106, 2.15312714671, 0.475477013954, 4.53812857079, 
resistor:  1


28.65575 61.7053240405, 2.15333132235, 0.475524835114, 4.5380793791, 
resistor:  1


28.7568095238 61.931734673, 2.15363719754, 0.47559794831, 4.53799976994, 
resistor:  1


28.8580952381 62.15898736, 2.15395322689, 0.475672694883, 4.53792853242, 
resistor:  1


28.9596190476 62.387057892, 2.1542775749, 0.475751079232, 4.5378464105, 
resistor:  1


29.0609880952 62.6155823454, 2.15462675048, 0.475831546875, 4.5377894467, 
resistor:  1


29.16225 62.8419241431, 2.15490657076, 0.475895578577, 4.53774472372, 
resistor:  1


29.2635238095 63.0684843265, 2.15519104046, 0.475960542126, 4.5377005829, 
resistor:  1


29.3646071429 63.2928684834, 2.15541342595, 0.476011502673, 4.53766233469, 
resistor:  1


29.4656666667 63.510901073, 2.15542046924, 0.476009119318, 4.53767214551, 
resistor:  1


29.5668333333 63.7391760769, 2.15576606931, 0.476089248584, 4.53761034626, 
resistor:  1


29.668 63.9684515807, 2.15614303562, 0.476175806741, 4.53755509246, 
resistor:  1


29.7691428571 64.1962050156, 2.1564680355, 0.476251408743, 4.53749541744, 
resistor:  1


29.8704166667 64.422903011, 2.15674604509, 0.476314454491, 4.5374557899, 
resistor:  1


29.9717380952 64.6472783052, 2.15694125245, 0.476357851254, 4.53742866024, 
resistor:  1


30.0728809524 64.866199424, 2.15696658816, 0.476363546907, 4.53740223759, 
resistor:  1


30.1740238095 65.0892476381, 2.15712853045, 0.476401823821, 4.53735312494, 
resistor:  1


30.2751190476 65.320022679, 2.15754800423, 0.476503283282, 4.53725104321, 
resistor:  1


30.3762380952 65.5477444955, 2.15786248086, 0.476577009677, 4.53718565648, 
resistor:  1


30.4776666667 65.7764592712, 2.15818553273, 0.476653084945, 4.53711926584, 
resistor:  1


30.5791071429 66.0037262751, 2.15845825605, 0.476718799614, 4.53704601018, 
resistor:  1


30.6803928571 66.2272017067, 2.15861648236, 0.476756283628, 4.53699984166, 
resistor:  1


30.7814880952 66.4545102763, 2.15891155329, 0.476826554301, 4.53692993325, 
resistor:  1


30.8826904762 66.6815395749, 2.15918815837, 0.476892748939, 4.53686220114, 
resistor:  1


30.9838452381 66.9053492482, 2.15936236236, 0.476934107448, 4.53681141561, 
resistor:  1


31.0848928571 67.1311301889, 2.15960629163, 0.476989936679, 4.53677358357, 
resistor:  1


31.1860357143 67.3439430378, 2.15942621418, 0.476942466577, 4.53682764879, 
resistor:  1


31.2871785714 67.5745269576, 2.15981529953, 0.477033996866, 4.53675521042, 
resistor:  1


31.38825 67.8133289463, 2.16046861314, 0.477190507298, 4.53663157028, 
resistor:  1


31.489547619 68.0685636224, 2.16162405526, 0.477474060219, 4.53637669764, 
resistor:  1


31.5909166667 68.3162613384, 2.1625286173, 0.477691377351, 4.53620696115, 
resistor:  1


31.6921785714 68.5608406611, 2.16333631046, 0.477886008008, 4.53604809934, 
resistor:  1


31.7933095238 68.803487715, 2.16408699646, 0.478066235732, 4.53590007354, 
resistor:  1


31.8944404762 69.0461536212, 2.164833513, 0.478247157311, 4.53574039238, 
resistor:  1


31.995702381 69.2952128801, 2.1657662662, 0.478476153204, 4.53552569528, 
resistor:  1


32.097202381 69.5327557827, 2.16631826529, 0.478612831791, 4.53537935769, 
resistor:  1


32.1984047619 69.7591253561, 2.16653979823, 0.478665571888, 4.53531967688, 
resistor:  1


32.2996071429 69.9778858314, 2.16652436427, 0.47866230239, 4.53529759953, 
resistor:  1


32.4007261905 70.2008204851, 2.16664342868, 0.478691158469, 4.53524907515, 
resistor:  1


32.5019285714 70.4348763152, 2.1670983665, 0.478805524199, 4.53510421411, 
resistor:  1


32.6031190476 70.6634659821, 2.16738361378, 0.478877490732, 4.53500115209, 
resistor:  1


32.704452381 70.8930986063, 2.16768951764, 0.47895511378, 4.53488863568, 
resistor:  1


32.8057261905 71.1157470165, 2.16778456918, 0.478980865992, 4.53483203766, 
resistor:  1


32.9068452381 71.3429303625, 2.16802704259, 0.47904043789, 4.53475760841, 
resistor:  1


33.0079880952 71.5706774699, 2.16828354589, 0.479100247031, 4.53470669512, 
resistor:  1


33.1090357143 71.7976273422, 2.16852064076, 0.479158034292, 4.53463720721, 
resistor:  1


33.2101666667 72.0280834952, 2.16885642936, 0.479239925418, 4.53454825027, 
resistor:  1


33.3113214286 72.2587104858, 2.16919375717, 0.479322268408, 4.53445924868, 
resistor:  1


33.4124166667 72.4893933392, 2.16953457939, 0.479404844324, 4.53437565202, 
resistor:  1


33.5138928571 72.7196849258, 2.16983700568, 0.479479119892, 4.53428686087, 
resistor:  1


33.6153452381 72.9553022507, 2.17029757493, 0.479591965517, 4.53416648551, 
resistor:  1


33.7166666667 73.1874681197, 2.17066143707, 0.479678218277, 4.53409496134, 
resistor:  1


33.8178452381 73.4148932314, 2.17089210488, 0.479729753678, 4.53406909907, 
resistor:  1


33.919047619 73.6436293116, 2.17115852245, 0.47979242251, 4.53401493816, 
resistor:  1


34.0203928571 73.8728041602, 2.17142713403, 0.479854814156, 4.53396753294, 
resistor:  1


34.1217261905 74.0985981035, 2.17159582402, 0.479895737888, 4.53391333514, 
resistor:  1


34.2231785714 74.3283173484, 2.17187065758, 0.479961619367, 4.5338475173, 
resistor:  1


34.3245714286 74.5590485146, 2.17217711428, 0.480036582929, 4.53376541041, 
resistor:  1


34.4258690476 74.7853708634, 2.17235970891, 0.480079527686, 4.53372287652, 
resistor:  1


34.5270714286 75.0037594097, 2.17231743981, 0.480070304281, 4.53370747861, 
resistor:  1


34.6282738095 75.2344169178, 2.17262972251, 0.480145059353, 4.53363636586, 
resistor:  1


34.729452381 75.4584836241, 2.17275189935, 0.480173581429, 4.5336073511, 
resistor:  1


34.8306071429 75.681538167, 2.17284579211, 0.480195406879, 4.53357521146, 
resistor:  1


34.9319880952 75.9025810915, 2.17286748423, 0.480199136375, 4.53356496081, 
resistor:  1


35.0333452381 76.1283923852, 2.17302663699, 0.480233293023, 4.5335570372, 
resistor:  1


35.134547619 76.343687482, 2.17289513187, 0.480197985029, 4.53360583758, 
resistor:  1


35.2356904762 76.5741338261, 2.1731980498, 0.480268165847, 4.53355977116, 
resistor:  1


35.3368690476 76.8056228226, 2.17352654303, 0.480344707759, 4.53350685249, 
resistor:  1


35.4381666667 77.0341498484, 2.1737622765, 0.480398184119, 4.53347623783, 
resistor:  1


35.5393214286 77.2601224093, 2.17393352781, 0.480436528388, 4.53345536961, 
resistor:  1


35.6406309524 77.4854955185, 2.17407754711, 0.480468402995, 4.53343751203, 
resistor:  1


35.741797619 77.7024389845, 2.17399359184, 0.480443659465, 4.53347866827, 
resistor:  1


35.8429761905 77.9253564756, 2.17407606058, 0.480460649209, 4.53347851906, 
resistor:  1


35.9441190476 78.1534620206, 2.17430456195, 0.480513003592, 4.53344541749, 
resistor:  1


36.0452261905 78.381079521, 2.17452039576, 0.480562613917, 4.53341095713, 
resistor:  1


36.1464047619 78.6018441491, 2.1745411381, 0.480565424251, 4.53340787198, 
resistor:  1


36.2474285714 78.8255245303, 2.17465148941, 0.480589735241, 4.53338963328, 
resistor:  1


36.3485714286 79.0460069246, 2.17466612354, 0.480592047348, 4.53339051329, 
resistor:  1


36.4498928571 79.274319354, 2.17488483888, 0.480643595772, 4.53334510781, 
resistor:  1


36.5512619048 79.5009545079, 2.17505361963, 0.480683094633, 4.53330783864, 
resistor:  1


36.6524166667 79.7264995324, 2.1752044417, 0.480718116996, 4.53327476357, 
resistor:  1


36.753547619 79.9610797535, 2.17560167476, 0.480814540842, 4.53317926384, 
resistor:  1


36.8545833333 80.1921275163, 2.17590650235, 0.480887629489, 4.53311446189, 
resistor:  1


36.9556666667 80.4184656453, 2.17607941891, 0.480928115112, 4.53307617892, 
resistor:  1


37.0567738095 80.645625986, 2.17627218172, 0.480971072644, 4.53305595336, 
resistor:  1


37.1578809524 80.870332591, 2.17639786011, 0.480998163169, 4.53304682867, 
resistor:  1


37.259047619 81.0961889752, 2.17655023833, 0.481030878921, 4.53304156765, 
resistor:  1


37.3603095238 81.3240346847, 2.17674948953, 0.48107711218, 4.53300333112, 
resistor:  1


37.4614285714 81.5519926674, 2.17695896225, 0.481124813666, 4.53297451793, 
resistor:  1


37.5624880952 81.7804593494, 2.17718429999, 0.481176661425, 4.53293989439, 
resistor:  1


37.663547619 82.0094024957, 2.177421079, 0.481232274139, 4.53289250395, 
resistor:  1


37.7649047619 82.2399221255, 2.17768117367, 0.481291541491, 4.53285888236, 
resistor:  1


37.866202381 82.4778902701, 2.17814000571, 0.4814005193, 4.53277441516, 
resistor:  1


37.9674880952 82.7002175485, 2.17818511831, 0.481407578785, 4.53279222513, 
resistor:  1


38.0688452381 82.9266413516, 2.17833351217, 0.481441483889, 4.53276674632, 
resistor:  1


38.1700119048 83.1535481508, 2.17850464281, 0.481481658061, 4.53272961273, 
resistor:  1


38.2711785714 83.3850174, 2.17879408246, 0.481551805623, 4.53266240421, 
resistor:  1


38.3723452381 83.6112803958, 2.17894631868, 0.48158656614, 4.53263599863, 
resistor:  1


38.4735357143 83.8387562086, 2.17912792916, 0.481628691411, 4.53260288153, 
resistor:  1


38.5748333333 84.0690484955, 2.17937554698, 0.481687404725, 4.53255253561, 
resistor:  1


38.6758809524 84.2982383931, 2.17960745346, 0.481742878116, 4.53249924755, 
resistor:  1


38.7769404762 84.5254618343, 2.17978677008, 0.48178470128, 4.53246274397, 
resistor:  1


38.8780238095 84.7581685177, 2.18010485648, 0.481862040028, 4.53238484213, 
resistor:  1


38.9791071429 84.9973619293, 2.18058770863, 0.481979451918, 4.53227583286, 
resistor:  1


39.0801666667 85.2250630564, 2.18077532226, 0.482020965217, 4.53226105449, 
resistor:  1


39.1812380952 85.4535754025, 2.18098200967, 0.48206733365, 4.5322401017, 
resistor:  1


39.2822857143 85.6823075066, 2.18119454987, 0.482115598448, 4.53221328586, 
resistor:  1


39.3834880952 85.9130087004, 2.18144742519, 0.482173088164, 4.53218303624, 
resistor:  1


39.4847619048 86.1426018581, 2.18166699513, 0.482222935458, 4.53215544334, 
resistor:  1


39.5861785714 86.3720047637, 2.18187276167, 0.482269039915, 4.5321340809, 
resistor:  1


39.687452381 86.5914583787, 2.18183464001, 0.482256815718, 4.53215993164, 
resistor:  1


39.7886071429 86.8199085671, 2.18202934964, 0.482299885003, 4.53214518193, 
resistor:  1


39.8897619048 87.0474707757, 2.18220081091, 0.48233914651, 4.53211746711, 
resistor:  1


39.9911190476 87.2799890693, 2.18248429021, 0.482404544347, 4.5320784701, 
resistor:  1


40.0925238095 87.5090653649, 2.18267789228, 0.48245074957, 4.53203487028, 
resistor:  1


40.1937857143 87.7303905315, 2.1826854319, 0.482449877244, 4.53204316884, 
resistor:  1


40.2950952381 87.9609374721, 2.1829192102, 0.482504991127, 4.53199736999, 
resistor:  1


40.396547619 88.1874111061, 2.18304326245, 0.482533142213, 4.53197784334, 
resistor:  1


40.4979285714 88.4119970046, 2.18312393061, 0.482551221549, 4.53196304637, 
resistor:  1


40.599202381 88.6342659614, 2.18315288881, 0.482555834695, 4.53196651584, 
resistor:  1


40.7003214286 88.8342792967, 2.18264318754, 0.482432573828, 4.53206233617, 
resistor:  1


40.8014761905 89.041616395, 2.18231360011, 0.48235145622, 4.53213461135, 
resistor:  1


40.9025714286 89.2481279029, 2.1819686339, 0.482267624832, 4.53219704619, 
resistor:  1


41.004 89.4693529234, 2.18196646482, 0.482264672536, 4.53220899545, 
resistor:  1


41.1053214286 89.6979310443, 2.18214887822, 0.48230553758, 4.5321908659, 
resistor:  1


41.2064166667 89.9286645505, 2.18239468086, 0.482361309255, 4.53216463924, 
resistor:  1


41.3077857143 90.1569738514, 2.18256612627, 0.482399826105, 4.5321433411, 
resistor:  1


41.4091904762 90.3874584701, 2.18278738199, 0.48244985729, 4.53211867511, 
resistor:  1


41.510452381 90.6056257363, 2.18271834055, 0.482430238779, 4.53215170876, 
resistor:  1


41.6115714286 90.8256658683, 2.18270213669, 0.482421642159, 4.53218467368, 
resistor:  1


41.7127142857 91.0520296311, 2.18283636513, 0.4824514086, 4.53217035453, 
resistor:  1


41.81375 91.2785512474, 2.18297931296, 0.482482759381, 4.53216033256, 
resistor:  1


41.9150952381 91.5087207777, 2.18319248132, 0.482533421868, 4.53211636226, 
resistor:  1


42.0165595238 91.7440589623, 2.18352144969, 0.482611033458, 4.53205900277, 
resistor:  1


42.1176904762 91.978986353, 2.18385636328, 0.482691892439, 4.53198287056, 
resistor:  1


42.2188571429 92.2113402539, 2.18412686876, 0.482755834116, 4.53193125579, 
resistor:  1


42.3200595238 92.4288782518, 2.18404414577, 0.482733585016, 4.53195435276, 
resistor:  1


42.4212142857 92.6492919702, 2.18403205873, 0.482727814881, 4.53197018971, 
resistor:  1


42.5225833333 92.8797461294, 2.18424514337, 0.482778618483, 4.53192414474, 
resistor:  1


42.6240714286 93.1019713098, 2.18425805395, 0.482779360957, 4.53192996456, 
resistor:  1


42.72525 93.3256845682, 2.18432155618, 0.4827932949, 4.53191874385, 
resistor:  1


42.8263452381 93.549601283, 2.18439375956, 0.482808446387, 4.53191398681, 
resistor:  1


42.9274761905 93.7765370938, 2.18453413561, 0.48284240283, 4.53187340225, 
resistor:  1


43.0291309524 94.0076348223, 2.18474398022, 0.48289048303, 4.53184353499, 
resistor:  1


43.1304285714 94.239375728, 2.18498584061, 0.482946238745, 4.53181021998, 
resistor:  1


43.2315952381 94.4654873729, 2.1851029751, 0.48296934099, 4.53182248438, 
resistor:  1


43.332952381 94.6888640996, 2.18514684315, 0.482977550386, 4.53182757861, 
resistor:  1


43.43425 94.9160245512, 2.18528061498, 0.483006795835, 4.53181915711, 
resistor:  1


43.5356666667 95.1434929036, 2.18541486069, 0.483036276698, 4.53180887569, 
resistor:  1


43.6369166667 95.3689196957, 2.18551004472, 0.483056852895, 4.53180269266, 
resistor:  1


43.7380714286 95.5918259079, 2.18555191817, 0.483063717491, 4.53181698814, 
resistor:  1


43.8392261905 95.8138932188, 2.18557446253, 0.483065387229, 4.53183319941, 
resistor:  1


43.9405952381 96.0423240705, 2.185731066, 0.483102507638, 4.53179778036, 
resistor:  1


44.0419166667 96.2692552644, 2.18585526132, 0.483130862768, 4.53177735989, 
resistor:  1


44.1431071429 96.503839233, 2.18615873415, 0.483204809561, 4.53170803208, 
resistor:  1


44.2443214286 96.7302557287, 2.18627504288, 0.483231725794, 4.53168492643, 
resistor:  1


44.3454642857 96.9541800233, 2.18633814269, 0.483247239026, 4.53165854264, 
resistor:  1


44.4466428571 97.1741787306, 2.18631087713, 0.483241224486, 4.5316468446, 
resistor:  1


44.5477619048 97.3949127386, 2.18630316259, 0.483240802733, 4.53162075995, 
resistor:  1


44.6488214286 97.6209717538, 2.18641766188, 0.48326907408, 4.53158178302, 
resistor:  1


44.7499285714 97.8459729436, 2.18650567872, 0.483290715654, 4.5315494406, 
resistor:  1


44.8509880952 98.0645053436, 2.18645139178, 0.483274837179, 4.53157342509, 
resistor:  1


44.9521785714 98.2867106285, 2.18647268613, 0.483279777174, 4.53156055603, 
resistor:  1


45.0533095238 98.5015032569, 2.1863322428, 0.483243755991, 4.53160304868, 
resistor:  1


45.1546666667 98.7219782497, 2.18630731965, 0.48323422759, 4.53163083482, 
resistor:  1


45.2557857143 98.9524076618, 2.18651396943, 0.48328372619, 4.53158374439, 
resistor:  1


45.3568452381 99.1791878281, 2.18664211118, 0.48331201269, 4.53157272309, 
resistor:  1


45.4581309524 99.4009453434, 2.18664831265, 0.483310254166, 4.53159002531, 
resistor:  1


45.5595357143 99.6237462084, 2.18667167359, 0.483312269113, 4.53160827229, 
resistor:  1


45.6609285714 99.8464657542, 2.18669371995, 0.483314726665, 4.53162048667, 
resistor:  1


45.7620833333 100.06425922, 2.18661940042, 0.483293339182, 4.5316555066, 
resistor:  1


45.8631666667 100.287268165, 2.18666253235, 0.483300459017, 4.53166975088, 
resistor:  1


45.9643095238 100.490820974, 2.1862793549, 0.48320547492, 4.53176669437, 
resistor:  1


46.0655833333 100.697972741, 2.18596977298, 0.483128987283, 4.53183985411, 
resistor:  1


46.166702381 100.914403783, 2.18586987111, 0.483102914454, 4.53187077383, 
resistor:  1


46.2678333333 101.121554592, 2.18556926716, 0.483027812355, 4.5319469387, 
resistor:  1


46.3689642857 101.329526866, 2.18528769031, 0.482957650067, 4.53201788714, 
resistor:  1


46.4703571429 101.558449785, 2.18544586333, 0.482995532339, 4.53198051297, 
resistor:  1


46.5715119048 101.785550399, 2.18557539226, 0.483026535082, 4.53195169472, 
resistor:  1


46.6726904762 102.002259276, 2.18548059336, 0.483001720783, 4.53197523006, 
resistor:  1


46.7738452381 102.221096896, 2.18543282844, 0.482987968462, 4.53199331996, 
resistor:  1


46.8749047619 102.445698202, 2.18551266871, 0.483006195855, 4.5319789954, 
resistor:  1


46.9761785714 102.671673813, 2.18561145105, 0.483029711382, 4.53195244294, 
resistor:  1


47.0775833333 102.893806915, 2.1856221078, 0.483029993375, 4.53196588996, 
resistor:  1


47.1788214286 103.12551126, 2.1858433114, 0.483081630402, 4.53192859276, 
resistor:  1


47.2799285714 103.356170113, 2.18604750972, 0.48313040564, 4.53188850955, 
resistor:  1


47.3810357143 103.584834114, 2.18620873419, 0.483167574041, 4.53186264332, 
resistor:  1


47.4822380952 103.809126464, 2.18627281755, 0.483181838796, 4.53185067447, 
resistor:  1


47.5834285714 104.039762022, 2.18647048238, 0.483227457703, 4.53182278428, 
resistor:  1


47.6846428571 104.266455168, 2.1865835397, 0.483252920713, 4.53180847399, 
resistor:  1


47.7858214286 104.489714844, 2.18662590117, 0.483261125311, 4.53180908771, 
resistor:  1


47.8871428571 104.713505939, 2.18667265765, 0.483271102402, 4.53180261508, 
resistor:  1


47.9885833333 104.94039117, 2.18677826851, 0.483294550719, 4.53179218824, 
resistor:  1


48.0897261905 105.166968758, 2.18689057079, 0.483321587631, 4.5317629806, 
resistor:  1


48.190797619 105.396786213, 2.18707287326, 0.483363816033, 4.53173473581, 
resistor:  1


48.2918809524 105.623622537, 2.1871921419, 0.483392333464, 4.5317053816, 
resistor:  1


48.3929880952 105.84906901, 2.18728111605, 0.483411881306, 4.53169604438, 
resistor:  1


48.4943214286 106.076417039, 2.18739872864, 0.483439554589, 4.53167008144, 
resistor:  1


48.595797619 106.302244566, 2.18747813133, 0.483457062082, 4.53166023215, 
resistor:  1


48.6969761905 106.53089903, 2.18762862427, 0.483492977356, 4.53162657598, 
resistor:  1


48.7981428571 106.753225798, 2.18764935606, 0.483496093607, 4.53163015057, 
resistor:  1


48.899297619 106.976364908, 2.18768714719, 0.483504224874, 4.53162454822, 
resistor:  1


49.0004047619 107.203594137, 2.18781037949, 0.483532577572, 4.53160223815, 
resistor:  1


49.1015952381 107.430030103, 2.18791323544, 0.483555378028, 4.53159342528, 
resistor:  1


49.2027619048 107.663356085, 2.18815676026, 0.483611580929, 4.53156149031, 
resistor:  1


49.3038690476 107.894424348, 2.18835613577, 0.483658136618, 4.53153163548, 
resistor:  1


49.4050238095 108.124697746, 2.18853649708, 0.483699440328, 4.53150818293, 
resistor:  1


49.5060595238 108.354674781, 2.18871539814, 0.483740922476, 4.53148168904, 
resistor:  1


49.6072261905 108.585102571, 2.18889687874, 0.483782210591, 4.53146119646, 
resistor:  1


49.7084642857 108.809878261, 2.18896077005, 0.483795376424, 4.5314603681, 
resistor:  1


49.8097738095 109.040599531, 2.18914062827, 0.483836965544, 4.53143327657, 
resistor:  1


49.9111190476 109.267251122, 2.18923665121, 0.483858038396, 4.53142681741, 
resistor:  1


50.0126190476 109.496092981, 2.18936930452, 0.483889539211, 4.53139710108, 
resistor:  1


50.1139880952 109.724762173, 2.18950369634, 0.483921207275, 4.53137153631, 
resistor:  1


50.2152142857 109.956172394, 2.1896983605, 0.48396762129, 4.53133012769, 
resistor:  1


50.316297619 110.182816699, 2.1898037398, 0.483993548345, 4.53129773849, 
resistor:  1


50.4175 110.411479764, 2.18994356649, 0.48402635448, 4.53127145312, 
resistor:  1


50.5187142857 110.629167597, 2.18986506608, 0.484006176724, 4.53129237671, 
resistor:  1


50.6199047619 110.847580534, 2.18980223402, 0.483987586647, 4.53132494508, 
resistor:  1


50.7211904762 111.072454807, 2.18986293036, 0.484000991631, 4.53131568265, 
resistor:  1


50.8224761905 111.293000703, 2.18983821815, 0.483993517852, 4.53132756809, 
resistor:  1


50.9238095238 111.518024885, 2.18989949747, 0.484007020424, 4.53131648072, 
resistor:  1


51.025 111.745135923, 2.1900075634, 0.484031671876, 4.5312991634, 
resistor:  1


51.1263095238 111.972626712, 2.1901175296, 0.48405586191, 4.53129208298, 
resistor:  1


51.2274404762 112.206527028, 2.19035981469, 0.484111855576, 4.53126045405, 
resistor:  1


51.3286190476 112.435332663, 2.1904998566, 0.484142568126, 4.53125361851, 
resistor:  1


51.4300714286 112.666209489, 2.19066795668, 0.484180733544, 4.53123621866, 
resistor:  1


51.5315238095 112.892968946, 2.1907554949, 0.484199556692, 4.53123209095, 
resistor:  1


51.6328452381 113.120051947, 2.1908545118, 0.484221078925, 4.53122621593, 
resistor:  1


51.7341190476 113.35057031, 2.19102156173, 0.484258990335, 4.5312087883, 
resistor:  1


51.835202381 113.576700818, 2.19111136065, 0.484278069552, 4.53120791109, 
resistor:  1


51.9362619048 113.801896844, 2.19118382168, 0.484292391263, 4.53121430691, 
resistor:  1


52.037297619 114.027880224, 2.19127213443, 0.484313845835, 4.53118903227, 
resistor:  1


52.1385119048 114.254644104, 2.19136756939, 0.484335261274, 4.53117592647, 
resistor:  1


52.2398214286 114.480068482, 2.19143299788, 0.484350743083, 4.5311616446, 
resistor:  1


52.340952381 114.707812456, 2.19154996686, 0.48437815131, 4.53113769334, 
resistor:  1


52.4421071429 114.936407509, 2.19168171859, 0.484409709499, 4.53110729241, 
resistor:  1


52.5431190476 115.160432088, 2.19173193704, 0.484420686573, 4.53109994376, 
resistor:  1


52.6442380952 115.386827236, 2.19182253198, 0.484441995951, 4.53107851189, 
resistor:  1


52.7459166667 115.617509734, 2.19197081102, 0.484477196504, 4.53104955225, 
resistor:  1


52.8472619048 115.845185695, 2.19207545518, 0.484502177418, 4.53102424236, 
resistor:  1


52.9485952381 116.073800596, 2.19219792468, 0.484531416142, 4.53099683903, 
resistor:  1


53.0499404762 116.302906114, 2.19232868255, 0.48456238014, 4.5309687313, 
resistor:  1


53.151297619 116.534660435, 2.19250828589, 0.484604258866, 4.53094106176, 
resistor:  1


53.2526071429 116.764659919, 2.19265621316, 0.484637921963, 4.53092166609, 
resistor:  1


53.353952381 117.000211894, 2.19290617982, 0.484696960358, 4.5308778144, 
resistor:  1


53.4551547619 117.228469072, 2.19302459407, 0.484724094974, 4.53086158263, 
resistor:  1


53.5564285714 117.456640141, 2.19313802795, 0.484748642471, 4.53085754016, 
resistor:  1


53.6576785714 117.685437948, 2.19326368715, 0.484778235101, 4.53083315874, 
resistor:  1


53.7588214286 117.913463008, 2.19337887019, 0.484803586157, 4.53082450012, 
resistor:  1


53.86 118.137552941, 2.19341910399, 0.484811841671, 4.53082718738, 
resistor:  1


53.9612738095 118.365085223, 2.19351910855, 0.484834427033, 4.53081400654, 
resistor:  1


54.0624285714 118.593004139, 2.1936307205, 0.484862535868, 4.53077431554, 
resistor:  1


54.1636071429 118.821533028, 2.19375221289, 0.484891465341, 4.53074735249, 
resistor:  1


54.2651547619 119.053537364, 2.19392237774, 0.484933136037, 4.53070330494, 
resistor:  1


54.3665952381 119.28844034, 2.19414954748, 0.484987889873, 4.53065297798, 
resistor:  1


54.4681190476 119.521124337, 2.19433177475, 0.485032049725, 4.53060984515, 
resistor:  1


54.569452381 119.748897407, 2.19443098991, 0.485054971688, 4.53059319075, 
resistor:  1


54.6705952381 119.976306285, 2.1945308216, 0.48507855532, 4.5305714801, 
resistor:  1


54.7717619048 120.202632996, 2.19460957282, 0.485096193555, 4.53056206687, 
resistor:  1


54.8730833333 120.430104369, 2.19470270401, 0.485118686529, 4.53053687621, 
resistor:  1


54.9742619048 120.659666958, 2.19483923525, 0.485150612469, 4.53051283567, 
resistor:  1


55.0754761905 120.888862799, 2.1949671825, 0.48518138957, 4.53048316432, 
resistor:  1


55.1766785714 121.12032585, 2.19513622395, 0.485220264509, 4.53046277797, 
resistor:  1


55.2778095238 121.35074463, 2.19528859186, 0.485255989271, 4.530437306, 
resistor:  1


55.3788809524 121.58318096, 2.19547919476, 0.485299853765, 4.53041547052, 
resistor:  1


55.4799047619 121.818675712, 2.19572611442, 0.485357928149, 4.53037383249, 
resistor:  1


55.5812142857 122.04283217, 2.19575685308, 0.485363456393, 4.530382701, 
resistor:  1


55.6825952381 122.269129543, 2.19582311169, 0.485377277978, 4.5303824293, 
resistor:  1


55.7838809524 122.498064255, 2.19594015626, 0.485404104206, 4.53036646053, 
resistor:  1


55.8852619048 122.727007945, 2.19605319474, 0.485430163145, 4.53034971969, 
resistor:  1


55.986702381 122.954534344, 2.19613817416, 0.485449144431, 4.5303401874, 
resistor:  1


56.0881190476 123.182005135, 2.19622278705, 0.485470619065, 4.53030797649, 
resistor:  1


56.189297619 123.409336872, 2.19631392634, 0.485492440554, 4.53028502966, 
resistor:  1


56.2904880952 123.639098997, 2.19644744931, 0.485524979818, 4.5302505273, 
resistor:  1


56.3916071429 123.883931263, 2.19685051622, 0.485623512549, 4.53016370197, 
resistor:  1


56.4927619048 124.134157122, 2.19734622519, 0.485745228505, 4.53005553424, 
resistor:  1


56.5938809524 124.375642917, 2.1976871143, 0.485827419354, 4.52998821802, 
resistor:  1


56.6951190476 124.611861129, 2.19792926132, 0.485886300142, 4.52993144613, 
resistor:  1


56.7964761905 124.848084755, 2.19816603299, 0.485942765643, 4.52988523392, 
resistor:  1


56.897797619 125.091224605, 2.1985248962, 0.486029285982, 4.52981688493, 
resistor:  1


56.9991666667 125.335643888, 2.19890309311, 0.486119417999, 4.52975366695, 
resistor:  1


57.1005595238 125.57835598, 2.19924913218, 0.486202771592, 4.52968802055, 
resistor:  1


57.2017261905 125.811189637, 2.19942994759, 0.486244523139, 4.52966627258, 
resistor:  1


57.3029285714 126.035569801, 2.19946123074, 0.486250418846, 4.52967041237, 
resistor:  1


57.4040595238 126.263074748, 2.19954957533, 0.486269517774, 4.52966709464, 
resistor:  1


57.5054047619 126.487451805, 2.19957501957, 0.486273405764, 4.52967548272, 
resistor:  1


57.6067857143 126.714216989, 2.19964046628, 0.486287030293, 4.52967564253, 
resistor:  1


57.7079642857 126.93707871, 2.19964575568, 0.486285789884, 4.5296910947, 
resistor:  1


57.8091190476 127.162886611, 2.19970289647, 0.486296982011, 4.52969821725, 
resistor:  1


57.9103095238 127.390997535, 2.19979824978, 0.486317304265, 4.52969757248, 
resistor:  1


58.0116666667 127.616740669, 2.19984613443, 0.486327394589, 4.52969487134, 
resistor:  1


58.113 127.84534973, 2.19994406983, 0.486351736285, 4.52966364979, 
resistor:  1


58.2141785714 128.073012547, 2.20003125854, 0.486372076085, 4.52964614382, 
resistor:  1


58.3153095238 128.29586011, 2.20003736853, 0.486372700815, 4.52964581323, 
resistor:  1


58.4165238095 128.520529349, 2.2000715032, 0.486379992944, 4.5296410845, 
resistor:  1


58.5176904762 128.750848917, 2.20020386774, 0.486412043993, 4.52960983899, 
resistor:  1


58.6188928571 128.976235803, 2.20025028649, 0.486422261808, 4.52960269615, 
resistor:  1


58.7202380952 129.199784002, 2.20025987962, 0.486423384361, 4.52960548885, 
resistor:  1


58.8215833333 129.430379413, 2.20038924624, 0.486454303184, 4.52957867658, 
resistor:  1


58.923 129.654966693, 2.20041353449, 0.486459270981, 4.52957579134, 
resistor:  1


59.0243809524 129.878560956, 2.20042224688, 0.486459490313, 4.52958824284, 
resistor:  1


59.1257261905 130.103063371, 2.20044761821, 0.486464963646, 4.52958513495, 
resistor:  1


59.226952381 130.332258376, 2.20055655637, 0.486489626495, 4.52957390534, 
resistor:  1


59.3281428571 130.559779706, 2.20063823708, 0.486507657601, 4.52956747624, 
resistor:  1


59.4293333333 130.786617811, 2.20070814319, 0.486522616372, 4.5295649858, 
resistor:  1


59.5304761905 131.015416219, 2.20081250148, 0.486546125115, 4.52955490206, 
resistor:  1


59.631547619 131.244853346, 2.20092985317, 0.486572696145, 4.52954141836, 
resistor:  1


59.7326547619 131.466860426, 2.20092110337, 0.486568399765, 4.52955657855, 
resistor:  1


59.8338452381 131.689703537, 2.20092329038, 0.486566426284, 4.52957286745, 
resistor:  1


59.9350595238 131.915704119, 2.20097727719, 0.486577761298, 4.52957210779, 
resistor:  1


60.0364404762 132.142547741, 2.20103901385, 0.486592834372, 4.52955322159, 
resistor:  1


60.137797619 132.369156906, 2.20109751515, 0.486607654737, 4.52953015794, 
resistor:  1


60.2390595238 132.596751516, 2.20117565852, 0.486627140621, 4.52950290603, 
resistor:  1


60.3404166667 132.826738026, 2.20128970536, 0.486655719424, 4.52946713905, 
resistor:  1


60.4417261905 133.056969816, 2.20140916222, 0.48668388292, 4.52944452658, 
resistor:  1


60.5430952381 133.284414622, 2.20148002176, 0.486700116195, 4.5294325704, 
resistor:  1


60.6442857143 133.514790864, 2.20160546524, 0.486730531679, 4.5294018159, 
resistor:  1


60.7455952381 133.743001434, 2.20169052439, 0.486750441167, 4.52938703559, 
resistor:  1


60.8470119048 133.960971986, 2.20160313205, 0.486728142878, 4.52940854437, 
resistor:  1


60.9481666667 134.188691781, 2.20168545043, 0.486747117192, 4.52939498712, 
resistor:  1


61.0493095238 134.41160376, 2.20168917238, 0.486745821317, 4.52940779297, 
resistor:  1


61.150547619 134.637704968, 2.20174160674, 0.486756094122, 4.52941264185, 
resistor:  1


61.2518214286 134.866259323, 2.20183263415, 0.486776673694, 4.52940251371, 
resistor:  1


61.3529761905 135.110998807, 2.20219143709, 0.486862431579, 4.52934237976, 
resistor:  1


61.4540833333 135.356443024, 2.20256223317, 0.486951052497, 4.52927954254, 
resistor:  1


61.5551904762 135.600894004, 2.20291567543, 0.487035765674, 4.52921701911, 
resistor:  1


61.6563095238 135.848137786, 2.20331282938, 0.4871306663, 4.529150312, 
resistor:  1


61.7576190476 136.093348794, 2.20366897061, 0.487215421592, 4.52909238551, 
resistor:  1


61.8589285714 136.338273032, 2.20401930944, 0.48729952805, 4.52902899986, 
resistor:  1


61.9604880952 136.581898243, 2.20433864292, 0.487375923817, 4.52897238448, 
resistor:  1


62.0618214286 136.827594596, 2.20469833863, 0.487463811859, 4.52889460356, 
resistor:  1


62.1630119048 137.056593313, 2.20479331862, 0.487486446512, 4.52887343432, 
resistor:  1


62.2641785714 137.283774051, 2.20485963519, 0.487503713789, 4.5288437504, 
resistor:  1


62.3653333333 137.51143666, 2.20493388411, 0.487520934896, 4.52882933888, 
resistor:  1


62.4664880952 137.73725504, 2.20497836904, 0.487532093541, 4.52881254592, 
resistor:  1


62.567547619 137.958101281, 2.20494659821, 0.487523350768, 4.52882466102, 
resistor:  1


62.6686785714 138.194095633, 2.20515413414, 0.487574463097, 4.52877114293, 
resistor:  1


62.7699047619 138.417693522, 2.20516016469, 0.487574826029, 4.52877278837, 
resistor:  1


62.8711904762 138.645049511, 2.20522386264, 0.487589918647, 4.52875712607, 
resistor:  1


62.9724047619 138.872434307, 2.20529031457, 0.487605088151, 4.52874719807, 
resistor:  1


63.0738214286 139.104385149, 2.20542186915, 0.487635755451, 4.52872716032, 
resistor:  1


63.175 139.333462555, 2.20551582992, 0.487656676918, 4.52871943722, 
resistor:  1


63.2760357143 139.550831196, 2.20542942713, 0.487634614818, 4.52874006959, 
resistor:  1


63.3772261905 139.781269761, 2.20554413884, 0.487660855519, 4.52872640313, 
resistor:  1


63.4785119048 140.010691894, 2.20563916343, 0.487683285305, 4.52870752634, 
resistor:  1


63.5799404762 140.241877423, 2.20575666434, 0.487709890879, 4.52869585668, 
resistor:  1


63.6811428571 140.478218755, 2.2059625888, 0.487759418528, 4.52865378007, 
resistor:  1


63.7824642857 140.706686723, 2.20604030118, 0.487776408282, 4.52864997245, 
resistor:  1


63.8838809524 140.935137499, 2.20611420906, 0.487793032462, 4.52864213897, 
resistor:  1


63.9851190476 141.166046018, 2.20623245091, 0.487820857729, 4.52862250533, 
resistor:  1


64.0862380952 141.394308507, 2.20631312915, 0.487840490068, 4.52859892342, 
resistor:  1


64.1873452381 141.618562432, 2.20633151141, 0.487844271048, 4.5285970968, 
resistor:  1


64.2885 141.840854482, 2.20631768484, 0.48784202397, 4.52858687023, 
resistor:  1


64.3895238095 142.069281328, 2.20640366511, 0.487862645839, 4.52856649816, 
resistor:  1


64.4906785714 142.294650103, 2.20643747679, 0.487870221682, 4.5285609964, 
resistor:  1


64.5919166667 142.525265987, 2.20654957063, 0.487897871967, 4.52852899363, 
resistor:  1


64.6930595238 142.759145438, 2.20671500914, 0.48793872456, 4.52848564559, 
resistor:  1


64.7943095238 142.984319417, 2.20674192638, 0.487944611587, 4.52848163342, 
resistor:  1


64.8956785714 143.21322467, 2.20682220793, 0.48796429336, 4.52845866099, 
resistor:  1


64.9969642857 143.440700555, 2.20688307726, 0.487977242681, 4.52845751252, 
resistor:  1


65.0982738095 143.667741822, 2.20693627365, 0.487988684447, 4.52845514774, 
resistor:  1


65.1994880952 143.89530826, 2.20700058334, 0.48800284389, 4.52844911505, 
resistor:  1


65.3006071429 144.121015168, 2.20703943614, 0.488011817021, 4.52844111666, 
resistor:  1


65.4018809524 144.348742358, 2.2071038364, 0.488025897645, 4.52843640457, 
resistor:  1


65.50325 144.577226369, 2.20717638238, 0.488041811897, 4.52843347951, 
resistor:  1


65.6044404762 144.80421436, 2.20723190853, 0.488053748897, 4.52843130647, 
resistor:  1


65.7055714286 145.039135852, 2.20741000647, 0.488096472981, 4.52839572958, 
resistor:  1


65.8066547619 145.278522023, 2.20765699987, 0.488155692648, 4.52834999932, 
resistor:  1


65.9077738095 145.506124475, 2.20772324818, 0.488170904292, 4.52834341219, 
resistor:  1


66.0089761905 145.732953721, 2.20777479264, 0.488182663588, 4.52833379274, 
resistor:  1


66.1101309524 145.963051589, 2.20787721166, 0.488207742682, 4.52830652342, 
resistor:  1


66.2111428571 146.188852033, 2.20791917681, 0.488217600756, 4.52829669058, 
resistor:  1


66.3122380952 146.415864709, 2.20797652009, 0.488232498033, 4.52827071927, 
resistor:  1


66.4136190476 146.644579806, 2.20804982335, 0.488250283706, 4.52825073505, 
resistor:  1


66.5150833333 146.870899042, 2.20808411689, 0.48825908351, 4.52823446545, 
resistor:  1


66.6163571429 147.117979053, 2.20843626645, 0.488345994677, 4.52815405623, 
resistor:  1


66.7174166667 147.363106035, 2.20876516803, 0.488426641866, 4.52808161725, 
resistor:  1


66.8185 147.615726446, 2.2092044336, 0.488534181298, 4.52798884736, 
resistor:  1


66.9195595238 147.862993805, 2.20956316595, 0.488621467478, 4.52791620049, 
resistor:  1


67.0206785714 148.105997212, 2.20985523228, 0.488691206842, 4.52786590298, 
resistor:  1


67.1218690476 148.353041557, 2.21020426966, 0.48877419931, 4.52781075086, 
resistor:  1


67.222952381 148.603474661, 2.21060619027, 0.488871793908, 4.52773225079, 
resistor:  1


67.324047619 148.834842653, 2.21072332868, 0.488899947765, 4.52770686956, 
resistor:  1


67.425202381 149.062762985, 2.21078703098, 0.488914530164, 4.52769602106, 
resistor:  1


67.5263333333 149.292231166, 2.21087424411, 0.488934996556, 4.52768117374, 
resistor:  1


67.627452381 149.510045801, 2.21078926586, 0.48891424372, 4.52769662949, 
resistor:  1


67.7287261905 149.738076504, 2.21085032786, 0.488928496696, 4.52768484404, 
resistor:  1


67.8298928571 149.966370317, 2.21091857882, 0.488944363435, 4.52767183508, 
resistor:  1


67.931297619 150.202573034, 2.21109530214, 0.488985718296, 4.52764520314, 
resistor:  1


68.0327857143 150.425778481, 2.21107774585, 0.488981271776, 4.52764605165, 
resistor:  1


68.1340238095 150.651247006, 2.21110156986, 0.488986430115, 4.52764122751, 
resistor:  1


68.2351309524 150.880861386, 2.21119032498, 0.489008097262, 4.52761745452, 
resistor:  1


68.336297619 151.108386562, 2.21124631897, 0.489021523905, 4.52760337702, 
resistor:  1


68.4374166667 151.337849274, 2.2113319971, 0.489042484653, 4.52758040831, 
resistor:  1


68.5385833333 151.56594497, 2.21139594078, 0.489057505576, 4.52756712852, 
resistor:  1


68.6397857143 151.794446865, 2.21146446315, 0.489074310888, 4.52754731116, 
resistor:  1


68.7409404762 152.020296027, 2.21149572546, 0.48908127072, 4.52754154223, 
resistor:  1


68.8420238095 152.248265951, 2.21155999673, 0.489096147501, 4.52753001414, 
resistor:  1


68.9431190476 152.482225507, 2.21171057552, 0.489132055869, 4.52750026331, 
resistor:  1


69.0442380952 152.712345014, 2.21180433338, 0.489153518095, 4.5274874119, 
resistor:  1


69.145297619 152.941641264, 2.21188781495, 0.489172271772, 4.52747996137, 
resistor:  1


69.2463928571 153.160391706, 2.21181761803, 0.489154055615, 4.52750642639, 
resistor:  1


69.347452381 153.389735485, 2.21190152224, 0.489173702877, 4.52749153397, 
resistor:  1


69.4488928571 153.617129948, 2.21194498037, 0.489183441204, 4.52748885265, 
resistor:  1


69.55025 153.847153723, 2.21202876658, 0.489202242964, 4.52748042814, 
resistor:  1


69.6513571429 154.074856907, 2.21208693164, 0.489215119343, 4.52747453607, 
resistor:  1


69.7525 154.303471938, 2.21215686804, 0.489230325126, 4.52747147185, 
resistor:  1


69.8536428571 154.531352964, 2.21221609416, 0.489243617533, 4.52746442692, 
resistor:  1


69.9549047619 154.762791518, 2.2123222388, 0.489268438564, 4.52744674145, 
resistor:  1


70.0559761905 154.998866194, 2.21250026939, 0.48931272096, 4.52739711417, 
resistor:  1


70.1570357143 155.226857773, 2.21256294815, 0.489327472722, 4.52738400219, 
resistor:  1


70.2581071429 155.456188968, 2.21264413874, 0.489347488271, 4.52736125784, 
resistor:  1


70.3591785714 155.685419546, 2.212723666, 0.489367247934, 4.52733735742, 
resistor:  1


70.4603214286 155.913412189, 2.21278315267, 0.489381918996, 4.5273187928, 
resistor:  1


70.5615595238 156.140523654, 2.21282699402, 0.48939156793, 4.52731484066, 
resistor:  1


70.6628928571 156.369321177, 2.21289158786, 0.489407154633, 4.52729769503, 
resistor:  1


70.7641666667 156.594908465, 2.21291249288, 0.489411494045, 4.52729548407, 
resistor:  1


70.8652738095 156.822757183, 2.21297045439, 0.489425548576, 4.52727899117, 
resistor:  1


70.9665833333 157.046462205, 2.21296355029, 0.489422055116, 4.52729238539, 
resistor:  1


71.0679047619 157.280781804, 2.2131056534, 0.489455749155, 4.52726711557, 
resistor:  1


71.1690833333 157.5095041, 2.21317314658, 0.489470346221, 4.52726498739, 
resistor:  1


71.2702261905 157.73536291, 2.21320137933, 0.489475635331, 4.52726896109, 
resistor:  1


71.3713571429 157.96523367, 2.21328611356, 0.489495376031, 4.52725637606, 
resistor:  1


71.4724642857 158.192221188, 2.21333100473, 0.489505115952, 4.5272528154, 
resistor:  1


71.5736428571 158.421817295, 2.2134100064, 0.489522572624, 4.52724862484, 
resistor:  1


71.6747142857 158.648944171, 2.21345764336, 0.489532646866, 4.5272463155, 
resistor:  1


71.7757261905 158.871552088, 2.21344402238, 0.489527227221, 4.52726343316, 
resistor:  1


71.8768214286 159.087220276, 2.21333132315, 0.489497865471, 4.52730004551, 
resistor:  1


71.9778452381 159.301807679, 2.2132061213, 0.489465641769, 4.5273377143, 
resistor:  1


72.0789404762 159.528089019, 2.21324131521, 0.489473833967, 4.52733019383, 
resistor:  1


72.1802261905 159.76527339, 2.21342162281, 0.489517753272, 4.5272887111, 
resistor:  1


72.2814880952 159.99486572, 2.21349711989, 0.489536211041, 4.52726846432, 
resistor:  1


72.382547619 160.219669339, 2.21351243649, 0.489539766783, 4.52726185074, 
resistor:  1


72.4838333333 160.447901506, 2.21356810377, 0.489553707838, 4.52724230038, 
resistor:  1


72.5851785714 160.677302456, 2.21363790265, 0.489570654953, 4.5272241649, 
resistor:  1


72.686297619 160.898192752, 2.21359730819, 0.489560535089, 4.52723293449, 
resistor:  1


72.7874642857 161.124081274, 2.21362404714, 0.489566606405, 4.52722642684, 
resistor:  1


72.8888095238 161.353504471, 2.2136937827, 0.489583546287, 4.52720892705, 
resistor:  1


72.9899285714 161.580021562, 2.21373036971, 0.489591429201, 4.52720706519, 
resistor:  1


73.0911071429 161.811357079, 2.21383097621, 0.489614406875, 4.52719451001, 
resistor:  1


73.1922619048 162.045422182, 2.21396931814, 0.48964690706, 4.52717198585, 
resistor:  1


73.2933095238 162.270041436, 2.21398163748, 0.489648627907, 4.52717651974, 
resistor:  1


73.3943928571 162.497831709, 2.21403605075, 0.489660328408, 4.52717482533, 
resistor:  1


73.4954285714 162.724841952, 2.21408113558, 0.489670591548, 4.5271686109, 
resistor:  1


73.5964880952 162.951533443, 2.21412104926, 0.489678389199, 4.52717234005, 
resistor:  1


73.6977619048 163.180934793, 2.21419118539, 0.489694201399, 4.52716435427, 
resistor:  1


73.7989404762 163.409036699, 2.21424637867, 0.489706092125, 4.52716215359, 
resistor:  1


73.8999880952 163.635274974, 2.21428012631, 0.489712670674, 4.52716645179, 
resistor:  1


74.0013095238 163.864938032, 2.21435186872, 0.489729856361, 4.52715107288, 
resistor:  1


74.1028571429 164.096189353, 2.21443808889, 0.489751101099, 4.52712737571, 
resistor:  1


74.20425 164.329183037, 2.21455217237, 0.489778870501, 4.52709938835, 
resistor:  1


74.3056547619 164.5620294, 2.21466360706, 0.489805985244, 4.52707444981, 
resistor:  1


74.4068809524 164.785402293, 2.21465273351, 0.489803300418, 4.52707420525, 
resistor:  1


74.5080952381 165.014290031, 2.21471626008, 0.489819001605, 4.52705469683, 
resistor:  1


74.6092142857 165.242393389, 2.21477192825, 0.48983253845, 4.52703869337, 
resistor:  1


74.7102857143 165.472284029, 2.21485278027, 0.489852271337, 4.52701756066, 
resistor:  1


74.8113333333 165.700776072, 2.21491542376, 0.489867288798, 4.52700223389, 
resistor:  1


74.9124404762 165.927364142, 2.21495072231, 0.489875470021, 4.52699482524, 
resistor:  1


75.0135 166.156377707, 2.21501966589, 0.489891396139, 4.52698512338, 
resistor:  1


75.1146666667 166.385052717, 2.2150807572, 0.489904927625, 4.52698058725, 
resistor:  1


75.2157857143 166.610568939, 2.21510109024, 0.489908393856, 4.52698495251, 
resistor:  1


75.3168452381 166.844095895, 2.21522947978, 0.489937598088, 4.52697175908, 
resistor:  1


75.4181190476 167.073565082, 2.21529742709, 0.489953299797, 4.52696133079, 
resistor:  1


75.5195238095 167.298615386, 2.21530283755, 0.489953547655, 4.52696598929, 
resistor:  1


75.6208571429 167.524907685, 2.21532674998, 0.489957858413, 4.52697004299, 
resistor:  1


75.7220357143 167.752419638, 2.21537123317, 0.489967116259, 4.52697096045, 
resistor:  1


75.8232261905 167.980948765, 2.21542866487, 0.489979821581, 4.52696648804, 
resistor:  1


75.9244642857 168.207905849, 2.21546384859, 0.489986903111, 4.5269683636, 
resistor:  1


76.0256071429 168.428713919, 2.21542083318, 0.489976538547, 4.52697596639, 
resistor:  1


76.1266666667 168.655236802, 2.21545542695, 0.489984535342, 4.52696774792, 
resistor:  1


76.2277857143 168.881707096, 2.2154875091, 0.489992219685, 4.52695751793, 
resistor:  1


76.3289642857 169.114745089, 2.21560382316, 0.490020745833, 4.52692902996, 
resistor:  1


76.4301309524 169.349830976, 2.21574696871, 0.490056133179, 4.52688967132, 
resistor:  1


76.5312261905 169.574516793, 2.21575591081, 0.490058597189, 4.52688004413, 
resistor:  1


76.6324047619 169.800108314, 2.21577423861, 0.490063619187, 4.52686687104, 
resistor:  1


76.7336071429 170.025477736, 2.21578893613, 0.490066307642, 4.52686744954, 
resistor:  1


76.8348095238 170.252007898, 2.21581870188, 0.490073714793, 4.52685618943, 
resistor:  1


76.9361309524 170.477398049, 2.21583014298, 0.490075330964, 4.52686059981, 
resistor:  1


77.0375357143 170.705396099, 2.21587300939, 0.490084724206, 4.5268562934, 
resistor:  1


77.1386785714 170.930594629, 2.21588699462, 0.490086657671, 4.52686333231, 
resistor:  1


77.239797619 171.156714014, 2.21591354832, 0.490091523988, 4.52686781143, 
resistor:  1


77.3408452381 171.383166288, 2.21594638331, 0.490097934104, 4.5268730272, 
resistor:  1


77.4421309524 171.615765636, 2.21605169596, 0.490122821114, 4.52685175016, 
resistor:  1


77.543547619 171.848478215, 2.21615445117, 0.490147187333, 4.52683157814, 
resistor:  1


77.644797619 172.071289427, 2.21613417387, 0.490141494623, 4.52683983823, 
resistor:  1


77.7460595238 172.297837094, 2.21616166979, 0.490147083981, 4.52684014651, 
resistor:  1


77.8475 172.524374331, 2.21618387657, 0.490151282534, 4.52684173447, 
resistor:  1


77.9487738095 172.750999521, 2.21621189248, 0.490156837659, 4.5268431475, 
resistor:  1


78.0501547619 172.9783312, 2.21624584509, 0.490165421203, 4.52682891668, 
resistor:  1


78.1515833333 173.204874366, 2.21626826967, 0.490170520061, 4.52682397582, 
resistor:  1


78.2529047619 173.42970424, 2.21627177634, 0.490171311936, 4.52681912505, 
resistor:  1


78.3541547619 173.656034049, 2.21629643734, 0.490177096876, 4.52681274489, 
resistor:  1


78.4554880952 173.879983435, 2.2162883395, 0.490175047681, 4.52681183888, 
resistor:  1


78.5568333333 174.11256768, 2.21638984531, 0.490200211812, 4.52678268483, 
resistor:  1


78.658297619 174.337820035, 2.21639452305, 0.490201782868, 4.52677317419, 
resistor:  1


78.7595595238 174.56411572, 2.21641813102, 0.490207164023, 4.52676701518, 
resistor:  1


78.8608214286 174.790412208, 2.21644168855, 0.490212722019, 4.52675932429, 
resistor:  1


78.962047619 175.016398143, 2.21646225523, 0.490216532537, 4.52676246823, 
resistor:  1


79.0632142857 175.242516112, 2.21648610792, 0.490220585908, 4.52676904833, 
resistor:  1


79.1644047619 175.467540954, 2.21649542471, 0.490221239653, 4.52677884833, 
resistor:  1


79.2655952381 175.690055828, 2.2164730524, 0.490214517868, 4.52679221705, 
resistor:  1


79.3669404762 175.914628616, 2.21647234428, 0.490212747444, 4.5268033641, 
resistor:  1


79.468202381 176.140096244, 2.21648522261, 0.490214459827, 4.52680881821, 
resistor:  1


79.5693095238 176.373576738, 2.21660308218, 0.490242218055, 4.52678815961, 
resistor:  1


79.670452381 176.602060964, 2.21665693725, 0.490254711385, 4.52677862224, 
resistor:  1


79.7716428571 176.830004923, 2.21670255983, 0.490264761114, 4.5267762212, 
resistor:  1


79.8728095238 177.055563699, 2.21671886533, 0.490267912265, 4.52677580027, 
resistor:  1


79.9741309524 177.282485712, 2.21674788586, 0.490273825987, 4.52677659658, 
resistor:  1


80.0756071429 177.506245239, 2.21673305483, 0.490269835154, 4.52677899046, 
resistor:  1


80.17675 177.729462169, 2.2167207098, 0.49026629218, 4.5267830836, 
resistor:  1


80.2779166667 177.955972221, 2.21674875994, 0.490272566271, 4.52677811282, 
resistor:  1


80.3790714286 178.185286137, 2.2168119508, 0.490287158296, 4.52676853327, 
resistor:  1


80.4801190476 178.411785212, 2.21684295852, 0.490294379381, 4.52676056162, 
resistor:  1


80.581202381 178.638090138, 2.21687049659, 0.490302179662, 4.52673970761, 
resistor:  1


80.6823214286 178.870646751, 2.21697446955, 0.49032772348, 4.52671137147, 
resistor:  1


80.7835952381 179.09546653, 2.21697816249, 0.490328048854, 4.52671124701, 
resistor:  1


80.8846666667 179.322379862, 2.21701327646, 0.490336682774, 4.52669970448, 
resistor:  1


80.98575 179.542781284, 2.21696756878, 0.490324498725, 4.52671527292, 
resistor:  1


81.0868095238 179.771593215, 2.21702634832, 0.490337685363, 4.52670959741, 
resistor:  1


81.1878809524 179.996984246, 2.21704252081, 0.49034040809, 4.52671361973, 
resistor:  1


81.289047619 180.224124514, 2.21707757432, 0.490347513436, 4.52671520749, 
resistor:  1


81.39025 180.457246768, 2.21718506538, 0.490372966856, 4.52669744632, 
resistor:  1


81.491547619 180.684775523, 2.21722105914, 0.490380311667, 4.52669860329, 
resistor:  1


81.5929761905 180.912197578, 2.21725209723, 0.490386808963, 4.52669813275, 
resistor:  1


81.6941547619 181.143607598, 2.21733865937, 0.49040750156, 4.52667927482, 
resistor:  1


81.7953452381 181.369198355, 2.21735354043, 0.490409921132, 4.52668367354, 
resistor:  1


81.8965714286 181.59457628, 2.21736481897, 0.490411246041, 4.52669061412, 
resistor:  1


81.9977380952 181.820319027, 2.21738212847, 0.490415945151, 4.52667973802, 
resistor:  1


82.0988928571 182.049569222, 2.21744243907, 0.490430949215, 4.52666125815, 
resistor:  1


82.1998809524 182.275405294, 2.21746556299, 0.490436761521, 4.52665104254, 
resistor:  1


82.3011547619 182.502685464, 2.2174984785, 0.490444660344, 4.52664185223, 
resistor:  1


82.4022619048 182.729444069, 2.21752946879, 0.490452190016, 4.52663156846, 
resistor:  1


82.5034642857 182.954476258, 2.2175368979, 0.490453732249, 4.52662884474, 
resistor:  1


82.6046547619 183.172784312, 2.21746322698, 0.490436140395, 4.52664086926, 
resistor:  1


82.7058571429 183.398973335, 2.21748470629, 0.490442144326, 4.52662530122, 
resistor:  1


82.8070357143 183.621007248, 2.21745659248, 0.49043511942, 4.52662832965, 
resistor:  1


82.9084047619 183.843447402, 2.21742835277, 0.490427938851, 4.52663394877, 
resistor:  1


83.0099285714 184.069200119, 2.21743595359, 0.490428737482, 4.52663856504, 
resistor:  1


83.1111785714 184.293690063, 2.21743564741, 0.490427638329, 4.52664417158, 
resistor:  1


83.2122857143 184.517494695, 2.21743091312, 0.490425510646, 4.5266506355, 
resistor:  1


83.3135714286 184.738207831, 2.21738433082, 0.490412694589, 4.52667012939, 
resistor:  1


83.41475 184.964477267, 2.21740732025, 0.49041758653, 4.5266684988, 
resistor:  1


83.5159166667 185.190561182, 2.21742834867, 0.490421453699, 4.526671809, 
resistor:  1


83.6170952381 185.409596822, 2.21736471823, 0.49040496026, 4.52669111427, 
resistor:  1


83.7184404762 185.634292522, 2.21736443567, 0.490404136956, 4.52669357373, 
resistor:  1


83.8196071429 185.863630094, 2.21742425704, 0.490417662996, 4.52668620977, 
resistor:  1


83.9208095238 186.082595091, 2.21735939092, 0.490400291164, 4.52671053874, 
resistor:  1


84.0220595238 186.308465682, 2.21737561228, 0.490404445213, 4.52670292763, 
resistor:  1


84.1231904762 186.532573406, 2.21737397679, 0.490403591224, 4.5267038615, 
resistor:  1


84.2243571429 186.754918158, 2.21735047311, 0.490397661654, 4.52670660819, 
resistor:  1


84.3254642857 186.966727682, 2.2172036557, 0.490361457545, 4.52673979051, 
resistor:  1


84.4268928571 187.185079461, 2.21712623936, 0.490342659469, 4.5267515076, 
resistor:  1


84.5284047619 187.410184885, 2.21712672104, 0.490342246818, 4.52675315924, 
resistor:  1


84.6296904762 187.630635837, 2.21707812922, 0.490330342619, 4.52676124211, 
resistor:  1


84.7309166667 187.855898013, 2.21708799342, 0.490333411945, 4.5267492463, 
resistor:  1


84.8323095238 188.089321344, 2.21718968162, 0.490358528618, 4.52672202623, 
resistor:  1


84.9337619048 188.319514304, 2.21725153909, 0.490372867692, 4.52671284769, 
resistor:  1


85.035 188.550246817, 2.2173251816, 0.490390189706, 4.52670046676, 
resistor:  1


85.1361547619 188.780673323, 2.21739722508, 0.490406526604, 4.5266936497, 
resistor:  1


85.2374166667 189.008239761, 2.21743275609, 0.490414750107, 4.52668720358, 
resistor:  1


85.3386071429 189.237086622, 2.21748506283, 0.490426053082, 4.52668624802, 
resistor:  1


85.4397380952 189.465802679, 2.21753725963, 0.490437950172, 4.52667932683, 
resistor:  1


85.5409285714 189.692946712, 2.21756941245, 0.490444181617, 4.526684289, 
resistor:  1


85.6420595238 189.923587711, 2.21764386292, 0.49046115892, 4.52667582094, 
resistor:  1


85.7432261905 190.151204906, 2.21768194823, 0.490469441615, 4.52667295503, 
resistor:  1


85.8445 190.382129789, 2.21775570699, 0.490486214907, 4.52666553289, 
resistor:  1


85.9458690476 190.617878598, 2.21788296181, 0.490516382791, 4.52664280169, 
resistor:  1


86.0472261905 190.842931199, 2.2178859174, 0.490517274085, 4.52663876647, 
resistor:  1


86.1483928571 191.069560435, 2.21791207123, 0.490523259333, 4.52663345433, 
resistor:  1


86.2495357143 191.293234896, 2.21790451753, 0.490521133426, 4.52663465344, 
resistor:  1


86.3507261905 191.516805731, 2.21789455839, 0.49051824128, 4.52663804459, 
resistor:  1


86.4518809524 191.740092326, 2.21788225096, 0.490514985913, 4.52663940695, 
resistor:  1


86.5530357143 191.982701844, 2.2180932218, 0.490566624734, 4.5265936009, 
resistor:  1


86.6541309524 192.228354099, 2.21834033746, 0.490627075013, 4.52654128683, 
resistor:  1


86.7551666667 192.476090176, 2.21861241897, 0.490694485089, 4.52647741167, 
resistor:  1


86.8562738095 192.721576832, 2.21885614452, 0.490753809704, 4.52642796566, 
resistor:  1


86.9573571429 192.971127692, 2.2191466488, 0.490824331245, 4.52637196141, 
resistor:  1


87.0584047619 193.214428534, 2.21936559787, 0.490877080649, 4.52633129767, 
resistor:  1


87.1595 193.458552166, 2.21959226666, 0.49093113238, 4.5262944875, 
resistor:  1


87.2605357143 193.708978674, 2.21989215501, 0.49100357836, 4.52623987499, 
resistor:  1


87.3616785714 193.941701587, 2.21998597964, 0.491025217093, 4.5262286384, 
resistor:  1


87.4629880952 194.17287604, 2.2200576526, 0.491041818797, 4.52621936728, 
resistor:  1


87.5643809524 194.40124794, 2.22009504122, 0.491049705074, 4.52621880557, 
resistor:  1


87.6655238095 194.631260994, 2.22015739525, 0.491063803989, 4.52621218675, 
resistor:  1


87.7666904762 194.857119812, 2.22017167054, 0.491067247833, 4.52620910626, 
resistor:  1


87.8683095238 195.089391123, 2.220247461, 0.491084575394, 4.52619929946, 
resistor:  1


87.9698452381 195.317444514, 2.22027723234, 0.491091377118, 4.52619421266, 
resistor:  1


88.0711547619 195.547552993, 2.22033597177, 0.49110549085, 4.52618032588, 
resistor:  1


88.1724047619 195.781843999, 2.22044351096, 0.491131903082, 4.52615456441, 
resistor:  1


88.2735952381 196.002345077, 2.22039608276, 0.491119493243, 4.5261678845, 
resistor:  1


88.37475 196.227948107, 2.22040739133, 0.491122046421, 4.5261642634, 
resistor:  1


88.475952381 196.453751161, 2.22041973976, 0.491124752093, 4.52615995669, 
resistor:  1


88.5770714286 196.681746289, 2.2204588966, 0.491133838471, 4.52615262026, 
resistor:  1


88.6781190476 196.905286599, 2.2204495169, 0.491130986803, 4.52615586133, 
resistor:  1


88.7792619048 197.130817087, 2.22046019372, 0.491133770937, 4.52614870387, 
resistor:  1


88.8806071429 197.357925724, 2.22048354605, 0.491139338069, 4.52614173705, 
resistor:  1


88.9821190476 197.583443541, 2.22048480813, 0.491138663638, 4.52614736015, 
resistor:  1


89.083452381 197.810587476, 2.22050877227, 0.491143081214, 4.52615220854, 
resistor:  1


89.1845833333 198.040333585, 2.22056689826, 0.491155680511, 4.52615042421, 
resistor:  1


89.28575 198.269350409, 2.22061583634, 0.491166315115, 4.52614971496, 
resistor:  1


89.3870833333 198.488180486, 2.22054656091, 0.491148882849, 4.52616985977, 
resistor:  1


89.4882619048 198.715675493, 2.22057811006, 0.491155285441, 4.52617126009, 
resistor:  1


89.5894761905 198.940674343, 2.22058084055, 0.491155030295, 4.52617550194, 
resistor:  1


89.6906190476 199.167296531, 2.22060343263, 0.491159507775, 4.52617642369, 
resistor:  1


89.7916666667 199.39238857, 2.22061128802, 0.491161039073, 4.52617488386, 
resistor:  1


89.8927857143 199.619434195, 2.22063909366, 0.491166812476, 4.52617523539, 
resistor:  1


89.9939404762 199.847117959, 2.22067304645, 0.491175048517, 4.52616550485, 
resistor:  1


90.095 200.073863995, 2.22069886226, 0.49118128773, 4.52615766629, 
resistor:  1


90.1962380952 200.303048681, 2.22074726076, 0.491192828759, 4.52614638724, 
resistor:  1


90.2974047619 200.52836892, 2.2207545106, 0.491193933234, 4.52614734107, 
resistor:  1


90.3986785714 200.754863086, 2.2207720982, 0.491197737239, 4.52614466384, 
resistor:  1


90.500202381 200.98246445, 2.22079574589, 0.491203061725, 4.5261421312, 
resistor:  1


90.6014166667 201.207617744, 2.2207999074, 0.491204189426, 4.5261360975, 
resistor:  1


90.7025952381 201.434192519, 2.22082060596, 0.491209113849, 4.52612968323, 
resistor:  1


90.8038095238 201.657346075, 2.22080270786, 0.491205247552, 4.52612583239, 
resistor:  1


90.9052619048 201.881560557, 2.22079070371, 0.491201828713, 4.52613003087, 
resistor:  1


91.0066309524 202.095786917, 2.22067100828, 0.491171874882, 4.52616206817, 
resistor:  1


91.1077738095 202.299606763, 2.22044287007, 0.491115926538, 4.52621631997, 
resistor:  1


91.2089404762 202.514520628, 2.22033629128, 0.491089099651, 4.52624431371, 
resistor:  1


91.3100595238 202.718821903, 2.22011488067, 0.491034388641, 4.52630007819, 
resistor:  1


91.4111309524 202.934778192, 2.22002261735, 0.491011049161, 4.5263253424, 
resistor:  1


91.5122380952 203.158695991, 2.22001669088, 0.491007951701, 4.52633907392, 
resistor:  1


91.6135 203.383292903, 2.22001444005, 0.491006268848, 4.52634599871, 
resistor:  1


91.7146666667 203.599477822, 2.21992278031, 0.490982167111, 4.52637848029, 
resistor:  1


91.8158809524 203.817107046, 2.21984590174, 0.490961948233, 4.52640516368, 
resistor:  1


91.9171904762 204.038345129, 2.21980615456, 0.490950619282, 4.52642528574, 
resistor:  1


92.0185595238 204.256650995, 2.21973319352, 0.490932542888, 4.52644119874, 
resistor:  1


92.1197261905 204.475499628, 2.21967116147, 0.490916488407, 4.52645847416, 
resistor:  1


92.2208571429 204.701598252, 2.21968874064, 0.490920299134, 4.52645649595, 
resistor:  1


92.3221071429 204.925501887, 2.21967964369, 0.490916711619, 4.52646701148, 
resistor:  1


92.4232738095 205.144960461, 2.21962447342, 0.49090193276, 4.52648759686, 
resistor:  1


92.5247619048 205.366542096, 2.21958465894, 0.490890137847, 4.52651222062, 
resistor:  1


92.6259880952 205.586757976, 2.21953646276, 0.490876708687, 4.52653444035, 
resistor:  1


92.7271190476 205.807289584, 2.2194940563, 0.490864471151, 4.52655744941, 
resistor:  1


92.8283333333 206.014998561, 2.21931161709, 0.49081974166, 4.52660009574, 
resistor:  1


92.9295119048 206.216743825, 2.21906625353, 0.490759286619, 4.52666092492, 
resistor:  1


93.0308214286 206.418625053, 2.21881976191, 0.490698305611, 4.52672470034, 
resistor:  1


93.1319642857 206.62082122, 2.21858115852, 0.490638921763, 4.52679009545, 
resistor:  1


93.2331071429 206.830492739, 2.21842325197, 0.490598764951, 4.52683985046, 
resistor:  1


93.3343333333 207.039074593, 2.21825203223, 0.490555441456, 4.52689199466, 
resistor:  1


93.4356904762 207.244407118, 2.21804329867, 0.490502799022, 4.52695492546, 
resistor:  1


93.5370595238 207.44543865, 2.21778875353, 0.490439627041, 4.52702374519, 
resistor:  1


93.6384047619 207.653756934, 2.21761314134, 0.490395740101, 4.52707240168, 
resistor:  1


93.7396190476 207.855844227, 2.21737453533, 0.490336481606, 4.52713679671, 
resistor:  1


93.840797619 208.058144669, 2.21713955921, 0.490278815726, 4.52719219948, 
resistor:  1


93.9419761905 208.257880066, 2.21687778469, 0.490213975503, 4.52726143573, 
resistor:  1


94.0431071429 208.459328975, 2.21663591632, 0.490154873003, 4.52731621815, 
resistor:  1


94.1443452381 208.658026976, 2.21636282506, 0.49008864196, 4.52737420183, 
resistor:  1


94.245702381 208.866456212, 2.21619077513, 0.490045726582, 4.52741978392, 
resistor:  1


94.3469047619 209.066997267, 2.21593912163, 0.489984383828, 4.52747556001, 
resistor:  1


94.4481785714 209.260684784, 2.21561376777, 0.489905731157, 4.52754444271, 
resistor:  1


94.5493690476 209.459321605, 2.21534340964, 0.489840325, 4.52759926503, 
resistor:  1


94.6505238095 209.653432982, 2.21502665325, 0.489763636723, 4.52766687014, 
resistor:  1


94.751547619 209.847655213, 2.214714804, 0.489688881386, 4.52772548976, 
resistor:  1


94.8526309524 210.030953694, 2.21428706389, 0.489586608201, 4.5278115471, 
resistor:  1


94.9539285714 210.207100878, 2.21377992507, 0.489464614984, 4.52792635346, 
resistor:  1


95.0552619048 210.390052828, 2.21334462304, 0.489359585405, 4.5280253657, 
resistor:  1


95.1598571429 210.574172055, 2.21284666011, 0.489239866385, 4.5281359936, 
resistor:  1


95.2612738095 210.763563807, 2.21247895791, 0.489151379236, 4.52821316756, 
resistor:  1


95.3625 210.941173984, 2.21199291109, 0.48903508559, 4.52831454873, 
resistor:  1


95.4636785714 211.117171921, 2.21149210967, 0.488915190766, 4.52842073906, 
resistor:  1


95.5648571429 211.293901893, 2.21100002877, 0.488797747416, 4.52852022012, 
resistor:  1


95.6660714286 211.470302266, 2.21050471822, 0.48867951276, 4.52862087256, 
resistor:  1


95.767202381 211.646637441, 2.2100116969, 0.488562295016, 4.52871541919, 
resistor:  1


95.8683690476 211.823562934, 2.20952505022, 0.488445576012, 4.52882017567, 
resistor:  1


95.9694285714 211.999361184, 2.20903014991, 0.48832672667, 4.52892942684, 
resistor:  1


96.0705357143 212.174939953, 2.20853291153, 0.488207935795, 4.52903201826, 
resistor:  1


96.1717261905 212.348790235, 2.20801683245, 0.488084975193, 4.52913531131, 
resistor:  1


96.2728809524 212.535929414, 2.20764069083, 0.487994434945, 4.52921590551, 
resistor:  1


96.3739880952 212.701429933, 2.20704190142, 0.487852320742, 4.52933840802, 
resistor:  1


96.4753571429 212.863514286, 2.20640296745, 0.487700760486, 4.52947129432, 
resistor:  1


96.5766904762 213.04178384, 2.20593377957, 0.487588917094, 4.52956256155, 
resistor:  1


96.6778214286 213.217782654, 2.20544670436, 0.487472782483, 4.52965927233, 
resistor:  1


96.7789404762 213.371928099, 2.20473511127, 0.487304480269, 4.52980674478, 
resistor:  1


96.8800595238 213.52439939, 2.20400772294, 0.487132618122, 4.52995674135, 
resistor:  1


96.9811666667 213.683693851, 2.20335247756, 0.486977173959, 4.53009563169, 
resistor:  1


97.0826428571 213.839297056, 2.2026522019, 0.486811261316, 4.53024439638, 
resistor:  1


97.1838095238 213.992662833, 2.20193737909, 0.486642059463, 4.53039538041, 
resistor:  1


97.2849166667 214.162532365, 2.2013950333, 0.486513521426, 4.53050329683, 
resistor:  1


97.3859880952 214.316438712, 2.20069070412, 0.486347373448, 4.53064323531, 
resistor:  1


97.4870714286 214.469662966, 2.19998056996, 0.486179709172, 4.53078757533, 
resistor:  1


97.5881666667 214.62219572, 2.19926455277, 0.486010837081, 4.53093015118, 
resistor:  1


97.6892261905 214.774811748, 2.19855167375, 0.48584258023, 4.53107404021, 
resistor:  1


97.7903809524 214.927787493, 2.19784180611, 0.485675685127, 4.53120822975, 
resistor:  1


97.8918095238 215.088591251, 2.19720722599, 0.485524775497, 4.53134728361, 
resistor:  1


97.9932857143 215.242971428, 2.19650734087, 0.485359566377, 4.53148811179, 
resistor:  1


98.0945952381 215.395590746, 2.19579468393, 0.485191167517, 4.53163556031, 
resistor:  1


98.19575 215.55473739, 2.19515342966, 0.485039532802, 4.53176471717, 
resistor:  1


98.2969404762 215.715710759, 2.19453128158, 0.484892135128, 4.53189353719, 
resistor:  1


98.3981309524 215.868799548, 2.19383028376, 0.484726567682, 4.53203542953, 
resistor:  1


98.4993333333 216.0214959, 2.19312647699, 0.484560215172, 4.5321816798, 
resistor:  1


98.6005238095 216.174167514, 2.19242412882, 0.484394363847, 4.5323250325, 
resistor:  1


98.7016547619 216.327343879, 2.19172965641, 0.484230182784, 4.53246995627, 
resistor:  1


98.802702381 216.479985387, 2.19103304029, 0.484066503411, 4.53259902068, 
resistor:  1


98.9037857143 216.632431141, 2.19033507744, 0.483901541147, 4.5327437687, 
resistor:  1


99.0048928571 216.785655329, 2.1896458758, 0.483738220913, 4.53289196642, 
resistor:  1


99.1059404762 216.938607257, 2.18895664795, 0.483574673556, 4.53304369587, 
resistor:  1


99.207 217.104083656, 2.18839480738, 0.483441024442, 4.53316256679, 
resistor:  1


99.3083095238 217.260004877, 2.18773238532, 0.483283720745, 4.53330782638, 
resistor:  1


99.4096309524 217.413335825, 2.18704499496, 0.483120807877, 4.53345634069, 
resistor:  1


99.5111190476 217.567409753, 2.18636280886, 0.482958980625, 4.5336051333, 
resistor:  1


99.6123095238 217.720827564, 2.18568195642, 0.482797646831, 4.53375130329, 
resistor:  1


99.7133690476 217.8732045, 2.18499491674, 0.482634720059, 4.53390168234, 
resistor:  1


99.8146309524 218.026449381, 2.18431353501, 0.48247421804, 4.53403449707, 
resistor:  1


99.9158095238 218.178768513, 2.18362609033, 0.482311371869, 4.53418268482, 
resistor:  1


100.016928571 218.332939095, 2.18295984703, 0.482154010852, 4.53431794099, 
resistor:  1


100.118047619 218.485900816, 2.18228287518, 0.481994014717, 4.53445783949, 
resistor:  1


100.219142857 218.652289798, 2.18174176674, 0.481865704404, 4.53456621629, 
resistor:  1


100.32027381 218.80821183, 2.18109663701, 0.481713061532, 4.53469981685, 
resistor:  1


100.421357143 218.960647399, 2.18041912227, 0.481553073946, 4.53483845783, 
resistor:  1


100.5225 219.113710691, 2.17974792401, 0.481394401959, 4.53497863798, 
resistor:  1


100.623630952 219.266476595, 2.17907537742, 0.481235476478, 4.5351162253, 
resistor:  1


100.724678571 219.418424384, 2.17839786134, 0.481075593961, 4.53525364583, 
resistor:  1


100.825952381 219.571782303, 2.1777308036, 0.480918720505, 4.53538017372, 
resistor:  1


100.927357143 219.725018516, 2.17706105397, 0.480760203332, 4.53552250595, 
resistor:  1


101.02872619 219.878731457, 2.17639813693, 0.480602973061, 4.53566638431, 
resistor:  1


101.13 220.032254755, 2.17573672259, 0.480446097112, 4.53581086664, 
resistor:  1


101.231583333 220.199766252, 2.17520816134, 0.480320257175, 4.53592308319, 
resistor:  1


101.332857143 220.354060526, 2.17455686871, 0.480165795484, 4.53606419581, 
resistor:  1


101.43402381 220.508013003, 2.17390580322, 0.480011393974, 4.53620553407, 
resistor:  1


101.535202381 220.665067546, 2.17328633195, 0.479864258612, 4.53634097966, 
resistor:  1


101.636678571 220.819298005, 2.17263394582, 0.479709571242, 4.53648222025, 
resistor:  1


101.738119048 220.972200741, 2.17197057317, 0.479552724351, 4.53662080253, 
resistor:  1


101.839333333 221.125566126, 2.17131788758, 0.479398494235, 4.53675544783, 
resistor:  1


101.940607143 221.279040512, 2.17066629986, 0.479244305601, 4.53689191244, 
resistor:  1


102.041702381 221.431907446, 2.17001385002, 0.479090150013, 4.53702600281, 
resistor:  1


102.142964286 221.587567036, 2.1693864926, 0.478941786628, 4.53715557011, 
resistor:  1


102.244154762 221.751357834, 2.16884142033, 0.478812640138, 4.53726572956, 
resistor:  1


102.345357143 221.907586758, 2.16822328783, 0.47866631988, 4.53739515636, 
resistor:  1


102.446797619 222.060802632, 2.16757192799, 0.478512386667, 4.53752974826, 
resistor:  1


102.548166667 222.213838902, 2.16692161474, 0.478358720711, 4.53766389079, 
resistor:  1


102.64927381 222.366557708, 2.16627502032, 0.47820586081, 4.53779822837, 
resistor:  1


102.750464286 222.518927153, 2.16562454194, 0.478052742644, 4.53792443696, 
resistor:  1


102.851785714 222.672081033, 2.16498021387, 0.477900813824, 4.53805254665, 
resistor:  1


102.952988095 222.82482645, 2.16433568925, 0.47774800264, 4.53819288959, 
resistor:  1


103.054142857 222.979786759, 2.16371492283, 0.477600655111, 4.53832874909, 
resistor:  1


103.15525 223.14242763, 2.16317082873, 0.477471120782, 4.53844800594, 
resistor:  1


103.256357143 223.30007158, 2.16257940681, 0.477330614033, 4.53857703882, 
resistor:  1


103.35752381 223.453400525, 2.16194614856, 0.477180436564, 4.53871445, 
resistor:  1


103.458607143 223.606305481, 2.1613117715, 0.477029935873, 4.53885379407, 
resistor:  1


103.559809524 223.759569973, 2.16067962081, 0.476880065652, 4.53899090264, 
resistor:  1


103.660964286 223.912024887, 2.16004188684, 0.47672873318, 4.53913205716, 
resistor:  1


103.762071429 224.064936798, 2.15941079156, 0.476579891748, 4.53925794877, 
resistor:  1


103.863321429 224.217839988, 2.15877787177, 0.476429951011, 4.53939410283, 
resistor:  1


103.964654762 224.370983948, 2.15814677076, 0.476280860453, 4.53952365314, 
resistor:  1


104.066035714 224.523592428, 2.157510766, 0.476130492176, 4.53965664624, 
resistor:  1


104.167261905 224.690488384, 2.15701636268, 0.476013246643, 4.5397559096, 
resistor:  1


104.268428571 224.843145939, 2.15638759516, 0.475864581416, 4.53988659666, 
resistor:  1


104.369654762 224.996151392, 2.15576215046, 0.475716842096, 4.54001487938, 
resistor:  1


104.47072619 225.149045858, 2.15514004802, 0.475569719772, 4.54014471315, 
resistor:  1


104.571880952 225.301102725, 2.1545094214, 0.475420775325, 4.54027474496, 
resistor:  1


104.673190476 225.454300972, 2.1538877333, 0.475273891804, 4.54040249415, 
resistor:  1


104.774392857 225.606569325, 2.1532605742, 0.47512649755, 4.54052094315, 
resistor:  1


104.875547619 225.759240924, 2.15263944789, 0.474979550448, 4.54065171395, 
resistor:  1


104.976654762 225.912077143, 2.15202206295, 0.474833148387, 4.5407861951, 
resistor:  1


105.077988095 226.06562449, 2.15140800264, 0.474687373376, 4.54092232064, 
resistor:  1


105.179214286 226.232771977, 2.15092662094, 0.474572735726, 4.54102438151, 
resistor:  1


105.280488095 226.386128792, 2.15031420245, 0.474427376886, 4.54116064908, 
resistor:  1


105.381892857 226.539554362, 2.14970094217, 0.474281963964, 4.54129322779, 
resistor:  1


105.48327381 226.693246173, 2.14909187008, 0.474137362586, 4.54142810689, 
resistor:  1


105.584630952 226.846683964, 2.14848204628, 0.47399286788, 4.54155921524, 
resistor:  1


105.68577381 227.000190515, 2.14787839775, 0.473849938624, 4.54168711166, 
resistor:  1


105.786988095 227.153278172, 2.14727049387, 0.47370637574, 4.54181103234, 
resistor:  1


105.888166667 227.305434352, 2.14665567936, 0.473560565863, 4.54194682962, 
resistor:  1


105.989559524 227.461649004, 2.14607599113, 0.473423698246, 4.54206236011, 
resistor:  1


106.090857143 227.615859566, 2.14548044663, 0.47328283662, 4.5421866514, 
resistor:  1


106.192011905 227.781443459, 2.14499602534, 0.473167998923, 4.542283648, 
resistor:  1


106.293380952 227.933962647, 2.14438529102, 0.473023556779, 4.54241221799, 
resistor:  1


106.394678571 228.087681316, 2.14378843359, 0.472882602327, 4.54253334088, 
resistor:  1


106.495845238 228.241988089, 2.14320086928, 0.472743574054, 4.54265642208, 
resistor:  1


106.59702381 228.394010047, 2.14259274682, 0.472599968594, 4.54278144705, 
resistor:  1


106.698178571 228.54644736, 2.14199014847, 0.472457922382, 4.54290107966, 
resistor:  1


106.799238095 228.698476756, 2.14138678173, 0.472315779601, 4.54301997586, 
resistor:  1


106.900547619 228.852837103, 2.14080135416, 0.472177223415, 4.54314291336, 
resistor:  1


107.001964286 229.006051703, 2.1402041844, 0.472035567689, 4.54327406963, 
resistor:  1


107.103321429 229.168084114, 2.13969166463, 0.471913623367, 4.54338560988, 
resistor:  1


107.20452381 229.326805185, 2.13915231406, 0.471785902474, 4.54349698753, 
resistor:  1


107.305642857 229.479895499, 2.13856316769, 0.471646872383, 4.54361553977, 
resistor:  1


107.406785714 229.636570994, 2.13800803615, 0.471515867281, 4.54372510982, 
resistor:  1


107.507904762 229.789179363, 2.13741659157, 0.471376299465, 4.54384462366, 
resistor:  1


107.609095238 229.942638409, 2.13683274541, 0.471238623287, 4.54396037975, 
resistor:  1


107.71022619 230.095612827, 2.13624667746, 0.471100680164, 4.5440732054, 
resistor:  1


107.811488095 230.248237391, 2.13565586988, 0.470960878994, 4.54419841303, 
resistor:  1


107.912821429 230.402428473, 2.13507927439, 0.470824181189, 4.54432281514, 
resistor:  1


108.014047619 230.554609451, 2.1344872684, 0.470684331017, 4.54444516449, 
resistor:  1


108.11522619 230.721055145, 2.13402925078, 0.470575510448, 4.54453943119, 
resistor:  1


108.216345238 230.874332267, 2.13345157572, 0.47043892258, 4.54465940218, 
resistor:  1


108.317392857 231.026434825, 2.13286554201, 0.470300371305, 4.54478191692, 
resistor:  1


108.418702381 231.181198297, 2.13229999272, 0.470166631753, 4.54489953453, 
resistor:  1


108.520071429 231.334210179, 2.1317181894, 0.470028998298, 4.54502152091, 
resistor:  1


108.621333333 231.486566232, 2.13113353637, 0.469890816021, 4.54514323664, 
resistor:  1


108.722488095 231.639143227, 2.13055410418, 0.469754524704, 4.54525393857, 
resistor:  1


108.823714286 231.791181716, 2.12996940269, 0.469616481764, 4.54537378431, 
resistor:  1


108.925083333 231.945271746, 2.12940182966, 0.469482057798, 4.54549478931, 
resistor:  1


109.026416667 232.100065957, 2.12884246821, 0.469349192819, 4.54561887294, 
resistor:  1


109.127607143 232.267294945, 2.12840087881, 0.469243707267, 4.54571640635, 
resistor:  1


109.228785714 232.420866578, 2.12783530512, 0.469109455398, 4.54584126876, 
resistor:  1


109.329988095 232.573207122, 2.12725905466, 0.468972665973, 4.54596958715, 
resistor:  1


109.431107143 232.726946801, 2.12669827508, 0.468839625835, 4.54609323107, 
resistor:  1


109.532297619 232.879905728, 2.12613001635, 0.468704777632, 4.54621767508, 
resistor:  1


109.633452381 233.0327808, 2.12556273418, 0.468570411929, 4.5463392548, 
resistor:  1


109.734559524 233.186123723, 2.12500168347, 0.468437819185, 4.54645470868, 
resistor:  1


109.835761905 233.338595023, 2.1244318879, 0.468302664805, 4.54658019028, 
resistor:  1


109.937154762 233.491864232, 2.12386671947, 0.468168920821, 4.54669950864, 
resistor:  1


110.038559524 233.64478126, 2.12329916232, 0.468034769063, 4.54681851044, 
resistor:  1


110.139761905 233.811260296, 2.1228596853, 0.467930373995, 4.54690679997, 
resistor:  1


110.240916667 233.964049809, 2.12229775371, 0.467798088249, 4.54701556208, 
resistor:  1


110.342071429 234.119102754, 2.12175736528, 0.467670855415, 4.54711944406, 
resistor:  1


110.443178571 234.271960347, 2.12119900366, 0.467539344775, 4.54722841724, 
resistor:  1


110.544380952 234.423855166, 2.12063112703, 0.467405733459, 4.54733822205, 
