time, energy_1, power_1, avg_current_1, avg_voltage_1, 
resistor:  1


0.000559523809524 0.000897508682523, 1.60405807089, 0.370667802527, 4.59147481715, 
resistor:  1


0.101666666667 0.181382400737, 1.78408918758, 0.391685976837, 4.55974710004, 
resistor:  1


0.202833333333 0.364200421684, 1.79556493846, 0.39429319068, 4.55867387879, 
resistor:  1


0.303952380952 0.544122001801, 1.79015541874, 0.393056235955, 4.559132309, 
resistor:  1


0.404857142857 0.723424599174, 1.78686386529, 0.392271407187, 4.55924058482, 
resistor:  1


0.505785714286 0.90688122376, 1.79301470592, 0.393667438336, 4.55867242941, 
resistor:  1


0.606726190476 1.08649213969, 1.7907454083, 0.393083354539, 4.55967008609, 
resistor:  1


0.707666666667 1.26538514889, 1.78810901869, 0.392281686598, 4.56220327246, 
resistor:  1


0.808571428571 1.45167930772, 1.79536310142, 0.393994809917, 4.5609037349, 
resistor:  1


0.909392857143 1.63094492105, 1.79344373363, 0.393479425109, 4.56196853415, 
resistor:  1


1.0103452381 1.83687129155, 1.81806299697, 0.399571848185, 4.55567862999, 
resistor:  1


1.1115 2.01818932334, 1.8157348838, 0.398775217667, 4.55883555292, 
resistor:  1


1.21254761905 2.1988988079, 1.81345356946, 0.398130793756, 4.56039422179, 
resistor:  1


1.31363095238 2.37878494009, 1.8108472062, 0.397429811755, 4.56194529445, 
resistor:  1


1.41482142857 2.55905618532, 1.80874853436, 0.396877521831, 4.5628698316, 
resistor:  1


1.51603571429 2.73926029805, 1.80685736638, 0.396382425915, 4.56375963426, 
resistor:  1


1.61714285714 2.91992625229, 1.80560810654, 0.396078980786, 4.56405091842, 
resistor:  1


1.71836904762 3.0992951464, 1.80362603173, 0.395587274106, 4.564621679, 
resistor:  1


1.81975 3.28129661557, 1.80315791486, 0.395465948322, 4.56472839591, 
resistor:  1


1.92088095238 3.46062680325, 1.8015831741, 0.395078029737, 4.56510644637, 
resistor:  1


2.022 3.6552048517, 1.80771753299, 0.396588622046, 4.5632992699, 
resistor:  1


2.12308333333 3.83546553688, 1.80655439975, 0.396313129529, 4.56346491257, 
resistor:  1


2.2241547619 4.01629468476, 1.80576223991, 0.396128756527, 4.5635306127, 
resistor:  1


2.32519047619 4.19728911035, 1.80513775251, 0.395948747598, 4.56398234344, 
resistor:  1


2.42625 4.3784630589, 1.80462155957, 0.395812998523, 4.56420469704, 
resistor:  1


2.52733333333 4.55996885925, 1.80426095723, 0.395690018208, 4.56469800623, 
resistor:  1


2.62854761905 4.74133988608, 1.80378694748, 0.395533604068, 4.56519226744, 
resistor:  1


2.72961904762 4.92483126544, 1.80421926266, 0.395596980346, 4.56551613463, 
resistor:  1


2.83069047619 5.10677643802, 1.80407447616, 0.395526794393, 4.56592746216, 
resistor:  1


2.93172619048 5.28891544105, 1.80402776297, 0.395483434226, 4.56629301729, 
resistor:  1


3.03280952381 5.48227595515, 1.80765587555, 0.396336113112, 4.56565936882, 
resistor:  1


3.13410714286 5.66325813655, 1.80697655773, 0.396146391231, 4.56610026672, 
resistor:  1


3.23545238095 5.84475932454, 1.80647360442, 0.395999970852, 4.56646836986, 
resistor:  1


3.33666666667 6.0237467396, 1.80531870318, 0.395717594348, 4.56676655689, 
resistor:  1


3.43780952381 6.20385282625, 1.80459469417, 0.395547572516, 4.56688541411, 
resistor:  1


3.53896428571 6.38503212196, 1.80420925629, 0.395462515989, 4.56684800974, 
resistor:  1


3.64 6.56512436464, 1.80360559468, 0.395334396003, 4.5667625535, 
resistor:  1


3.74104761905 6.74562787008, 1.80313873465, 0.395230724296, 4.56675279749, 
resistor:  1


3.84213095238 6.92498617627, 1.80238161117, 0.395063002244, 4.56673111523, 
resistor:  1


3.94317857143 7.10590739914, 1.80207598272, 0.3949809531, 4.56690572012, 
resistor:  1


4.04426190476 7.29817952248, 1.80457638361, 0.395574052528, 4.56638281317, 
resistor:  1


4.14542857143 7.47880521303, 1.8041090527, 0.395459587617, 4.56648449901, 
resistor:  1


4.24651190476 7.65876629907, 1.80354287727, 0.395318883806, 4.56666730355, 
resistor:  1


4.34746428571 7.83855739869, 1.80301823857, 0.395190583919, 4.56682513722, 
resistor:  1


4.44830952381 8.01808958663, 1.80250262346, 0.39506671913, 4.56694632859, 
resistor:  1


4.54938095238 8.19858809193, 1.80213268085, 0.394963458151, 4.56718082668, 
resistor:  1


4.65046428571 8.37910933756, 1.80177909619, 0.394866739226, 4.56739781946, 
resistor:  1


4.7515952381 8.56004941762, 1.80151064825, 0.394777500173, 4.56772554059, 
resistor:  1


4.85267857143 8.74127029446, 1.80132892912, 0.394722789213, 4.56788767824, 
resistor:  1


4.95380952381 8.9215716733, 1.80095169797, 0.394614293719, 4.5681603815, 
resistor:  1


5.05486904762 9.11557745032, 1.80332613258, 0.395166958243, 4.56777920889, 
resistor:  1


5.15577380952 9.29653054859, 1.80313002316, 0.395106658705, 4.56796637897, 
resistor:  1


5.25663095238 9.48710632598, 1.80478835435, 0.395494699943, 4.56771694949, 
resistor:  1


5.35742857143 9.6682244136, 1.80463897646, 0.395449336452, 4.56784448384, 
resistor:  1


5.45836904762 9.85501673246, 1.80548743525, 0.395638306381, 4.56780600421, 
resistor:  1


5.55952380952 10.0361170151, 1.80521162584, 0.395569103821, 4.56787760347, 
resistor:  1


5.66072619048 10.2165745421, 1.80481694367, 0.395473319276, 4.56796114577, 
resistor:  1


5.76204761905 10.3965623212, 1.8043173206, 0.395351913125, 4.56806439749, 
resistor:  1


5.86325 10.5779722621, 1.80411414525, 0.395302172901, 4.56808880096, 
resistor:  1


5.9645952381 10.7584556895, 1.80371932378, 0.395203674699, 4.56819474245, 
resistor:  1


6.06603571429 10.9572916425, 1.80633483854, 0.395853253754, 4.56738354845, 
resistor:  1


6.16753571429 11.1378108921, 1.80587699983, 0.395759535027, 4.56728460828, 
resistor:  1


6.26880952381 11.3178183551, 1.80541748989, 0.395662556615, 4.56721334484, 
resistor:  1


6.36995238095 11.4966743627, 1.80482893358, 0.395532432615, 4.56719967281, 
resistor:  1


6.47119047619 11.6779910452, 1.80461247249, 0.3954840098, 4.56718881596, 
resistor:  1


6.57227380952 11.8576234534, 1.80418889977, 0.395373149889, 4.56737653731, 
resistor:  1


6.67330952381 12.0392943938, 1.80409650577, 0.395331811638, 4.56759244249, 
resistor:  1


6.77436904762 12.2184748689, 1.80363289674, 0.395212020362, 4.56778268181, 
resistor:  1


6.87547619048 12.398349912, 1.80327144892, 0.395117150131, 4.56794352092, 
resistor:  1


6.97663095238 12.5787318002, 1.80298082069, 0.395039717489, 4.56809257947, 
resistor:  1


7.07794047619 12.7744946102, 1.80483216172, 0.395472731958, 4.56778708973, 
resistor:  1


7.17939285714 12.9549754751, 1.80446671925, 0.395384745698, 4.56788342812, 
resistor:  1


7.28061904762 13.136393155, 1.80429618266, 0.395347045484, 4.56788644865, 
resistor:  1


7.38172619048 13.3197535894, 1.80442260329, 0.395371792391, 4.56793811435, 
resistor:  1


7.48280952381 13.5002311639, 1.80416608507, 0.395300036692, 4.56811024713, 
resistor:  1


7.58386904762 13.681057613, 1.80396807053, 0.395256443753, 4.56811468136, 
resistor:  1


7.68513095238 13.8613723044, 1.80366117251, 0.395183498797, 4.56819331425, 
resistor:  1


7.78651190476 14.0435983588, 1.80358015638, 0.395162488341, 4.56820999939, 
resistor:  1


7.8879047619 14.2256404018, 1.80347517258, 0.395141227494, 4.56818521961, 
resistor:  1


7.98927380952 14.408125767, 1.80343371757, 0.395129495465, 4.56820882539, 
resistor:  1


8.09047619048 14.6014562419, 1.80477093043, 0.395443139088, 4.56796122748, 
resistor:  1


8.19158333333 14.7805984207, 1.80436404285, 0.395348648508, 4.56801019394, 
resistor:  1


8.29271428571 14.9621688371, 1.80425471342, 0.395325061367, 4.56799836029, 
resistor:  1


8.3938452381 15.1419370808, 1.80393331677, 0.39524912075, 4.56805724802, 
resistor:  1


8.49504761905 15.3228579916, 1.80374009408, 0.395200006127, 4.56813482833, 
resistor:  1


8.59617857143 15.5018873568, 1.80334636234, 0.395101281687, 4.56828168997, 
resistor:  1


8.69736904762 15.6831655097, 1.80320800737, 0.395065065492, 4.56836038888, 
resistor:  1


8.79858333333 15.8638250797, 1.80299765072, 0.395010846874, 4.5684561934, 
resistor:  1


8.89966666667 16.0447630787, 1.80284989086, 0.394968329686, 4.56856831835, 
resistor:  1


9.00077380952 16.2263102724, 1.80276836368, 0.394945743313, 4.56862044868, 
resistor:  1


9.1020952381 16.4207952308, 1.80406761315, 0.395246360146, 4.56843515932, 
resistor:  1


9.20380952381 16.6030906848, 1.80393679832, 0.395207284586, 4.5685432832, 
resistor:  1


9.30525 16.7904516297, 1.80440628997, 0.395318192651, 4.56845692368, 
resistor:  1


9.4065 16.9944949697, 1.80667569975, 0.395870255406, 4.56789426181, 
resistor:  1


9.50780952381 17.1994834717, 1.80898485909, 0.396423496479, 4.56740868666, 
resistor:  1


9.60913095238 17.4040782798, 1.81120211246, 0.396963844325, 4.5668511552, 
resistor:  1


9.71026190476 17.6061724083, 1.8131511365, 0.397431210161, 4.56642352951, 
resistor:  1


9.81141666667 17.8091190222, 1.81514246385, 0.397913391864, 4.56593749505, 
resistor:  1


9.91253571429 18.0147246428, 1.81736794318, 0.398449498076, 4.56543666116, 
resistor:  1


10.0138333333 18.2153224974, 1.81901594435, 0.3988483327, 4.56503528215, 
resistor:  1


10.1150357143 18.4316724378, 1.8222053741, 0.399626347377, 4.56426284735, 
resistor:  1


10.2161785714 18.6371478472, 1.82427780769, 0.400130297437, 4.56374209902, 
resistor:  1


10.3172142857 18.8402699363, 1.82610047776, 0.400574900203, 4.56326164789, 
resistor:  1


10.418297619 19.0442276437, 1.82795964755, 0.401033763923, 4.56272006264, 
resistor:  1


10.5193571429 19.2526328453, 1.83021001986, 0.401575789634, 4.56222424581, 
resistor:  1


10.6232738095 19.4640840839, 1.83221146634, 0.402054240102, 4.56180587079, 
resistor:  1


10.72475 19.6704796474, 1.83412010979, 0.402509196162, 4.56142371556, 
resistor:  1


10.8259880952 19.8755869206, 1.83591435219, 0.402937332192, 4.56105978179, 
resistor:  1


10.9271428571 20.0816901305, 1.83778050612, 0.403382627248, 4.56068264291, 
resistor:  1


11.0282857143 20.2858965734, 1.83944242097, 0.403779147794, 4.5603470793, 
resistor:  1


11.1294880952 20.5008805811, 1.84203266185, 0.40440699999, 4.55976937831, 
resistor:  1


11.2306666667 20.7044002795, 1.8435593268, 0.404771426575, 4.55946006703, 
resistor:  1


11.3318809524 20.9078441123, 1.84504621962, 0.405126720546, 4.55915061894, 
resistor:  1


11.4330714286 21.1151148792, 1.84684535657, 0.405566195457, 4.55870333972, 
resistor:  1


11.5342619048 21.31933948, 1.84834882856, 0.405927556616, 4.55838631924, 
resistor:  1


11.6354047619 21.5249181322, 1.84995009393, 0.406317770215, 4.55798721664, 
resistor:  1


11.7365238095 21.729823201, 1.85147012468, 0.406685658781, 4.55763498986, 
resistor:  1


11.8376547619 21.933696158, 1.85287513441, 0.407027030806, 4.55729458677, 
resistor:  1


11.938702381 22.1386943081, 1.85436353146, 0.407387437342, 4.55694873876, 
resistor:  1


12.0399761905 22.3376852931, 1.85529314508, 0.407613530501, 4.556725103, 
resistor:  1


12.1414166667 22.5197406689, 1.85478690726, 0.40748928467, 4.55686237791, 
resistor:  1


12.2428214286 22.700130572, 1.85415843108, 0.407340628068, 4.55696983834, 
resistor:  1


12.3439880952 22.8919540943, 1.85450228222, 0.407422796848, 4.5568860877, 
resistor:  1


12.4451309524 23.0772046383, 1.85431593501, 0.407383016838, 4.55686190696, 
resistor:  1


12.5463214286 23.2578171679, 1.85375588377, 0.407241177426, 4.55706704564, 
resistor:  1


12.6474761905 23.4423077648, 1.85351665516, 0.407178671055, 4.55716684591, 
resistor:  1


12.7486071429 23.6196799968, 1.85272631999, 0.406984530694, 4.55738606684, 
resistor:  1


12.8497142857 23.8002232158, 1.85219863155, 0.406852360292, 4.55756219425, 
resistor:  1


12.9508214286 23.9817067327, 1.85175178771, 0.406741904213, 4.55769681969, 
resistor:  1


13.0519047619 24.1602149998, 1.85108728884, 0.406579988892, 4.55787695512, 
resistor:  1


13.152952381 24.3423519099, 1.85071390854, 0.406487981866, 4.55798696404, 
resistor:  1


13.2541071429 24.52162427, 1.85011513833, 0.406341248722, 4.55815438042, 
resistor:  1


13.3552261905 24.7105139177, 1.85025049859, 0.406371423813, 4.55813702138, 
resistor:  1


13.456452381 24.8992489377, 1.85035760041, 0.406397495114, 4.55809725212, 
resistor:  1


13.5580238095 25.0787865795, 1.8497376116, 0.406247504903, 4.5582524358, 
resistor:  1


13.6594404762 25.2605787327, 1.84931284534, 0.406147678453, 4.5583212828, 
resistor:  1


13.7610595238 25.4429995043, 1.84891282973, 0.406051149609, 4.5584170468, 
resistor:  1


13.8624166667 25.6228906626, 1.84837112307, 0.405922737175, 4.55851650763, 
resistor:  1


13.9637380952 25.8063206623, 1.84809543736, 0.405856650842, 4.55856691596, 
resistor:  1


14.0651071429 25.9874966123, 1.84765720932, 0.405749051714, 4.55868144696, 
resistor:  1


14.166452381 26.1659750332, 1.84703794073, 0.405602221442, 4.55879559867, 
resistor:  1


14.2677142857 26.3466107071, 1.84658945221, 0.405493158196, 4.55889594962, 
resistor:  1


14.3689166667 26.5339806876, 1.84662360449, 0.405502703858, 4.55886832029, 
resistor:  1


14.4700357143 26.7193046499, 1.84652651711, 0.405483386832, 4.55884177182, 
resistor:  1


14.5712142857 26.8995851938, 1.84607711247, 0.40537003627, 4.55901303538, 
resistor:  1


14.6724047619 27.0810947967, 1.8457161751, 0.405279167094, 4.55914301084, 
resistor:  1


14.7736071429 27.2631749309, 1.84539731342, 0.405198776897, 4.55925359738, 
resistor:  1


14.8749285714 27.4424198131, 1.84487741782, 0.405071668168, 4.55939452572, 
resistor:  1


14.9760595238 27.6230060958, 1.8444775845, 0.404975404476, 4.5594903342, 
resistor:  1


15.0771428571 27.8041053196, 1.84412296037, 0.404887018686, 4.55960865928, 
resistor:  1


15.1784761905 27.9850131401, 1.84373008126, 0.404790748044, 4.55971507942, 
resistor:  1


15.2798333333 28.1663684117, 1.8433688246, 0.404701155148, 4.5598297311, 
resistor:  1


15.3811428571 28.3540985797, 1.84343249673, 0.404711943446, 4.55985319747, 
resistor:  1


15.4827142857 28.5437519892, 1.84358836974, 0.40475030901, 4.5597970874, 
resistor:  1


15.5839880952 28.7249892456, 1.84323737095, 0.404664358306, 4.55988856488, 
resistor:  1


15.6851071429 28.9046014841, 1.84280548554, 0.404561779611, 4.55996789689, 
resistor:  1


15.7863928571 29.0844069451, 1.84237192171, 0.404459348131, 4.56004193546, 
resistor:  1


15.8876428571 29.2658850719, 1.84205330741, 0.404383080205, 4.56010576622, 
resistor:  1


15.9887857143 29.4471890897, 1.84174018064, 0.404309142509, 4.56016014568, 
resistor:  1


16.0898333333 29.6249176077, 1.84121966921, 0.404183994287, 4.56028520273, 
resistor:  1


16.1908809524 29.8056342165, 1.84089020877, 0.404108871529, 4.56031325155, 
resistor:  1


16.292047619 29.9831751158, 1.84035646205, 0.403981954338, 4.56042231499, 
resistor:  1


16.3931547619 30.1707027609, 1.84044518576, 0.404005684454, 4.56037145166, 
resistor:  1


16.4942380952 30.362898793, 1.84081850993, 0.404098008857, 4.56026749345, 
resistor:  1


16.5953333333 30.5425353153, 1.8404291557, 0.404000211376, 4.56040959625, 
resistor:  1


16.6965238095 30.7240754624, 1.84014803398, 0.403926484817, 4.56053259986, 
resistor:  1


16.7977738095 30.9060434388, 1.83988924897, 0.403861409099, 4.56061897905, 
resistor:  1


16.8989404762 31.0856281317, 1.83950160518, 0.403766691116, 4.56072715791, 
resistor:  1


17.0000952381 31.2665033518, 1.8391957759, 0.40369117453, 4.56082779859, 
resistor:  1


17.1012261905 31.4477724574, 1.83891915744, 0.403621575794, 4.56092147822, 
resistor:  1


17.2024047619 31.6290679978, 1.83864223843, 0.403552730742, 4.5610049403, 
resistor:  1


17.3036071429 31.8092618187, 1.83830235835, 0.40346682076, 4.56112935352, 
resistor:  1


17.4048214286 31.9973811789, 1.83842053825, 0.403491860346, 4.56112980868, 
resistor:  1


17.506 32.1837854538, 1.83844313114, 0.403496522015, 4.56112400394, 
resistor:  1


17.6071547619 32.3639985276, 1.83811632063, 0.403419211539, 4.56117405715, 
resistor:  1


17.7082142857 32.5438424383, 1.83778228077, 0.403335672241, 4.56127825991, 
resistor:  1


17.8093928571 32.7235777353, 1.83743365076, 0.403253515721, 4.56132842091, 
resistor:  1


17.9105119048 32.9038001434, 1.83712226196, 0.403177748018, 4.56139976318, 
resistor:  1


18.0119166667 33.0848005316, 1.83682842553, 0.403108669859, 4.56143986304, 
resistor:  1


18.1129880952 33.2647056846, 1.83651121006, 0.403033295521, 4.56149234393, 
resistor:  1


18.2142261905 33.4431409385, 1.83610001264, 0.402935797482, 4.56156604927, 
resistor:  1


18.315797619 33.6229541553, 1.83573518634, 0.4028493758, 4.56162786184, 
resistor:  1


18.4170238095 33.8121156991, 1.83591638089, 0.402893346129, 4.56157440872, 
resistor:  1


18.5183214286 33.9973589669, 1.83587692319, 0.402880808053, 4.56161362648, 
resistor:  1


18.6195 34.1798258505, 1.83570052099, 0.402835508577, 4.56168352492, 
resistor:  1


18.720702381 34.3613202264, 1.83547174284, 0.402774874827, 4.56179654264, 
resistor:  1


18.8218928571 34.5411131432, 1.83515618782, 0.402697077348, 4.56189497701, 
resistor:  1


18.9232619048 34.7222115402, 1.83489568104, 0.402630464723, 4.56199232547, 
resistor:  1


19.0244047619 34.9040118121, 1.83469665669, 0.402582358553, 4.56204259011, 
resistor:  1


19.1255952381 35.0843351646, 1.83441794767, 0.4025136506, 4.56212855004, 
resistor:  1


19.2268452381 35.265651389, 1.83418813395, 0.402456576012, 4.56219656334, 
resistor:  1


19.3279285714 35.4466390604, 1.83395954354, 0.402398972188, 4.5622807344, 
resistor:  1


19.4290595238 35.6341415024, 1.83406414802, 0.402420321766, 4.56229050718, 
resistor:  1


19.5303452381 35.8228459189, 1.83421467886, 0.402457616584, 4.56224179935, 
resistor:  1


19.631702381 36.0034916772, 1.83394649015, 0.402393733522, 4.56229475709, 
resistor:  1


19.7330833333 36.1852009449, 1.83373273876, 0.402342856849, 4.56233596682, 
resistor:  1


19.8343928571 36.3658246764, 1.83347304545, 0.402279954275, 4.56239691955, 
resistor:  1


19.9357261905 36.5463304882, 1.83320788714, 0.402217282549, 4.56244490205, 
resistor:  1


20.0368571429 36.7276108707, 1.83300258164, 0.40216779096, 4.56248981282, 
resistor:  1


20.1380714286 36.908190653, 1.83275696404, 0.402108426067, 4.56254962194, 
resistor:  1


20.2391904762 37.0888294257, 1.83252534084, 0.402055128269, 4.56257713909, 
resistor:  1


20.3402619048 37.2674069939, 1.83219897405, 0.401977929869, 4.56263903588, 
resistor:  1


20.4413928571 37.4581074993, 1.83246355868, 0.402043496432, 4.56255902962, 
resistor:  1


20.5425714286 37.6468868136, 1.83262776739, 0.402080626923, 4.56254504525, 
resistor:  1


20.6437738095 37.8292786714, 1.8324788394, 0.402040037568, 4.56263279449, 
resistor:  1


20.7449642857 38.0119586773, 1.83234630602, 0.402006185727, 4.56268272456, 
resistor:  1


20.8460952381 38.19409719, 1.83219431523, 0.401965835239, 4.56276071697, 
resistor:  1


20.9471428571 38.3741022036, 1.83194922884, 0.40190494906, 4.56283816299, 
resistor:  1


21.0482738095 38.5559057863, 1.83178469338, 0.401862746455, 4.56290517301, 
resistor:  1


21.149547619 38.7368963991, 1.83157092042, 0.401809778983, 4.56297192323, 
resistor:  1


21.250952381 38.9172735558, 1.83131903258, 0.401747063627, 4.56305741878, 
resistor:  1


21.3522619048 39.0989517372, 1.83113863588, 0.401702634832, 4.56311129908, 
resistor:  1


21.453452381 39.2885121733, 1.83133751509, 0.401747124118, 4.56309845443, 
resistor:  1


21.5548214286 39.4786035881, 1.83154398745, 0.401798662483, 4.56302472021, 
resistor:  1


21.6562142857 39.661464487, 1.83141263582, 0.401765155553, 4.56307289265, 
resistor:  1


21.7575119048 39.8428176556, 1.83122122741, 0.401719882806, 4.56310464843, 
resistor:  1


21.8586190476 40.0247485886, 1.83107398054, 0.401683303686, 4.56315101871, 
resistor:  1


21.9597738095 40.2065791543, 1.83091954876, 0.401646656272, 4.56318070518, 
resistor:  1


22.0609642857 40.3901768046, 1.83084366946, 0.401628504569, 4.56319995277, 
resistor:  1


22.1620595238 40.5719682188, 1.83069484924, 0.401592899335, 4.56323038874, 
resistor:  1


22.2634404762 40.7536610083, 1.83051945866, 0.40155090117, 4.56326623772, 
resistor:  1


22.3646071429 40.933865736, 1.83029665912, 0.401498747386, 4.56329739814, 
resistor:  1


22.465797619 41.123648542, 1.83050026709, 0.401546510654, 4.56326299122, 
resistor:  1


22.5671547619 41.3121940884, 1.83063370302, 0.401577213083, 4.56324535979, 
resistor:  1


22.6687619048 41.4942749123, 1.8304605733, 0.401531285916, 4.56333410166, 
resistor:  1


22.7703214286 41.6831296709, 1.83059030597, 0.401562414991, 4.56330628375, 
resistor:  1


22.8714880952 41.8687991342, 1.83061106299, 0.401562591749, 4.56335405053, 
resistor:  1


22.9729285714 42.0499740408, 1.83041417249, 0.401513094963, 4.56342103097, 
resistor:  1


23.0740595238 42.2326970099, 1.8303106554, 0.401485022481, 4.56347923514, 
resistor:  1


23.175202381 42.4138574108, 1.83013967747, 0.401442386671, 4.56353515298, 
resistor:  1


23.2763333333 42.5966978547, 1.83004329955, 0.401415606762, 4.56359425999, 
resistor:  1


23.377452381 42.7776342883, 1.82986724093, 0.40137350353, 4.56363032691, 
resistor:  1


23.4786666667 42.9648573482, 1.82995303601, 0.401395152058, 4.56359613293, 
resistor:  1


23.5798452381 43.1551067287, 1.83016920989, 0.401453674137, 4.56346796541, 
resistor:  1


23.680952381 43.3361081434, 1.82999853411, 0.401415539715, 4.56347055963, 
resistor:  1


23.782047619 43.5177591555, 1.82985754013, 0.401387643333, 4.56342438877, 
resistor:  1


23.8832857143 43.698252368, 1.82965831799, 0.401338626568, 4.56347686406, 
resistor:  1


23.9844166667 43.8792970133, 1.8294919415, 0.401299223449, 4.56350060877, 
resistor:  1


24.0854761905 44.0607617403, 1.82934982858, 0.401265398678, 4.56352814146, 
resistor:  1


24.1868690476 44.2406849621, 1.82911996071, 0.401210926502, 4.56356787558, 
resistor:  1


24.2882142857 44.4295945827, 1.82926558783, 0.401244934603, 4.56353834382, 
resistor:  1


24.3893571429 44.6327396252, 1.83000885853, 0.401425008983, 4.56335542831, 
resistor:  1


24.490547619 44.8452578153, 1.83112515542, 0.401694685789, 4.56310599533, 
resistor:  1


24.5919047619 45.0588681789, 1.83226425993, 0.401972711325, 4.56282885898, 
resistor:  1


24.69325 45.2628153426, 1.83300356748, 0.402148443997, 4.56268347543, 
resistor:  1


24.7944285714 45.4679104405, 1.83379545568, 0.4023399638, 4.56249812094, 
resistor:  1


24.8955714286 45.6737635633, 1.83461398724, 0.402536631587, 4.56231949153, 
resistor:  1


24.996702381 45.8640832222, 1.83480534845, 0.402581030508, 4.56228961976, 
resistor:  1


25.097797619 46.0456166968, 1.83464770079, 0.402538533042, 4.56237252805, 
resistor:  1


25.1988452381 46.2280737679, 1.8345314371, 0.402508092175, 4.56242007673, 
resistor:  1


25.2999166667 46.40847987, 1.83433330953, 0.402458238039, 4.5624863852, 
resistor:  1


25.4010714286 46.5903530982, 1.83418849985, 0.402421236389, 4.56253920159, 
resistor:  1


25.5024047619 46.7763577162, 1.83419399672, 0.402422428443, 4.56253522428, 
resistor:  1


25.603547619 46.9657472735, 1.83434530137, 0.402460149529, 4.5624831634, 
resistor:  1


25.7048809524 47.1479176962, 1.83420097465, 0.402424837374, 4.56252233189, 
resistor:  1


25.8062619048 47.3304943867, 1.83407014009, 0.402394581998, 4.56253659284, 
resistor:  1


25.9073928571 47.5111484355, 1.83388381446, 0.402349619684, 4.56257841974, 
resistor:  1


26.0085357143 47.6990533708, 1.83397688723, 0.402371660464, 4.56255835125, 
resistor:  1


26.1095833333 47.8808802599, 1.83384313907, 0.402339089701, 4.56259196903, 
resistor:  1


26.2106666667 48.0612044357, 1.83365059145, 0.402293432833, 4.5626240929, 
resistor:  1


26.3117619048 48.2420574208, 1.83347879155, 0.402251679301, 4.56266587005, 
resistor:  1


26.4129642857 48.4227655661, 1.8332953864, 0.402208818517, 4.56269185409, 
resistor:  1


26.5140595238 48.6108102523, 1.8333974927, 0.402230925069, 4.56269304484, 
resistor:  1


26.615202381 48.7999471017, 1.8335365782, 0.40226269972, 4.56267888331, 
resistor:  1


26.7162619048 48.9806353316, 1.8333640951, 0.402218634269, 4.56274904048, 
resistor:  1


26.8175357143 49.1635262571, 1.83326040024, 0.402192384664, 4.56278703799, 
resistor:  1


26.9186547619 49.3448011588, 1.83310799129, 0.402158268568, 4.56279417172, 
resistor:  1


27.019702381 49.530424289, 1.83312249671, 0.402161788794, 4.56279120594, 
resistor:  1


27.1211547619 49.7130910741, 1.83300053079, 0.402130026312, 4.56284652651, 
resistor:  1


27.222547619 49.8953820491, 1.83286967654, 0.402097607517, 4.56288740042, 
resistor:  1


27.3238095238 50.0766157634, 1.83270988329, 0.402057518093, 4.56294148182, 
resistor:  1


27.424952381 50.2576976145, 1.83255368748, 0.402017919062, 4.56299985021, 
resistor:  1


27.5264047619 50.4459342174, 1.83263795813, 0.402037275253, 4.56298552923, 
resistor:  1


27.6276071429 50.6379188454, 1.83287385634, 0.402094988404, 4.56291277175, 
resistor:  1


27.728797619 50.818942476, 1.83271352672, 0.402056369102, 4.56294499853, 
resistor:  1


27.8299642857 51.0009318531, 1.83259063251, 0.402025740794, 4.56297952183, 
resistor:  1


27.9310952381 51.1810637454, 1.83240446925, 0.40198189378, 4.56300807358, 
resistor:  1


28.0322380952 51.3634343121, 1.83229873182, 0.401955555885, 4.56303946445, 
resistor:  1


28.1334404762 51.5446880999, 1.8321501824, 0.401922022231, 4.56305071353, 
resistor:  1


28.234547619 51.7247367971, 1.83196619599, 0.401879297481, 4.56307926059, 
resistor:  1


28.3356547619 51.9056785308, 1.83181503893, 0.401842756466, 4.5631141041, 
resistor:  1


28.436952381 52.0877361251, 1.83169192772, 0.401813825933, 4.56313389274, 
resistor:  1


28.5385833333 52.270849376, 1.83158528808, 0.401790900546, 4.56312141953, 
resistor:  1


28.6403333333 52.4654192836, 1.83187181074, 0.401862736298, 4.56302007652, 
resistor:  1


28.7416904762 52.648349441, 1.83177636975, 0.401837514018, 4.56306592767, 
resistor:  1


28.8428095238 52.8295777365, 1.83163771521, 0.401801230948, 4.56312732857, 
resistor:  1


28.944 53.0099556079, 1.83146612797, 0.401759127024, 4.56317717911, 
resistor:  1


29.0452142857 53.1914994371, 1.83133437798, 0.401725266741, 4.56323305349, 
resistor:  1


29.1463214286 53.3723361351, 1.83118601316, 0.401688538053, 4.56328237531, 
resistor:  1


29.2475833333 53.5551707734, 1.83109729659, 0.401664891717, 4.56332915894, 
resistor:  1


29.3489761905 53.737597103, 1.83098711022, 0.401637576643, 4.56336171892, 
resistor:  1


29.4503928571 53.9214966395, 1.83092622571, 0.401620581245, 4.56339852322, 
resistor:  1


29.5517380952 54.104802812, 1.83085010559, 0.40160310128, 4.56340515001, 
resistor:  1


29.6528928571 54.2944773509, 1.83100102956, 0.40163895649, 4.56337273141, 
resistor:  1


29.7540357143 54.4761007467, 1.83088107004, 0.401609932815, 4.5633989914, 
resistor:  1


29.8553809524 54.6569806589, 1.83072461028, 0.401572178196, 4.56343286712, 
resistor:  1


29.9565595238 54.8381438809, 1.83058885108, 0.401540072001, 4.56345165451, 
resistor:  1


30.0577142857 55.0180025785, 1.83041205514, 0.401497408056, 4.56349071635, 
resistor:  1


30.1589761905 55.1982841709, 1.83024396526, 0.401457497236, 4.56351900194, 
resistor:  1


30.2604047619 55.3788144256, 1.83007513817, 0.401417676632, 4.56354539551, 
resistor:  1


30.3616190476 55.5579350781, 1.82987392705, 0.401370407843, 4.56357617136, 
resistor:  1


30.4627738095 55.7448287249, 1.82993279185, 0.401383098817, 4.56357508991, 
resistor:  1


30.5639404762 55.930545308, 1.82995204272, 0.401385980321, 4.563586129, 
resistor:  1


30.6651547619 56.1196258303, 1.83007802393, 0.401414059238, 4.56357922642, 
resistor:  1


30.7664047619 56.3030067946, 1.83001579906, 0.401397812767, 4.56361090749, 
resistor:  1


30.8675357143 56.4844282692, 1.82989755943, 0.401367218346, 4.56366573151, 
resistor:  1


30.9685714286 56.6648954822, 1.82975490532, 0.40133222363, 4.56370525091, 
resistor:  1


31.0696904762 56.847105284, 1.82966435818, 0.401308065119, 4.56375157208, 
resistor:  1


31.1708571429 57.0288167853, 1.82955561741, 0.401281367476, 4.56378238613, 
resistor:  1


31.2719047619 57.2082016497, 1.82938014442, 0.401237715754, 4.56383930972, 
resistor:  1


31.37325 57.3908820287, 1.82929349139, 0.401216443974, 4.56386263636, 
resistor:  1


31.4747261905 57.5730212782, 1.82918259335, 0.401188611415, 4.56389963818, 
resistor:  1


31.5761666667 57.7602632237, 1.82923607648, 0.401202571279, 4.56387378946, 
resistor:  1


31.6776071429 57.9475138958, 1.82928949256, 0.40121503366, 4.56386315595, 
resistor:  1


31.778952381 58.1286887282, 1.82915685927, 0.401183528126, 4.56388605058, 
resistor:  1


31.8801785714 58.3076042503, 1.82896103043, 0.401136073962, 4.56393430446, 
resistor:  1


31.9813214286 58.488066972, 1.82881958466, 0.40110362685, 4.56394587745, 
resistor:  1


32.0824642857 58.6684951976, 1.82867795551, 0.4010694647, 4.56397686232, 
resistor:  1


32.183797619 58.8488583748, 1.82852437339, 0.401032610939, 4.5640073641, 
resistor:  1


32.2849047619 59.0295183769, 1.82839375901, 0.401000369977, 4.56404167616, 
resistor:  1


32.3860357143 59.2105565846, 1.82827429411, 0.40097168329, 4.56406396257, 
resistor:  1


32.4873571429 59.3926131555, 1.8281762008, 0.400946634563, 4.56409978367, 
resistor:  1


32.5886785714 59.5822979754, 1.82831279411, 0.400977792082, 4.56408430017, 
resistor:  1


32.6898571429 59.7720675943, 1.8284591252, 0.401010703715, 4.56408078091, 
resistor:  1


32.7911190476 59.9537304847, 1.82835268286, 0.400983056809, 4.56412897523, 
resistor:  1


32.8923214286 60.1361704374, 1.82827382883, 0.400961669838, 4.56417224366, 
resistor:  1


32.9935238095 60.318653864, 1.8281967762, 0.400941692129, 4.5642052398, 
resistor:  1


33.0947142857 60.4988275879, 1.82805106174, 0.400905614779, 4.56425249777, 
resistor:  1


33.1960714286 60.6802096353, 1.82793345791, 0.400875399274, 4.56429892528, 
resistor:  1


33.2974047619 60.8617559627, 1.82782281075, 0.400849264437, 4.56431806837, 
resistor:  1


33.3997857143 61.0436577037, 1.8276661481, 0.400812312238, 4.56434735598, 
resistor:  1


33.5013333333 61.2287299776, 1.8276505406, 0.400810478248, 4.56432641221, 
resistor:  1


33.602547619 61.4162381094, 1.82772564764, 0.400831672426, 4.5642713355, 
resistor:  1


33.7037619048 61.6042380272, 1.827814895, 0.400853425291, 4.56424464504, 
resistor:  1


33.804952381 61.7864042475, 1.82773232606, 0.400833481837, 4.56426275571, 
resistor:  1


33.9063452381 61.9662681942, 1.82757144007, 0.4007953965, 4.56429080084, 
resistor:  1


34.0077142857 62.1466597961, 1.82742830859, 0.400761616521, 4.56431374566, 
resistor:  1


34.1089880952 62.3273205459, 1.82729902077, 0.400730713324, 4.56433814993, 
resistor:  1


34.2101309524 62.5079110987, 1.82717544068, 0.400701244525, 4.56436125836, 
resistor:  1


34.311297619 62.6949339979, 1.82723879155, 0.400715384841, 4.56435612503, 
resistor:  1


34.4124880952 62.8751763441, 1.82710346808, 0.400683477062, 4.56437597344, 
resistor:  1


34.513702381 63.0574261995, 1.82702584334, 0.400663212783, 4.56440595989, 
resistor:  1


34.6150952381 63.2457961278, 1.82711605133, 0.40068345981, 4.56439935839, 
resistor:  1


34.7164166667 63.4323836038, 1.82715814863, 0.400691702907, 4.56441172511, 
resistor:  1


34.8176785714 63.6147826685, 1.82708282914, 0.400671539567, 4.56445481288, 
resistor:  1


34.9189761905 63.7958643237, 1.82696835027, 0.400642662074, 4.56449533098, 
resistor:  1


35.0202142857 63.9775163073, 1.82687392445, 0.400618555081, 4.56453160875, 
resistor:  1


35.1213690476 64.159524858, 1.82679452988, 0.400598929822, 4.56455414586, 
resistor:  1


35.222547619 64.3387173148, 1.82663440506, 0.400559632905, 4.56460292732, 
resistor:  1


35.3237380952 64.5202156104, 1.8265398593, 0.400535614183, 4.5646387259, 
resistor:  1


35.4250833333 64.7030870679, 1.82647663688, 0.400519601571, 4.56466387996, 
resistor:  1


35.5265 64.8839551742, 1.8263537127, 0.400490786316, 4.56468268849, 
resistor:  1


35.6277857143 65.0739694841, 1.82649491624, 0.400525132222, 4.5646447757, 
resistor:  1


35.7289404762 65.2602765677, 1.82653825437, 0.400535742634, 4.56462814108, 
resistor:  1


35.8300833333 65.4407666005, 1.82641960365, 0.400507094957, 4.56465766835, 
resistor:  1


35.9312857143 65.6218056215, 1.8263138743, 0.40048296589, 4.56466856016, 
resistor:  1


36.0324642857 65.8011300186, 1.82616236006, 0.400447013746, 4.56470092903, 
resistor:  1


36.1338928571 65.9814159505, 1.82602567101, 0.400416272785, 4.56470921532, 
resistor:  1


36.2353333333 66.1641593395, 1.82595696667, 0.400399990833, 4.56471886233, 
resistor:  1


36.3366428571 66.3444459379, 1.82582761425, 0.400368745817, 4.56474703314, 
resistor:  1


36.437797619 66.5276224576, 1.82578604649, 0.400358711531, 4.56475210373, 
resistor:  1


36.538952381 66.7093997568, 1.82570641493, 0.400339836669, 4.564763379, 
resistor:  1


36.6401547619 66.8959271354, 1.82575449176, 0.400350894759, 4.56475383087, 
resistor:  1


36.741547619 67.0858069116, 1.82588408107, 0.400379329993, 4.56475008586, 
resistor:  1


36.842797619 67.2667796829, 1.82577828042, 0.400352912391, 4.56478337756, 
resistor:  1


36.944 67.448079182, 1.82568425677, 0.400330168551, 4.56480359238, 
resistor:  1


37.045202381 67.6302480498, 1.82561421461, 0.400311808315, 4.56483058836, 
resistor:  1


37.1463571429 67.8113459708, 1.82551806386, 0.400288710963, 4.56484906453, 
resistor:  1


37.2475595238 67.9921657474, 1.82541263419, 0.400263731599, 4.56486389054, 
resistor:  1


37.3487619048 68.1729312279, 1.82530632211, 0.400238457206, 4.5648828711, 
resistor:  1


37.449952381 68.35280192, 1.82517727191, 0.400207154756, 4.56491474508, 
resistor:  1


37.551202381 68.5335524627, 1.82506945496, 0.400182937748, 4.56491650133, 
resistor:  1


37.6525357143 68.7189742107, 1.82508223967, 0.400188267218, 4.56488612238, 
resistor:  1


37.7538571429 68.908951962, 1.82521620774, 0.400222237282, 4.56483406741, 
resistor:  1


37.8549761905 69.0897906753, 1.82511779502, 0.400198002807, 4.56486260359, 
resistor:  1


37.9561428571 69.2705112368, 1.82501450418, 0.400174548147, 4.56487091648, 
resistor:  1


38.0585238095 69.4564658532, 1.82499106379, 0.400169055689, 4.56487722055, 
resistor:  1


38.1596785714 69.6362049844, 1.82486351016, 0.400140119089, 4.56488665649, 
resistor:  1


38.2608452381 69.8162798442, 1.82474483796, 0.400113509604, 4.56489375755, 
resistor:  1


38.3619047619 69.9963810598, 1.8246325748, 0.400089072052, 4.56488957652, 
resistor:  1


38.4629642857 70.1776629501, 1.82455159797, 0.400070473549, 4.56489706348, 
resistor:  1


38.5640119048 70.359044375, 1.82447418979, 0.400052603762, 4.5649048978, 
resistor:  1


38.6651071429 70.5454011465, 1.82452361727, 0.400064838277, 4.56488902154, 
resistor:  1


38.7662261905 70.7350118535, 1.82465560372, 0.40009790954, 4.56484320953, 
resistor:  1


38.8674166667 70.9146488179, 1.82452694055, 0.400067746579, 4.56486582582, 
resistor:  1


38.9687380952 71.0959995088, 1.82443679174, 0.40004693501, 4.56487844098, 
resistor:  1


39.0699047619 71.2775780433, 1.82436016872, 0.400028794512, 4.56489319961, 
resistor:  1


39.171202381 71.4592388404, 1.82427994284, 0.400010091857, 4.56490440891, 
resistor:  1


39.2725238095 71.6414954506, 1.82421419611, 0.399994348185, 4.56491730873, 
resistor:  1


39.3737738095 71.8227367498, 1.8241263105, 0.399973578873, 4.56493124717, 
resistor:  1


39.4750595238 72.0051079067, 1.82406584753, 0.399959668845, 4.56493562416, 
resistor:  1


39.5761666667 72.1834881213, 1.82391308206, 0.399926368894, 4.56493170055, 
resistor:  1


39.6773214286 72.3707377277, 1.82398244443, 0.39994585665, 4.56488808435, 
resistor:  1


39.7784047619 72.5600436884, 1.82410642465, 0.399978302359, 4.56482861959, 
resistor:  1


39.8795 72.7405717834, 1.82400912207, 0.399958280255, 4.56481100417, 
resistor:  1


39.9807142857 72.9230261728, 1.82395506122, 0.399947367289, 4.56479775963, 
resistor:  1


40.0819285714 73.1016679383, 1.82380615264, 0.399913120279, 4.56481399257, 
resistor:  1


40.183202381 73.2818213063, 1.82369291057, 0.39988656536, 4.56483348437, 
resistor:  1


40.2843333333 73.4627487653, 1.82360592038, 0.399866395408, 4.56484495903, 
resistor:  1


40.3853809524 73.6455515668, 1.82356956478, 0.399858145037, 4.5648477064, 
resistor:  1


40.486452381 73.8267013354, 1.82349148897, 0.399839089049, 4.56487027395, 
resistor:  1


40.5875238095 74.008652762, 1.82343355336, 0.399823293492, 4.56490395555, 
resistor:  1


40.6888095238 74.1919372405, 1.82339906497, 0.399812872932, 4.56493446717, 
resistor:  1


40.7901904762 74.3847100295, 1.82359310317, 0.399857786092, 4.56490898557, 
resistor:  1


40.8913333333 74.5651196228, 1.82349445578, 0.399832844794, 4.56494664264, 
resistor:  1


40.9925119048 74.7471566918, 1.82343440835, 0.399816426116, 4.56498217483, 
resistor:  1


41.093702381 74.9282359922, 1.82335082144, 0.399795431282, 4.56501173595, 
resistor:  1


41.1950238095 75.1098779938, 1.82327550874, 0.399776803736, 4.56503404245, 
resistor:  1


41.2965952381 75.2910800106, 1.82317887411, 0.399752660286, 4.56506703896, 
resistor:  1


41.3979880952 75.473360774, 1.82311663553, 0.399736175149, 4.56509843865, 
resistor:  1


41.4991547619 75.6550696312, 1.82305085646, 0.399721474472, 4.56510103279, 
resistor:  1


41.6003095238 75.836397517, 1.82297676111, 0.399704011318, 4.56511539889, 
resistor:  1


41.7015 76.0208542993, 1.82297649483, 0.399704712374, 4.56510577623, 
resistor:  1


41.8026904762 76.2115409846, 1.82312526099, 0.399739952126, 4.56507545789, 
resistor:  1


41.9038214286 76.3909623832, 1.82300706186, 0.399711968271, 4.56509546198, 
resistor:  1


42.0049166667 76.5722662282, 1.82293579668, 0.399694975713, 4.5651076579, 
resistor:  1


42.1062738095 76.7529507434, 1.8228388266, 0.399672202315, 4.56512279523, 
resistor:  1


42.2076785714 76.9339529885, 1.82274779359, 0.399650690969, 4.56513654316, 
resistor:  1


42.3090595238 77.1149886944, 1.82265901351, 0.399629811484, 4.56514839636, 
resistor:  1


42.4104880952 77.2965708277, 1.82258149574, 0.399611769421, 4.5651575494, 
resistor:  1


42.5118809524 77.4781733287, 1.82250635806, 0.399593241364, 4.56517691656, 
resistor:  1


42.6130238095 77.6597756706, 1.82244226595, 0.3995765902, 4.5652051407, 
resistor:  1


42.7141547619 77.8441291602, 1.82244339363, 0.399575762938, 4.56521473422, 
resistor:  1


42.8152261905 78.0359633197, 1.82262176947, 0.399616263897, 4.56519671747, 
resistor:  1


42.9163333333 78.2207048478, 1.82263252176, 0.399618667342, 4.5651965018, 
resistor:  1


43.0174880952 78.4057779747, 1.82264891435, 0.399620911833, 4.56521380601, 
resistor:  1


43.1187380952 78.5873300334, 1.82257954442, 0.399602764149, 4.5652482721, 
resistor:  1


43.2201309524 78.7697222197, 1.82252391383, 0.399588265387, 4.56527327832, 
resistor:  1


43.3213095238 78.9508904968, 1.82244930646, 0.399569606657, 4.5652983784, 
resistor:  1


43.4224404762 79.1320129606, 1.82237599022, 0.39955141474, 4.56532139357, 
resistor:  1


43.5236190476 79.3111862396, 1.82225623639, 0.399524405597, 4.56533180752, 
resistor:  1


43.6251666667 79.4935468661, 1.82219468578, 0.399510058134, 4.56533953776, 
resistor:  1


43.726452381 79.6738203883, 1.822096604, 0.399487743048, 4.56534841834, 
resistor:  1


43.8275952381 79.8755458485, 1.82249437631, 0.399583325936, 4.5652605072, 
resistor:  1


43.928797619 80.0555050922, 1.82239235834, 0.399558910718, 4.56528049466, 
resistor:  1


44.0299642857 80.2353432878, 1.82228953826, 0.399534375682, 4.5653008232, 
resistor:  1


44.1312857143 80.410812573, 1.82208180142, 0.399486516515, 4.56532520308, 
resistor:  1


44.2327380952 80.59067922, 1.82196903675, 0.399461613936, 4.56532260773, 
resistor:  1


44.3341428571 80.7900242477, 1.82229809896, 0.399540989523, 4.56524127836, 
resistor:  1


44.4355357143 80.9870092184, 1.82257303567, 0.39960573866, 4.56518838172, 
resistor:  1


44.5368809524 81.1846460381, 1.82286330569, 0.399673584691, 4.56513759946, 
resistor:  1


44.638202381 81.3835027629, 1.82318055885, 0.3997488597, 4.56507199461, 
resistor:  1


44.7393571429 81.5797729862, 1.82344535541, 0.399810736612, 4.56502559926, 
resistor:  1


44.8405238095 81.7910599171, 1.82404336454, 0.399953837702, 4.56490416152, 
resistor:  1


44.9417738095 81.985307511, 1.8242561555, 0.400004148887, 4.56486005228, 
resistor:  1


45.0429404762 82.1833198207, 1.82455494583, 0.400073385506, 4.56481641882, 
resistor:  1


45.144297619 82.380309317, 1.82482204092, 0.400136108202, 4.5647665313, 
resistor:  1


45.2456785714 82.5785861579, 1.82511543125, 0.400204846187, 4.56471475196, 
resistor:  1


45.3470595238 82.7734092692, 1.82533134758, 0.40025371514, 4.56469158108, 
resistor:  1


45.4482142857 82.9665917225, 1.82551928665, 0.400295631035, 4.56468044946, 
resistor:  1


45.5493809524 83.1381646536, 1.82523149416, 0.400225216584, 4.56476218045, 
resistor:  1


45.6505833333 83.2907775638, 1.82452822028, 0.40005897047, 4.56492723155, 
resistor:  1


45.7517738095 83.4397276878, 1.82374847444, 0.399875106946, 4.56510448942, 
resistor:  1


45.8529761905 83.6007971188, 1.82323600482, 0.399753643198, 4.56522332403, 
resistor:  1


45.9543690476 83.7485291357, 1.82242800568, 0.399563930227, 4.56539416784, 
resistor:  1


46.0557619048 83.8985608767, 1.82167349767, 0.399386284285, 4.5655614605, 
resistor:  1


46.1571071429 84.0471731514, 1.82089343015, 0.399202262977, 4.56574004065, 
resistor:  1


46.2583214286 84.1945767521, 1.82009580443, 0.399013622739, 4.5659314116, 
resistor:  1


46.3595714286 84.3426837778, 1.81931543323, 0.398829611434, 4.56610933262, 
resistor:  1


46.4608095238 84.4912338113, 1.81854846433, 0.398647880213, 4.56629645369, 
resistor:  1


46.5618809524 84.6401712641, 1.81779965785, 0.398470838986, 4.56647279082, 
resistor:  1


46.6631904762 84.7887319855, 1.81703675039, 0.398289944042, 4.56666159079, 
resistor:  1


46.7645952381 84.943837403, 1.81641339929, 0.39814181518, 4.566815744, 
resistor:  1


46.8658690476 85.0999856732, 1.81582007125, 0.398001897662, 4.56694672904, 
resistor:  1


46.9669880952 85.2482370178, 1.81506714557, 0.397825418122, 4.56710232647, 
resistor:  1


47.0681785714 85.3962594369, 1.81430983796, 0.397646806329, 4.56727601972, 
resistor:  1


47.1694047619 85.5451469169, 1.81357274591, 0.397473207707, 4.56744000131, 
resistor:  1


47.2705238095 85.6933290256, 1.81282799765, 0.397297817207, 4.56760626521, 
resistor:  1


47.3715833333 85.8411271409, 1.81208059982, 0.397121709946, 4.56777495842, 
resistor:  1


47.472797619 85.9892035996, 1.81133634233, 0.396946325528, 4.56794310569, 
resistor:  1


47.5738333333 86.1368192015, 1.81059236068, 0.396772029404, 4.56809630802, 
resistor:  1


47.6749047619 86.2850844472, 1.80986380315, 0.396600506551, 4.56825826679, 
resistor:  1


47.7759880952 86.4447985051, 1.80937751267, 0.396485746627, 4.56836392555, 
resistor:  1


47.8772619048 86.596034893, 1.80870900816, 0.396328534911, 4.56851125456, 
resistor:  1


47.9786190476 86.744939533, 1.80799158573, 0.396160008108, 4.568663703, 
resistor:  1


48.0798809524 86.8926987149, 1.80725694394, 0.395986567894, 4.56883388377, 
resistor:  1


48.1813214286 87.0419158703, 1.80654895485, 0.395819641439, 4.56899458324, 
resistor:  1


48.2827619048 87.1901112621, 1.80582277862, 0.395648424862, 4.56916040398, 
resistor:  1


48.384 87.3381691246, 1.80510435525, 0.395478943567, 4.56932539362, 
resistor:  1


48.4851547619 87.4911761734, 1.80449410965, 0.395334128826, 4.56947502901, 
resistor:  1


48.5864761905 87.6399846448, 1.80379380265, 0.395169092758, 4.56963288626, 
resistor:  1


48.6877738095 87.7888889562, 1.8030992606, 0.395004252356, 4.56980602777, 
resistor:  1


48.7888690476 87.9509682789, 1.80268512052, 0.394905035247, 4.56991346919, 
resistor:  1


48.8903214286 88.1013360785, 1.80201998073, 0.394748009253, 4.57006628184, 
resistor:  1


48.9917261905 88.2502617999, 1.80132991144, 0.394584332525, 4.57023741728, 
resistor:  1


49.0928928571 88.3988151503, 1.8006438408, 0.394421781921, 4.5704045583, 
resistor:  1


49.1939761905 88.5473074013, 1.79996239902, 0.394260221172, 4.57057342357, 
resistor:  1


49.295047619 88.6948441749, 1.79926480364, 0.394094845956, 4.57074509471, 
resistor:  1


49.3963095238 88.8443198445, 1.79860237943, 0.393937780903, 4.57090782787, 
resistor:  1


49.4976547619 88.9922934292, 1.79790929201, 0.393775470957, 4.5710502166, 
resistor:  1


49.5992857143 89.1411678388, 1.79722684621, 0.393617396612, 4.57116418615, 
resistor:  1


49.7008928571 89.2892787791, 1.79653269079, 0.393455159211, 4.57130210509, 
resistor:  1


49.8021904762 89.4517317295, 1.79614050856, 0.393362444435, 4.57138734345, 
resistor:  1


49.9034047619 89.5990908077, 1.79545045544, 0.393200754619, 4.57153082572, 
resistor:  1


50.0046071429 89.7480410708, 1.79479544384, 0.393046398258, 4.57167809369, 
resistor:  1


50.1057619048 89.8955609116, 1.79411623522, 0.392886491495, 4.57183010603, 
resistor:  1


50.2070833333 90.0436172874, 1.79344449646, 0.392728256587, 4.57198102683, 
resistor:  1


50.308297619 90.1917419835, 1.79278063962, 0.392572090847, 4.57212723711, 
resistor:  1


50.4093928571 90.3419316526, 1.79216464496, 0.392426714269, 4.57226871839, 
resistor:  1


50.5106904762 90.4905238071, 1.79151231064, 0.392272047534, 4.57242965611, 
resistor:  1


50.6118690476 90.6390653129, 1.79086579924, 0.392118944226, 4.57258620345, 
resistor:  1


50.7130595238 90.7900078707, 1.79026879315, 0.391977973427, 4.57272407177, 
resistor:  1


50.8162738095 90.9539262914, 1.78985823778, 0.391879761881, 4.57282957373, 
resistor:  1


50.9176904762 91.1022004646, 1.78920527645, 0.391725688427, 4.57298042344, 
resistor:  1


51.0190238095 91.2514796545, 1.7885775313, 0.391576521143, 4.5731392871, 
resistor:  1


51.1203809524 91.4000760241, 1.78793808499, 0.391425125183, 4.57329378625, 
resistor:  1


51.2217261905 91.5490255851, 1.78730848009, 0.391275653535, 4.5734514275, 
resistor:  1


51.3228809524 91.6965730112, 1.78666067278, 0.391122215559, 4.57361010024, 
resistor:  1


51.4241904762 91.8466658485, 1.78605953731, 0.390979652856, 4.57375771739, 
resistor:  1


51.5253690476 91.9943291231, 1.78541815078, 0.390828762511, 4.57389960525, 
resistor:  1


51.6264880952 92.1429352052, 1.78479959813, 0.390683812792, 4.57402669757, 
resistor:  1


51.727547619 92.3000367635, 1.78434975196, 0.390578257079, 4.57411761921, 
resistor:  1


51.8286547619 92.4524892959, 1.78381032116, 0.390450960696, 4.57424013661, 
resistor:  1


51.9297261905 92.6002206054, 1.78318330171, 0.390304258179, 4.5743664462, 
resistor:  1


52.0307857143 92.7486660479, 1.78257285133, 0.390160248762, 4.57450630519, 
resistor:  1


52.1318809524 92.8959267191, 1.78194082051, 0.39001166498, 4.57464594578, 
resistor:  1


52.232952381 93.0434797358, 1.78131764518, 0.389864557815, 4.57479008786, 
resistor:  1


52.334047619 93.191210642, 1.78069946587, 0.389719224275, 4.57492513438, 
resistor:  1


52.435202381 93.3397055505, 1.78009621995, 0.389576639102, 4.57506709247, 
resistor:  1


52.5362380952 93.4880575523, 1.77949660923, 0.389434591365, 4.57521292309, 
resistor:  1


52.6375 93.6370971574, 1.77890471921, 0.389295076789, 4.57534823396, 
resistor:  1


52.738952381 93.7994989478, 1.77856204405, 0.389213099031, 4.57543342058, 
resistor:  1


52.8401785714 93.948354618, 1.77797193647, 0.389073238442, 4.57557773075, 
resistor:  1


52.9414166667 94.0962109148, 1.77736480886, 0.388929646138, 4.57572317205, 
resistor:  1


53.0425595238 94.2449520013, 1.77677986974, 0.38879091225, 4.57586776961, 
resistor:  1


53.1436428571 94.3931913173, 1.77618970478, 0.388651135692, 4.57601103497, 
resistor:  1


53.244797619 94.5414526532, 1.7755998122, 0.388511173724, 4.57615817592, 
resistor:  1


53.3460952381 94.6897100973, 1.77500733043, 0.3883707135, 4.57630450481, 
resistor:  1


53.4471904762 94.8375866526, 1.77441668697, 0.388230972898, 4.57644827185, 
resistor:  1


53.5483452381 94.9856718893, 1.77383019899, 0.388092784504, 4.57657856977, 
resistor:  1


53.649452381 95.1335924601, 1.77324442726, 0.387955570775, 4.57669922446, 
resistor:  1


53.7507142857 95.2965956318, 1.77293635811, 0.387882956134, 4.57676296096, 
resistor:  1


53.8517857143 95.4447886762, 1.77236070095, 0.387747886711, 4.57688419731, 
resistor:  1


53.9528809524 95.5924569283, 1.77177669183, 0.387610280681, 4.57701648179, 
resistor:  1


54.053952381 95.7440041257, 1.77126740799, 0.387490110925, 4.57713199371, 
resistor:  1


54.1551785714 95.8920976941, 1.77069119194, 0.387354492706, 4.57725978699, 
resistor:  1


54.2565595238 96.045958505, 1.77021837263, 0.387242666964, 4.57736802142, 
resistor:  1


54.3577261905 96.1940191753, 1.76964759045, 0.387108269909, 4.57749568494, 
resistor:  1


54.4589642857 96.3435606857, 1.76910380044, 0.38697931926, 4.57762979825, 
resistor:  1


54.5600833333 96.4918089106, 1.76854218351, 0.386846256133, 4.57776710641, 
resistor:  1


54.6612738095 96.6403281728, 1.76798529265, 0.386714941286, 4.57789378431, 
resistor:  1


54.7624761905 96.8043643057, 1.76771342422, 0.38664976505, 4.57796423561, 
resistor:  1


54.8636666667 96.9526005199, 1.76715495719, 0.386517912589, 4.57809416767, 
resistor:  1


54.9648333333 97.1011476699, 1.76660496869, 0.386387479569, 4.57823002215, 
resistor:  1


55.0661190476 97.2494734574, 1.76604916307, 0.386255519086, 4.57837029241, 
resistor:  1


55.16725 97.3977526422, 1.76549950636, 0.386125179272, 4.57850617082, 
resistor:  1


55.2684404762 97.5462588788, 1.76495406851, 0.385995852175, 4.57864259275, 
resistor:  1


55.3695714286 97.6947418507, 1.76441210091, 0.385867275337, 4.57877498739, 
resistor:  1


55.4705952381 97.8424888288, 1.76386224826, 0.385737604822, 4.57890093034, 
resistor:  1


55.5716666667 97.9903712447, 1.76331532096, 0.385609323206, 4.57901610141, 
resistor:  1


55.6729761905 98.1430107144, 1.76284828709, 0.38549963269, 4.5791144937, 
resistor:  1


55.7743333333 98.3006985299, 1.76247195896, 0.385410811835, 4.57919750746, 
resistor:  1


55.8755 98.4489059218, 1.76193333253, 0.385284597752, 4.5793086203, 
resistor:  1


55.9768928571 98.5969186907, 1.76138605875, 0.385155603072, 4.57943569939, 
resistor:  1


56.0781309524 98.7450604617, 1.76084792386, 0.385028745191, 4.57955609988, 
resistor:  1


56.1793809524 98.8925520985, 1.76029978298, 0.384899620813, 4.57968124891, 
resistor:  1


56.2804642857 99.0404200099, 1.7597655113, 0.384773785449, 4.57980011244, 
resistor:  1


56.3815595238 99.1876835056, 1.7592220638, 0.384645540922, 4.57992661479, 
resistor:  1


56.4826666667 99.3359757919, 1.75869840527, 0.384521368843, 4.58005594204, 
resistor:  1


56.5838095238 99.4839009463, 1.75816902014, 0.384396424323, 4.58017884076, 
resistor:  1


56.6848690476 99.6431251718, 1.75784343946, 0.384318797965, 4.58025973324, 
resistor:  1


56.785952381 99.7952206579, 1.75739274369, 0.384211643398, 4.58037326603, 
resistor:  1


56.887 99.9436291299, 1.7568799397, 0.38409042154, 4.58049416629, 
resistor:  1


56.9880357143 100.092072712, 1.75636993726, 0.383969189692, 4.58062438132, 
resistor:  1


57.0891428571 100.240165217, 1.75585339349, 0.383846659182, 4.58075311588, 
resistor:  1


57.190452381 100.388963141, 1.75534479902, 0.383725913377, 4.58088060744, 
resistor:  1


57.2919285714 100.53883926, 1.75485171763, 0.383609104232, 4.58100038824, 
resistor:  1


57.3934047619 100.689100786, 1.75436709502, 0.383493774694, 4.58112555921, 
resistor:  1


57.4947261905 100.837067486, 1.75384899046, 0.383371820051, 4.58124125615, 
resistor:  1


57.5959761905 100.985512741, 1.75334319201, 0.383253675632, 4.5813402229, 
resistor:  1


57.6971190476 101.14730987, 1.75307383696, 0.383190320608, 4.58139382467, 
resistor:  1


57.7983214286 101.2953654, 1.75256586863, 0.383070965416, 4.58150400347, 
resistor:  1


57.8994642857 101.443369053, 1.75206058129, 0.38295228677, 4.58161248442, 
resistor:  1


58.0005357143 101.591456852, 1.75156066407, 0.382834396626, 4.58172696189, 
resistor:  1


58.1016428571 101.739085327, 1.75105350423, 0.382715134886, 4.58183844619, 
resistor:  1


58.2028214286 101.8871878, 1.75055410201, 0.382597438715, 4.58195238903, 
resistor:  1


58.3040238095 102.035349358, 1.75005673179, 0.382480371886, 4.58206363723, 
resistor:  1


58.4055238095 102.184812326, 1.74957445223, 0.382366288418, 4.58217725116, 
resistor:  1


58.5068809524 102.332806672, 1.74907301511, 0.382247229072, 4.58230534774, 
resistor:  1


58.6082380952 102.482028157, 1.74859425037, 0.382134382356, 4.58241232155, 
resistor:  1


58.7096547619 102.64522189, 1.74835335527, 0.38207681463, 4.58247262453, 
resistor:  1


58.8108095238 102.794096542, 1.74787759894, 0.381964141104, 4.58258565989, 
resistor:  1


58.9119880952 102.94190293, 1.74738463695, 0.381847317912, 4.58270735883, 
resistor:  1


59.0131428571 103.094252396, 1.74697105432, 0.381748822821, 4.58281365341, 
resistor:  1


59.1142857143 103.241560334, 1.74647395442, 0.381631013305, 4.58293684386, 
resistor:  1


59.2153928571 103.399332187, 1.74615631508, 0.381555036728, 4.58301866846, 
resistor:  1


59.316452381 103.57007911, 1.74605990333, 0.381531016429, 4.58304484492, 
resistor:  1


59.4174880952 103.741169307, 1.7459702965, 0.381508554193, 4.58306993049, 
resistor:  1


59.5186190476 103.911882448, 1.74587186514, 0.381486995393, 4.58306021668, 
resistor:  1


59.6198928571 104.085312923, 1.74581516227, 0.38147382735, 4.58306022175, 
resistor:  1


59.7211785714 104.268473426, 1.74592122795, 0.381499855105, 4.58302111838, 
resistor:  1


59.8223571429 104.439598647, 1.74582887795, 0.381478515518, 4.58302504171, 
resistor:  1


59.9235 104.608723247, 1.74570449402, 0.381449075785, 4.58304343735, 
resistor:  1


60.024547619 104.779732542, 1.74561469762, 0.381427373818, 4.58305905826, 
resistor:  1


60.1258571429 104.951232433, 1.74552575913, 0.381406184835, 4.58307034554, 
resistor:  1


60.2271904762 105.121987053, 1.74542405552, 0.381381085829, 4.58309576228, 
resistor:  1


60.3286309524 105.294482686, 1.74534845269, 0.381363190046, 4.5831033931, 
resistor:  1


60.4299404762 105.469749598, 1.7453227451, 0.381356270198, 4.58311130856, 
resistor:  1


60.5310714286 105.639475023, 1.74521072451, 0.381328914895, 4.58313810428, 
resistor:  1


60.6322380952 105.796083736, 1.74488171738, 0.381250297066, 4.58322467975, 
resistor:  1


60.7333452381 105.950559807, 1.7445204013, 0.381164288702, 4.58331615569, 
resistor:  1


60.8345238095 106.099116799, 1.74406094032, 0.381055725522, 4.58342423554, 
resistor:  1


60.9358690476 106.248449369, 1.74361096394, 0.38094904441, 4.58353555365, 
resistor:  1


61.0374642857 106.39949072, 1.74318333772, 0.380847447051, 4.58364351618, 
resistor:  1


61.1388095238 106.547888107, 1.74272101365, 0.380737727897, 4.58375952518, 
resistor:  1


61.240047619 106.696384675, 1.74226488749, 0.38062929394, 4.58387670008, 
resistor:  1


61.3413095238 106.84436552, 1.7418011834, 0.380519286546, 4.58399298135, 
resistor:  1


61.4424166667 106.992574045, 1.74134709944, 0.380412031126, 4.58409930479, 
resistor:  1


61.5435 107.140010432, 1.74088263476, 0.380303641199, 4.58419154327, 
resistor:  1


61.6449047619 107.302589203, 1.74065625728, 0.380250292549, 4.58423584894, 
resistor:  1


61.7462261905 107.451564649, 1.74021266203, 0.380146331676, 4.58432745398, 
resistor:  1


61.8473928571 107.599842596, 1.73976359594, 0.380040870091, 4.58442374486, 
resistor:  1


61.9486904762 107.748563378, 1.73931946825, 0.379936368302, 4.5845225507, 
resistor:  1


62.0501904762 107.898696842, 1.73889388597, 0.379836133042, 4.58461852816, 
resistor:  1


62.1515 108.046612065, 1.73843933074, 0.379728880963, 4.58472328562, 
resistor:  1


62.2526547619 108.194274392, 1.73798651328, 0.379622198936, 4.5848259566, 
resistor:  1


62.3539404762 108.342606222, 1.73754225306, 0.379517543501, 4.58492605296, 
resistor:  1


62.4550714286 108.491001783, 1.7371047587, 0.379413870431, 4.58503327968, 
resistor:  1


62.5560952381 108.639380241, 1.73667137994, 0.379311715679, 4.58513138301, 
resistor:  1


62.6572261905 108.802165306, 1.73646635705, 0.379262374421, 4.58518711295, 
resistor:  1


62.7582619048 108.950970095, 1.73604186585, 0.379162252843, 4.58528290589, 
resistor:  1


62.8593690476 109.099705682, 1.73561566613, 0.37906105701, 4.58538998336, 
resistor:  1


62.9605119048 109.247471845, 1.73517445363, 0.378956254197, 4.58550272397, 
resistor:  1


63.0616547619 109.396259476, 1.73475085436, 0.378855834291, 4.58560772615, 
resistor:  1


63.1630595238 109.545229067, 1.73432430114, 0.378754520259, 4.58571465756, 
resistor:  1


63.264452381 109.693144392, 1.73388277719, 0.378649775468, 4.5858266151, 
resistor:  1


63.3656666667 109.841677357, 1.73345729849, 0.378548754197, 4.58593288525, 
resistor:  1


63.4667619048 109.998665427, 1.73316964857, 0.378481027467, 4.58599291312, 
resistor:  1


63.5678690476 110.146914589, 1.73274511541, 0.378381531181, 4.58608121562, 
resistor:  1


63.6689404762 110.308332071, 1.73252972715, 0.378330787, 4.58612437111, 
resistor:  1


63.769952381 110.456450646, 1.73210809357, 0.378232149515, 4.58620913753, 
resistor:  1


63.8711190476 110.603826978, 1.73167197674, 0.37812938425, 4.58630889597, 
resistor:  1


63.9724642857 110.753934503, 1.73127509999, 0.378035901673, 4.58639755942, 
resistor:  1


64.0739404762 110.902934072, 1.73085864936, 0.377937931346, 4.58649019919, 
resistor:  1


64.1752738095 111.050747469, 1.73042888447, 0.377836549791, 4.58658983397, 
resistor:  1


64.2766785714 111.198962891, 1.73000480676, 0.377736723402, 4.58668454886, 
resistor:  1


64.3778571429 111.349592825, 1.72962564718, 0.377647160977, 4.58677402071, 
resistor:  1


64.4791547619 111.498389714, 1.72921605635, 0.377551128695, 4.58685839901, 
resistor:  1


64.5803690476 111.652141209, 1.72888670126, 0.377474548972, 4.58691629691, 
resistor:  1


64.6817142857 111.809492037, 1.7286105242, 0.377409357187, 4.58697656583, 
resistor:  1


64.7831666667 111.958593355, 1.72820501244, 0.377314365296, 4.58705978393, 
resistor:  1


64.8843809524 112.106481809, 1.72778841632, 0.377216607905, 4.58714852115, 
resistor:  1


64.9855833333 112.255458105, 1.72739017405, 0.377123100475, 4.58723323251, 
resistor:  1


65.0867380952 112.40325292, 1.72697628134, 0.377026100875, 4.58731955123, 
resistor:  1


65.1878571429 112.551563978, 1.72657253837, 0.376931455089, 4.58740354194, 
resistor:  1


65.2891428571 112.699094907, 1.72615369072, 0.376833259744, 4.5874918823, 
resistor:  1


65.3902857143 112.847457175, 1.72575262429, 0.376739291539, 4.58757444339, 
resistor:  1


65.4914047619 112.994917919, 1.72533965838, 0.376644166393, 4.58763649078, 
resistor:  1


65.5925714286 113.153860803, 1.72510176592, 0.376587930881, 4.5876897171, 
resistor:  1


65.69375 113.304901496, 1.72474400526, 0.37650394644, 4.58776540462, 
resistor:  1


65.7949285714 113.453189983, 1.72434551487, 0.376410404623, 4.58785030848, 
resistor:  1


65.8961666667 113.600666119, 1.72393436319, 0.376313614314, 4.5879431077, 
resistor:  1


65.9973928571 113.749737312, 1.72354895228, 0.376222673317, 4.58803194626, 
resistor:  1


66.0986547619 113.897575734, 1.72314514031, 0.376127825478, 4.58811947812, 
resistor:  1


66.200047619 114.045583122, 1.72274170826, 0.376032550726, 4.5882145489, 
resistor:  1


66.30125 114.193394985, 1.72234150917, 0.37593849364, 4.58830193134, 
resistor:  1


66.4024761905 114.342948084, 1.72196813499, 0.375850095369, 4.58839229164, 
resistor:  1


66.5036785714 114.491521349, 1.72158178026, 0.375759351089, 4.58847510833, 
resistor:  1


66.6048452381 114.65394197, 1.72140542569, 0.37571671237, 4.58852420186, 
resistor:  1


66.706047619 114.802554232, 1.72102168138, 0.375626275401, 4.58861201213, 
resistor:  1


66.807047619 114.950899582, 1.72064031684, 0.375535628798, 4.58870856774, 
resistor:  1


66.9081309524 115.099321607, 1.72025910706, 0.375445205475, 4.58880324838, 
resistor:  1


67.0092738095 115.247460647, 1.71987329656, 0.375353375303, 4.58890444676, 
resistor:  1


67.1104642857 115.396051186, 1.71949415659, 0.375263525782, 4.58899737103, 
resistor:  1


67.2115833333 115.544590096, 1.71911721708, 0.375173885345, 4.58909427967, 
resistor:  1


67.3126904762 115.693061108, 1.71874070535, 0.375084689789, 4.58918613078, 
resistor:  1


67.4137738095 115.840413613, 1.71834933823, 0.37499188525, 4.58928419068, 
resistor:  1


67.5148333333 115.988437835, 1.71796969805, 0.374903501282, 4.58935444358, 
resistor:  1


67.6161309524 116.150463649, 1.71779221929, 0.374861728775, 4.58939006918, 
resistor:  1


67.7174880952 116.299720764, 1.71742520337, 0.374775986384, 4.58946115037, 
resistor:  1


67.8185952381 116.447179949, 1.71703910321, 0.374684921651, 4.58955063333, 
resistor:  1


67.9197738095 116.595048886, 1.71665838011, 0.37459540643, 4.5896342883, 
resistor:  1


68.0209642857 116.743188059, 1.7162824621, 0.374506873062, 4.58971909457, 
resistor:  1


68.1221547619 116.891420095, 1.71590902407, 0.37441903588, 4.58980131431, 
resistor:  1


68.2233571429 117.038787753, 1.71552372463, 0.374328557469, 4.58988502575, 
resistor:  1


68.3245 117.186793394, 1.71515039837, 0.374240639157, 4.58996883999, 
resistor:  1


68.4255833333 117.334743612, 1.71477885751, 0.374152865886, 4.59005660931, 
resistor:  1


68.5266666667 117.484156629, 1.71442975915, 0.374070505765, 4.59013662086, 
resistor:  1


68.6277261905 117.646008782, 1.71426353914, 0.374030424832, 4.59018162229, 
resistor:  1


68.7288214286 117.794096212, 1.71389664138, 0.373943835107, 4.59026768259, 
resistor:  1


68.8300357143 117.942722714, 1.71353568962, 0.373858048819, 4.59035898496, 
resistor:  1


68.9314285714 118.091466686, 1.71317306391, 0.373772028111, 4.59044925538, 
resistor:  1


69.0325357143 118.240263284, 1.71281935482, 0.373687982207, 4.59053889146, 
resistor:  1


69.1339166667 118.388463568, 1.71245127249, 0.373600613519, 4.5906320073, 
resistor:  1


69.23525 118.542889221, 1.71217536185, 0.373534699954, 4.59070375617, 
resistor:  1


69.3396547619 118.696635644, 1.71181463264, 0.373449131435, 4.5907936429, 
resistor:  1


69.4413095238 118.846836231, 1.71147170244, 0.373368870378, 4.59086265635, 
resistor:  1


69.5426428571 119.00232398, 1.71121371135, 0.373308293141, 4.59091563421, 
resistor:  1


69.643797619 119.157226377, 1.71095245306, 0.37324694009, 4.59097078022, 
resistor:  1


69.7449166667 119.304657296, 1.71058570285, 0.373160988236, 4.59104626293, 
resistor:  1


69.8462261905 119.453107956, 1.71022995043, 0.373077298461, 4.5911247625, 
resistor:  1


69.947547619 119.600791891, 1.70986397611, 0.372990989078, 4.59120965229, 
resistor:  1


70.0488571429 119.75253596, 1.70955731249, 0.372918681281, 4.59127867726, 
