time, energy_1, power_1, avg_current_1, avg_voltage_1, 
resistor:  1


0.000559523809524 0.000840926890714, 1.50293316638, 0.336614860372, 4.64900889295, 
resistor:  1


0.10180952381 0.154925578911, 1.52171990511, 0.327443553043, 4.64855146274, 
resistor:  1


0.202988095238 0.307888218376, 1.51677968117, 0.32627813366, 4.64949181064, 
resistor:  1


0.304142857143 0.46406029739, 1.52579712622, 0.328410457613, 4.64695820734, 
resistor:  1


0.405607142857 0.618001529237, 1.52364557706, 0.327903624623, 4.64738191479, 
resistor:  1


0.506964285714 0.771918523795, 1.52262900079, 0.327669967968, 4.64748253952, 
resistor:  1


0.608130952381 0.924931681563, 1.52094162933, 0.327274316431, 4.64787767273, 
resistor:  1


0.709297619048 1.07767600252, 1.51935657696, 0.326916113607, 4.64821162249, 
resistor:  1


0.810476190476 1.23091396613, 1.51875401226, 0.326794281544, 4.64791053207, 
resistor:  1


0.911654761905 1.38408706878, 1.51821405055, 0.326728123745, 4.64717418807, 
resistor:  1


1.01271428571 1.53641517296, 1.51712599954, 0.326514171246, 4.64685902358, 
resistor:  1


1.11378571429 1.70813423682, 1.53362914869, 0.330719209817, 4.64040447023, 
resistor:  1


1.21485714286 1.86685517477, 1.53668699711, 0.33142242001, 4.63993044519, 
resistor:  1


1.31591666667 2.01938080678, 1.53458107032, 0.330934449932, 4.6401754807, 
resistor:  1


1.41696428571 2.17234034533, 1.53309463565, 0.330583968376, 4.64039974451, 
resistor:  1


1.51804761905 2.33093502473, 1.53548215187, 0.331150378617, 4.63960494189, 
resistor:  1


1.61919047619 2.48360216896, 1.53385423487, 0.330768822615, 4.63987588469, 
resistor:  1


1.72046428571 2.63667296326, 1.53253571443, 0.330465690957, 4.63999413572, 
resistor:  1


1.82157142857 2.78946793962, 1.53135248823, 0.330170094656, 4.64045008457, 
resistor:  1


1.92292857143 2.94374439187, 1.53086517909, 0.330033642634, 4.64078427498, 
resistor:  1


2.02425 3.0986065542, 1.53074301801, 0.329979951859, 4.6411025213, 
resistor:  1


2.12539285714 3.26639250737, 1.53684176381, 0.331449626632, 4.6392773385, 
resistor:  1


2.22654761905 3.42045430856, 1.53621430743, 0.331271272594, 4.63973149465, 
resistor:  1


2.3275952381 3.57275545166, 1.53495564572, 0.330960646446, 4.6401936938, 
resistor:  1


2.42866666667 3.72618491899, 1.53425127052, 0.330778124357, 4.64054035115, 
resistor:  1


2.52971428571 3.87959409358, 1.533609592, 0.33061796007, 4.64081173835, 
resistor:  1


2.63078571429 4.03200570625, 1.53262414508, 0.330369355712, 4.64120848887, 
resistor:  1


2.73194047619 4.18537408987, 1.53201511027, 0.330219377463, 4.64142435328, 
resistor:  1


2.83310714286 4.33820580355, 1.53125370302, 0.330036262825, 4.64161250662, 
resistor:  1


2.93417857143 4.4905161136, 1.5304167774, 0.329851326243, 4.64161614729, 
resistor:  1


3.03527380952 4.64332578696, 1.52978811084, 0.329704389323, 4.64172091384, 
resistor:  1


3.13641666667 4.80994147102, 1.53357859692, 0.330638648278, 4.6402850144, 
resistor:  1


3.23746428571 4.96308563183, 1.53301633434, 0.330504235215, 4.64041399984, 
resistor:  1


3.33841666667 5.11499313282, 1.53216139372, 0.330310056461, 4.64050088682, 
resistor:  1


3.43942857143 5.26823679085, 1.5317186217, 0.33020419165, 4.6405984676, 
resistor:  1


3.54053571429 5.42122798397, 1.53118861705, 0.330086072653, 4.64060393892, 
resistor:  1


3.64157142857 5.59242374729, 1.53571716414, 0.331211642023, 4.63909412402, 
resistor:  1


3.74277380952 5.77530446256, 1.5430546318, 0.332976852232, 4.63697168501, 
resistor:  1


3.84396428571 5.94936962669, 1.54771719623, 0.334063725977, 4.63593270751, 
resistor:  1


3.94514285714 6.12511874249, 1.55257210304, 0.335207821348, 4.63473848893, 
resistor:  1


4.04635714286 6.31193825817, 1.559906364, 0.336936667778, 4.63304037148, 
resistor:  1


4.14760714286 6.50905885544, 1.56935279337, 0.339190551425, 4.63072375043, 
resistor:  1


4.24885714286 6.69077348829, 1.57472309925, 0.340447835106, 4.62955009271, 
resistor:  1


4.35005952381 6.86691975161, 1.57858064103, 0.341361149412, 4.6286610584, 
resistor:  1


4.45126190476 7.02784734461, 1.57884381889, 0.341424199761, 4.62854950613, 
resistor:  1


4.55269047619 7.22117674458, 1.58613390968, 0.343168584412, 4.62663978441, 
resistor:  1


4.65389285714 7.41440180762, 1.59316125988, 0.344817805208, 4.62512879917, 
resistor:  1


4.75508333333 7.60765064758, 1.59989849058, 0.346427053629, 4.62337813689, 
resistor:  1


4.85627380952 7.80051257532, 1.60627528045, 0.347974028355, 4.62148046853, 
resistor:  1


4.95769047619 7.99571785093, 1.61279085278, 0.349554607479, 4.61953338652, 
resistor:  1


5.05895238095 8.19280557665, 1.61946683023, 0.351169485943, 4.61765404856, 
resistor:  1


5.16011904762 8.40438667677, 1.62871953131, 0.353416951971, 4.61525423406, 
resistor:  1


5.26126190476 8.60321581008, 1.63520006527, 0.354971485266, 4.6135785325, 
resistor:  1


5.36233333333 8.80350956052, 1.64173112958, 0.356537308869, 4.61192202874, 
resistor:  1


5.46344047619 9.00182700623, 1.64764804256, 0.357939706198, 4.61056785562, 
resistor:  1


5.56464285714 9.19960871765, 1.65322536483, 0.359266293257, 4.60924584881, 
resistor:  1


5.66591666667 9.3955392567, 1.65825581445, 0.36045087851, 4.60813280401, 
resistor:  1


5.76702380952 9.59389269308, 1.66357778465, 0.361706282464, 4.60697037284, 
resistor:  1


5.86822619048 9.79337492295, 1.66888163562, 0.362951426209, 4.60588457721, 
resistor:  1


5.96936904762 9.99152507648, 1.67379918996, 0.364104180848, 4.60489122248, 
resistor:  1


6.07042857143 10.1909530434, 1.67878641903, 0.365277692682, 4.60388736879, 
resistor:  1


6.17151190476 10.3926620769, 1.68397343102, 0.366514944422, 4.60265920406, 
resistor:  1


6.27257142857 10.5924933547, 1.68870031619, 0.367627955643, 4.60168077542, 
resistor:  1


6.37395238095 10.79272092, 1.6932540871, 0.368698511468, 4.60072346849, 
resistor:  1


6.4753452381 10.9915652494, 1.69744852904, 0.369675983784, 4.59994174673, 
resistor:  1


6.57651190476 11.1924131466, 1.70187681687, 0.370720413589, 4.59900334276, 
resistor:  1


6.67766666667 11.3904895, 1.70575892278, 0.371628907552, 4.59823525157, 
resistor:  1


6.77889285714 11.5914475283, 1.70993225185, 0.372618299638, 4.5973006525, 
resistor:  1


6.88010714286 11.7907194253, 1.7137406701, 0.373525209297, 4.59639304978, 
resistor:  1


6.98126190476 11.9893082828, 1.71735546472, 0.37438272063, 4.59555682863, 
resistor:  1


7.08244047619 12.1973066421, 1.72218978516, 0.375543197573, 4.59439417915, 
resistor:  1


7.18363095238 12.400353661, 1.72619581145, 0.376514112313, 4.59330452777, 
resistor:  1


7.28479761905 12.5985594574, 1.72943163506, 0.377292529554, 4.59243525221, 
resistor:  1


7.38583333333 12.7974809125, 1.73270643067, 0.378070683286, 4.5916589055, 
resistor:  1


7.48685714286 12.9948921073, 1.73569387786, 0.378780493913, 4.59094224772, 
resistor:  1


7.58794047619 13.1918617399, 1.73852994516, 0.379459464175, 4.5902043922, 
resistor:  1


7.68904761905 13.3901789012, 1.74146130504, 0.380165753749, 4.58940663894, 
resistor:  1


7.79013095238 13.584501724, 1.7438091615, 0.380720693547, 4.5888498335, 
resistor:  1


7.89145238095 13.779722179, 1.74615793314, 0.38127042145, 4.58835989598, 
resistor:  1


7.99286904762 13.9609478449, 1.74667541301, 0.381380120723, 4.58833073637, 
resistor:  1


8.09432142857 14.1511404583, 1.74828002362, 0.381757315603, 4.58795417841, 
resistor:  1


8.19563095238 14.3402344068, 1.74974135489, 0.382109847314, 4.58749697882, 
resistor:  1


8.29677380952 14.5322929023, 1.75155948998, 0.382551023625, 4.58692951814, 
resistor:  1


8.39789285714 14.7249903686, 1.7534148886, 0.38298062386, 4.58655505874, 
resistor:  1


8.49898809524 14.9174949946, 1.75520836451, 0.383393306927, 4.5862313442, 
resistor:  1


8.60019047619 15.10970794, 1.75690387112, 0.383780308509, 4.58595667259, 
resistor:  1


8.70129761905 15.3006486132, 1.75843296978, 0.384130219988, 4.58569664717, 
resistor:  1


8.80248809524 15.496754144, 1.76049702952, 0.384609857517, 4.58530869993, 
resistor:  1


8.90366666667 15.6942960527, 1.76267785399, 0.385131657053, 4.58475085542, 
resistor:  1


9.0048452381 15.8935073592, 1.76499505977, 0.385679473505, 4.58423964225, 
resistor:  1


9.10644047619 16.1031351934, 1.76832377431, 0.38647688009, 4.58347987965, 
resistor:  1


9.2078452381 16.3012202794, 1.77036210512, 0.386961814077, 4.58298336368, 
resistor:  1


9.30911904762 16.5001349485, 1.77247007628, 0.387470799387, 4.58240979557, 
resistor:  1


9.41046428571 16.6992304468, 1.77453842231, 0.387964607041, 4.58190585011, 
resistor:  1


9.51180952381 16.8985909245, 1.77659055116, 0.388452720722, 4.58140744843, 
resistor:  1


9.61297619048 17.0968515463, 1.77851803724, 0.388910774413, 4.58095156787, 
resistor:  1


9.71417857143 17.2947369149, 1.78036020109, 0.389349012603, 4.5805096053, 
resistor:  1


9.81539285714 17.4942693949, 1.78233002484, 0.389813980285, 4.58009741953, 
resistor:  1


9.91655952381 17.6916756704, 1.78405379688, 0.390214954444, 4.57976573476, 
resistor:  1


10.0177857143 17.8907337637, 1.78589703093, 0.390647935978, 4.57938609759, 
resistor:  1


10.1188928571 18.1031911972, 1.78904860964, 0.391406319969, 4.57866130129, 
resistor:  1


10.2200238095 18.3040947625, 1.79100314281, 0.39186868041, 4.57824319384, 
resistor:  1


10.3210833333 18.506898798, 1.79311591625, 0.392379891388, 4.57768351929, 
resistor:  1


10.4222261905 18.706970878, 1.79491123452, 0.392806703116, 4.57726319043, 
resistor:  1


10.5233928571 18.9050940232, 1.79648277697, 0.393184608552, 4.57683966893, 
resistor:  1


10.6244642857 19.1054971034, 1.79825510159, 0.393607125149, 4.57641508579, 
resistor:  1


10.7255952381 19.3026241253, 1.79967859096, 0.393948594839, 4.57603572492, 
resistor:  1


10.8267380952 19.504054165, 1.80147095029, 0.394382295994, 4.57554821235, 
resistor:  1


10.9280119048 19.7033231652, 1.80301077057, 0.3947587244, 4.57508128886, 
resistor:  1


11.0293809524 19.9004095285, 1.80430883786, 0.39507022919, 4.57473323491, 
resistor:  1


11.1306666667 20.1080338203, 1.80654352721, 0.395612505612, 4.57416831212, 
resistor:  1


11.2319761905 20.3053679993, 1.8078179347, 0.395913777263, 4.57388444756, 
resistor:  1


11.3331785714 20.5040898757, 1.80920910638, 0.396253344752, 4.57345172149, 
resistor:  1


11.4343809524 20.7031793265, 1.81060779877, 0.396588042802, 4.57309634184, 
resistor:  1


11.5355 20.9052829474, 1.81225633457, 0.396983619048, 4.57269502721, 
resistor:  1


11.636702381 21.1042485368, 1.81359356336, 0.397301385792, 4.57238606098, 
resistor:  1


11.7378690476 21.3030866757, 1.81490239747, 0.397612825807, 4.57207474099, 
resistor:  1


11.8389404762 21.5018867899, 1.8162002616, 0.397914340066, 4.57183794984, 
resistor:  1


11.9400238095 21.7000942674, 1.81742470648, 0.398199647683, 4.57160806391, 
resistor:  1


12.0411904762 21.9008814916, 1.81883025063, 0.398529448613, 4.57133484207, 
resistor:  1


12.1422380952 22.1097405541, 1.82089499322, 0.399024084361, 4.57086607921, 
resistor:  1


12.2433928571 22.3088670705, 1.82211477903, 0.399308543386, 4.5706371444, 
resistor:  1


12.3445 22.5067508136, 1.8232209335, 0.399572658763, 4.57034954567, 
resistor:  1


12.44575 22.7063624498, 1.82442700921, 0.399857056242, 4.57008884799, 
resistor:  1


12.5471428571 22.9063135776, 1.82561989119, 0.400139041185, 4.56982263849, 
resistor:  1


12.6483095238 23.1040990752, 1.82665509819, 0.400385632799, 4.56956464875, 
resistor:  1


12.7494642857 23.3010587588, 1.82761081067, 0.400609706443, 4.56936018435, 
resistor:  1


12.8506547619 23.4893028643, 1.82786817478, 0.400668813433, 4.56928657267, 
resistor:  1


12.9519404762 23.6658120085, 1.82720203602, 0.400509814896, 4.56939516376, 
resistor:  1


13.053047619 23.8436138294, 1.8266702555, 0.400383947859, 4.56946774756, 
resistor:  1


13.154202381 24.034888704, 1.82716427861, 0.400511859211, 4.56922098723, 
resistor:  1


13.25525 24.2337571296, 1.82823840589, 0.400777943895, 4.56885868756, 
resistor:  1


13.3563095238 24.4190186956, 1.82827589103, 0.400792512766, 4.56875234929, 
resistor:  1


13.4573809524 24.5961002427, 1.82770334954, 0.4006545798, 4.56885509308, 
resistor:  1


13.5584404762 24.7709180701, 1.82697398817, 0.400480950272, 4.568974776, 
resistor:  1


13.6595238095 24.9474251454, 1.82637590397, 0.400338745013, 4.56906418713, 
resistor:  1


13.7609047619 25.1250695284, 1.82582976651, 0.400208656726, 4.56914688373, 
resistor:  1


13.8621190476 25.301968405, 1.82525978302, 0.400068421411, 4.56928815264, 
resistor:  1


13.9634404762 25.4803770662, 1.82479218568, 0.399954000539, 4.56939442947, 
resistor:  1


14.0648095238 25.6713435583, 1.82521800347, 0.400060330948, 4.56925051791, 
resistor:  1


14.1659642857 25.8787868419, 1.82682846857, 0.400453395067, 4.5688211031, 
resistor:  1


14.2670952381 26.0787141868, 1.8278923461, 0.400708674942, 4.56855974194, 
resistor:  1


14.3681547619 26.2775028741, 1.82887109093, 0.400944294206, 4.56829370458, 
resistor:  1


14.4694047619 26.4773356932, 1.82988423704, 0.401179305498, 4.56811977559, 
resistor:  1


14.570547619 26.6775645831, 1.83092394882, 0.401422276375, 4.56792491525, 
resistor:  1


14.6716071429 26.8761057411, 1.831844697, 0.401634793272, 4.5677728955, 
resistor:  1


14.7727261905 27.0758101017, 1.83282420269, 0.40186197222, 4.56760627126, 
resistor:  1


14.8739285714 27.2755356596, 1.83378154121, 0.402089915268, 4.567381796, 
resistor:  1


14.9750714286 27.4739550974, 1.83464601344, 0.402296594071, 4.56716646889, 
resistor:  1


15.0761428571 27.6806610418, 1.83605722658, 0.402637002374, 4.56682180125, 
resistor:  1


15.1773809524 27.8878649673, 1.83746227724, 0.402974941126, 4.56649105368, 
resistor:  1


15.2785833333 28.0868574861, 1.83831556064, 0.403176067468, 4.56630815858, 
resistor:  1


15.3799166667 28.2853211028, 1.83910756578, 0.403368907958, 4.56607168327, 
resistor:  1


15.4812857143 28.4852474762, 1.83997944369, 0.403579625263, 4.56583429851, 
resistor:  1


15.582452381 28.6831260072, 1.84073246662, 0.403756417371, 4.56567693181, 
resistor:  1


15.6836071429 28.8828847322, 1.84159705539, 0.403962446358, 4.56547668088, 
resistor:  1


15.7849404762 29.0818411398, 1.84237889169, 0.404145554747, 4.56531848575, 
resistor:  1


15.8866666667 29.2827928563, 1.84323077148, 0.404343878473, 4.56516750307, 
resistor:  1


15.9880833333 29.4828162119, 1.8440494459, 0.404532594821, 4.5650389735, 
resistor:  1


16.0895 29.6909882012, 1.84536425627, 0.404844482581, 4.56477324441, 
resistor:  1


16.1909285714 29.8983179604, 1.84660921877, 0.405141911131, 4.56449831632, 
resistor:  1


16.2920952381 30.097622213, 1.84737578397, 0.40531784627, 4.56438455264, 
resistor:  1


16.3932380952 30.297772549, 1.84818718383, 0.405511205228, 4.56419303671, 
resistor:  1


16.4944166667 30.5084770542, 1.84962449238, 0.405861192895, 4.56385347019, 
resistor:  1


16.595547619 30.7332304758, 1.85189613391, 0.406414090824, 4.56332202402, 
resistor:  1


16.6966428571 30.9591460764, 1.85421382857, 0.406980084389, 4.56276775136, 
resistor:  1


16.79775 31.1814451498, 1.85628701164, 0.407486695959, 4.56225953703, 
resistor:  1


16.8991071429 31.3829131102, 1.85707521971, 0.407676541573, 4.5620598818, 
resistor:  1


17.000452381 31.5835163391, 1.85780446493, 0.40784971158, 4.56189414799, 
resistor:  1


17.1016071429 31.7876077902, 1.85874973765, 0.408079296153, 4.5616522937, 
resistor:  1


17.2027380952 31.9945039851, 1.85984950814, 0.408345646844, 4.5613717021, 
resistor:  1


17.3039761905 32.1939557523, 1.86049468619, 0.40850095421, 4.56119681875, 
resistor:  1


17.4051666667 32.3943391446, 1.86119097651, 0.408669408656, 4.56100351322, 
resistor:  1


17.506297619 32.5935341795, 1.86181766635, 0.408823018446, 4.56080419298, 
resistor:  1


17.6073928571 32.7917021152, 1.86238260151, 0.408961634886, 4.56061987548, 
resistor:  1


17.7085 32.9919192322, 1.86305555141, 0.409128328149, 4.56039351641, 
resistor:  1


17.8096666667 33.189258027, 1.86355301579, 0.40924480705, 4.56028949964, 
resistor:  1


17.9107619048 33.3863828043, 1.86404034523, 0.409358507854, 4.56018443659, 
resistor:  1


18.0119642857 33.5685575159, 1.86368110571, 0.40926605355, 4.56031842984, 
resistor:  1


18.1131071429 33.7520788199, 1.86340634733, 0.409199868923, 4.56036668056, 
resistor:  1


18.2141547619 33.9585833739, 1.86440621691, 0.40944433867, 4.56009123415, 
resistor:  1


18.3155119048 34.1601979301, 1.86509654263, 0.409613440425, 4.55988257291, 
resistor:  1


18.4167857143 34.3598933844, 1.86568350837, 0.409752192081, 4.55975178151, 
resistor:  1


18.5181190476 34.5601126785, 1.8662863431, 0.409896992615, 4.55959398353, 
resistor:  1


18.619297619 34.7581016516, 1.86677834807, 0.410008494581, 4.5595297576, 
resistor:  1


18.7205 34.9567360742, 1.86729713812, 0.410127767688, 4.55944594924, 
resistor:  1


18.8216428571 35.1548858971, 1.86779050925, 0.410243953765, 4.55933573263, 
resistor:  1


18.9228571429 35.3487335862, 1.86804420281, 0.410303054711, 4.55927401414, 
resistor:  1


19.0240357143 35.547794175, 1.86857272079, 0.410427768853, 4.55915768889, 
resistor:  1


19.1252261905 35.7510748921, 1.86931514096, 0.41061027963, 4.55893799925, 
resistor:  1


19.2264285714 35.9557639897, 1.87012184068, 0.410802559539, 4.55876148841, 
resistor:  1


19.3275714286 36.1529675842, 1.87053855772, 0.410900732108, 4.55866120253, 
resistor:  1


19.4285952381 36.3517843656, 1.87104543175, 0.411023977854, 4.5585112566, 
resistor:  1


19.5296904762 36.5499231592, 1.87150550101, 0.411133582859, 4.55839659319, 
resistor:  1


19.6308214286 36.7496253728, 1.87203706715, 0.411260032674, 4.55827372703, 
resistor:  1


19.7321666667 36.9485085713, 1.87250134237, 0.411370729207, 4.55816007219, 
resistor:  1


19.833547619 37.151363718, 1.87315776439, 0.411525719208, 4.55803173087, 
resistor:  1


19.9349047619 37.3528167482, 1.87373941307, 0.411661585824, 4.55792704757, 
resistor:  1


20.036452381 37.5544396211, 1.87430583554, 0.411793894906, 4.5578229468, 
resistor:  1


20.1378928571 37.7613415376, 1.87513866548, 0.411991744163, 4.55765158431, 
resistor:  1


20.2392142857 37.9736331475, 1.87624048105, 0.412255953809, 4.5574101743, 
resistor:  1


20.3405833333 38.1717328979, 1.87662921325, 0.412343992991, 4.55735723069, 
resistor:  1


20.4418095238 38.3722520521, 1.87714556324, 0.412467467064, 4.55723096772, 
resistor:  1


20.5430238095 38.5699974445, 1.8775228906, 0.412555473801, 4.55715008757, 
resistor:  1


20.644202381 38.7701461585, 1.87801618309, 0.41267131, 4.5570487607, 
resistor:  1


20.7453452381 38.9681514892, 1.87840457905, 0.412759397388, 4.55699695163, 
resistor:  1


20.8465833333 39.1671853919, 1.87882996296, 0.412860470852, 4.55689513529, 
resistor:  1


20.9477261905 39.3647906961, 1.8791915809, 0.412946764736, 4.55679911247, 
resistor:  1


21.0488690476 39.5637605635, 1.87961455193, 0.413047039426, 4.55670024535, 
resistor:  1


21.1499880952 39.7719548457, 1.88047173675, 0.413258727651, 4.55646335347, 
resistor:  1


21.2511904762 39.9813648464, 1.88137059386, 0.413476928595, 4.55624411469, 
resistor:  1


21.3523452381 40.1740845245, 1.88148346594, 0.413502490071, 4.55621494545, 
resistor:  1


21.4535952381 40.3757371912, 1.88200330728, 0.413630241327, 4.55605997142, 
resistor:  1


21.5551666667 40.5989897443, 1.88349226764, 0.413998298289, 4.55566058856, 
resistor:  1


21.6564642857 40.8211187533, 1.88493921329, 0.414350654069, 4.55532031026, 
resistor:  1


21.7576904762 41.0466123836, 1.8865335192, 0.414741591077, 4.55492885584, 
resistor:  1


21.8588571429 41.2693628617, 1.88799270666, 0.415093899843, 4.55461556155, 
resistor:  1


21.960047619 41.4961503827, 1.88962023683, 0.415490157755, 4.55424735431, 
resistor:  1


22.06125 41.7219605199, 1.89118751294, 0.41587074661, 4.55389742052, 
resistor:  1


22.162452381 41.9389783828, 1.89234375609, 0.416150007717, 4.55363951528, 
resistor:  1


22.2639761905 42.1440566624, 1.89292587729, 0.416287551152, 4.55352169521, 
resistor:  1


22.3652738095 42.3430619068, 1.89325032492, 0.416360046745, 4.55348754323, 
resistor:  1


22.4664166667 42.5431746027, 1.89363418448, 0.416450142295, 4.55340580593, 
resistor:  1


22.5675833333 42.7421482973, 1.89396213436, 0.416526935158, 4.55333509186, 
resistor:  1


22.6690357143 42.9415001007, 1.89427996153, 0.416600509523, 4.55327453815, 
resistor:  1


22.7702738095 43.1421202348, 1.89466848733, 0.416690231244, 4.55320838489, 
resistor:  1


22.871702381 43.3406923735, 1.89494824878, 0.416756967508, 4.55313159055, 
resistor:  1


22.9734404762 43.5427738735, 1.89535276262, 0.41685330622, 4.55303488002, 
resistor:  1


23.0746666667 43.7412330636, 1.8956387841, 0.416921569317, 4.55295749502, 
resistor:  1


23.1757738095 43.9500245591, 1.89637786942, 0.417101509538, 4.55276874693, 
resistor:  1


23.2769642857 44.1515291023, 1.89679068801, 0.417200020132, 4.55267505574, 
resistor:  1


23.3781547619 44.3507970202, 1.8971042613, 0.417272631332, 4.5526207495, 
resistor:  1


23.479297619 44.5487595833, 1.89736338395, 0.417333709939, 4.5525553572, 
resistor:  1


23.5805357143 44.7488302937, 1.89770202153, 0.417417107666, 4.55244285278, 
resistor:  1


23.682 44.9467264513, 1.89792781232, 0.41747359448, 4.5523548815, 
resistor:  1


23.7832142857 45.1424886145, 1.89808190231, 0.417506846335, 4.55234102018, 
resistor:  1


23.8843690476 45.3430269933, 1.8984393895, 0.417590105017, 4.55227288015, 
resistor:  1


23.9855357143 45.5409583616, 1.89868422803, 0.417644866041, 4.55224298344, 
resistor:  1


24.086797619 45.7434145135, 1.89910735487, 0.41774515553, 4.5521517153, 
resistor:  1


24.1881785714 45.9543155939, 1.89986672449, 0.417927074409, 4.55198912695, 
resistor:  1


24.2893095238 46.155950257, 1.90025781555, 0.418018205378, 4.55191882693, 
resistor:  1


24.3906071429 46.355619767, 1.9005521058, 0.418083804965, 4.55189062653, 
resistor:  1


24.4919880952 46.5559883663, 1.90086603771, 0.418156672706, 4.55183273787, 
resistor:  1


24.5931547619 46.7553299597, 1.90115218696, 0.418224532439, 4.55176231353, 
resistor:  1


24.694297619 46.9549302219, 1.90144829978, 0.418295519956, 4.5516833117, 
resistor:  1


24.7955 47.1542521913, 1.90172620803, 0.418359765611, 4.55163214588, 
resistor:  1


24.8967142857 47.3540287264, 1.90201920555, 0.41843016173, 4.55155259454, 
resistor:  1


24.9978571429 47.5526716833, 1.90226991904, 0.418488928236, 4.55149587738, 
resistor:  1


25.09925 47.7540328498, 1.90260796039, 0.418570701908, 4.55140215971, 
resistor:  1


25.2006547619 47.9659060894, 1.90335951754, 0.418755348626, 4.55120186633, 
resistor:  1


25.3018809524 48.1651749034, 1.90362032744, 0.418822076001, 4.55108820311, 
resistor:  1


25.4030952381 48.3647654373, 1.9038926156, 0.418889665654, 4.55099092427, 
resistor:  1


25.504202381 48.564195167, 1.90416443697, 0.418958622331, 4.55087928856, 
resistor:  1


25.6053095238 48.7617566855, 1.90436114979, 0.419009252093, 4.55078518627, 
resistor:  1


25.7065595238 48.9619612469, 1.90464854706, 0.419082868886, 4.55066048866, 
resistor:  1


25.807702381 49.1614381164, 1.90491340107, 0.41914707829, 4.55058108853, 
resistor:  1


25.909047619 49.3638879365, 1.90527605114, 0.419232249057, 4.55050904368, 
resistor:  1


26.0104642857 49.5653233023, 1.90559164027, 0.419304887261, 4.5504584, 
resistor:  1


26.1116547619 49.7638471043, 1.90580978333, 0.419357338644, 4.55039466842, 
resistor:  1


26.212797619 49.9811258157, 1.90674519149, 0.419585501659, 4.55017582959, 
resistor:  1


26.3139285714 50.1829280811, 1.90708612531, 0.419667102715, 4.55009200065, 
resistor:  1


26.4151071429 50.382455392, 1.9073348868, 0.419724848419, 4.55004533018, 
resistor:  1


26.5164285714 50.5827017886, 1.90759859128, 0.419788894877, 4.54996374029, 
resistor:  1


26.6175952381 50.7827241294, 1.9078629634, 0.419850539419, 4.54991127052, 
resistor:  1


26.7190357143 50.9827249767, 1.90810497512, 0.419906698679, 4.54986475173, 
resistor:  1


26.8201904762 51.1831580852, 1.90838160268, 0.419972851662, 4.54979559764, 
resistor:  1


26.9213333333 51.3805730658, 1.9085448863, 0.42001169726, 4.54975359333, 
resistor:  1


27.0225357143 51.5811825362, 1.90882095898, 0.42007784575, 4.54967877147, 
resistor:  1


27.1239047619 51.7808949483, 1.90905016821, 0.420132805802, 4.54961944688, 
resistor:  1


27.22525 51.9954146636, 1.90982322159, 0.420322359821, 4.54941523634, 
resistor:  1


27.3265595238 52.1953402132, 1.91005897276, 0.420380213318, 4.54933841988, 
resistor:  1


27.4279880952 52.3960201655, 1.91031219583, 0.420441214141, 4.54926972905, 
resistor:  1


27.5296309524 52.5964218848, 1.91053857481, 0.420494782877, 4.54921498959, 
resistor:  1


27.6309761905 52.7958294365, 1.91074788935, 0.420546083787, 4.54914504135, 
resistor:  1


27.7322619048 52.9946715168, 1.91093938528, 0.420593481586, 4.54907716728, 
resistor:  1


27.8335952381 53.1957125322, 1.91120522078, 0.420654364707, 4.54903643681, 
resistor:  1


27.9348214286 53.3949698915, 1.91141260838, 0.420700414709, 4.54901873369, 
resistor:  1


28.036047619 53.5957671366, 1.91167342362, 0.420760603417, 4.54897640503, 
resistor:  1


28.1371785714 53.7948595027, 1.91187824203, 0.420804807408, 4.54897257572, 
resistor:  1


28.2384166667 54.0073197199, 1.9125477309, 0.420966741876, 4.54881466078, 
resistor:  1


28.3397261905 54.2083820406, 1.91280542643, 0.421025279162, 4.54878484966, 
resistor:  1


28.4410833333 54.4096626982, 1.91306575986, 0.421084931898, 4.54874456978, 
resistor:  1


28.5424166667 54.6052187703, 1.91312527625, 0.421096836671, 4.54874618592, 
resistor:  1


28.6435357143 54.8044068507, 1.91332548458, 0.421144017546, 4.54869956944, 
resistor:  1


28.7447619048 55.0046948771, 1.91355541783, 0.421200360392, 4.54862764852, 
resistor:  1


28.8459166667 55.2039478444, 1.9137525939, 0.421247240653, 4.54857742457, 
resistor:  1


28.94725 55.4016288302, 1.91388228001, 0.421276476828, 4.54855523865, 
resistor:  1


29.0486071429 55.5989174968, 1.91399598691, 0.421304252173, 4.54851173071, 
resistor:  1


29.1497738095 55.7960530662, 1.91411615853, 0.421331521163, 4.54848911348, 
resistor:  1


29.2510833333 56.0060237876, 1.91466494247, 0.421465397163, 4.54834600755, 
resistor:  1


29.352202381 56.2045499767, 1.9148324629, 0.421504137163, 4.54831154006, 
resistor:  1


29.4532380952 56.4024807244, 1.91498403476, 0.421540347889, 4.54826739293, 
resistor:  1


29.5543095238 56.6003269613, 1.91512939647, 0.42157442334, 4.54823099191, 
resistor:  1


29.6556071429 56.8001725066, 1.91532657662, 0.421625408677, 4.54813859078, 
resistor:  1


29.757 56.9984317816, 1.91546297616, 0.421657672982, 4.54810104375, 
resistor:  1


29.8581666667 57.1974029988, 1.91563680508, 0.421696908746, 4.54807882501, 
resistor:  1


29.959452381 57.3968694489, 1.91581837742, 0.421737058313, 4.54806265618, 
resistor:  1


30.0605833333 57.5957780972, 1.91599003448, 0.421775948378, 4.54803767193, 
resistor:  1


30.1616666667 57.7948634783, 1.91616942515, 0.421815506384, 4.54802562431, 
resistor:  1


30.2628928571 58.0099947057, 1.91686878646, 0.421986956507, 4.54784798118, 
resistor:  1


30.3644166667 58.2112415873, 1.91708743251, 0.422038477259, 4.54780002192, 
resistor:  1


30.4659404762 58.4116257882, 1.91727630512, 0.422082040645, 4.54776596894, 
resistor:  1


30.5672142857 58.6121833343, 1.91748527643, 0.422128048194, 4.54775368227, 
resistor:  1


30.6686785714 58.812798507, 1.91768283625, 0.422177057805, 4.54768461084, 
resistor:  1


30.7701547619 59.0139892498, 1.91789705663, 0.422228551569, 4.54762679893, 
resistor:  1


30.8713571429 59.2129936662, 1.91805606058, 0.422266463056, 4.54758308627, 
resistor:  1


30.9724761905 59.4074933819, 1.91807374446, 0.422268757919, 4.54759101276, 
resistor:  1


31.0736190476 59.6068461715, 1.91824602342, 0.422310291242, 4.54753888886, 
resistor:  1


31.1746904762 59.8048546893, 1.91837845944, 0.42234096937, 4.54751054276, 
resistor:  1


31.2760119048 60.0180546231, 1.91898042519, 0.422490883221, 4.54733333445, 
resistor:  1


31.3773571429 60.2171902283, 1.9191288149, 0.422525840626, 4.5472965971, 
resistor:  1


31.478547619 60.4357419986, 1.91990249137, 0.422718018604, 4.54708176959, 
resistor:  1


31.5797142857 60.6606447707, 1.92087376795, 0.422957654412, 4.54683477762, 
resistor:  1


31.6808690476 60.8656121692, 1.92121030764, 0.423043251742, 4.54670819937, 
resistor:  1


31.782047619 61.0657552349, 1.92139147127, 0.423085882309, 4.54666688918, 
resistor:  1


31.8834285714 61.2648162727, 1.92152535087, 0.423115879644, 4.5466488994, 
resistor:  1


31.98475 61.4671188322, 1.92176330383, 0.423170176057, 4.54661955676, 
resistor:  1


32.0858928571 61.6653021996, 1.92188207055, 0.423196776509, 4.54660265537, 
resistor:  1


32.1872738095 61.8700870925, 1.92219097083, 0.423269525446, 4.5465455567, 
resistor:  1


32.2884166667 62.080561401, 1.92268831395, 0.423389783288, 4.54642937209, 
resistor:  1


32.3895952381 62.2805861498, 1.92285780949, 0.423427357085, 4.54641438973, 
resistor:  1


32.4907380952 62.4803357517, 1.92301989473, 0.423465346764, 4.54637790875, 
resistor:  1


32.5918214286 62.6787279358, 1.92314283733, 0.423491734008, 4.54637296126, 
resistor:  1


32.6930714286 62.8800475427, 1.92334475762, 0.423544060897, 4.54628458948, 
resistor:  1


32.7948214286 63.0786475615, 1.92343317676, 0.42356641278, 4.5462395088, 
resistor:  1


32.8960595238 63.2784579137, 1.92358777403, 0.423608057407, 4.54614987009, 
resistor:  1


32.9972857143 63.4765504023, 1.92369005596, 0.423634656917, 4.5460952305, 
resistor:  1


33.0984166667 63.675749199, 1.92383067264, 0.423672548419, 4.54601233098, 
resistor:  1


33.200952381 63.8804308527, 1.92405416928, 0.42373006151, 4.54591947792, 
resistor:  1


33.3022857143 64.0904734559, 1.92450674424, 0.423841077808, 4.54579890649, 
resistor:  1


33.4036547619 64.2871715248, 1.92455502199, 0.423850551878, 4.54580213084, 
resistor:  1


33.5050595238 64.4882222073, 1.92473086524, 0.423893182624, 4.54575160328, 
resistor:  1


33.6062380952 64.6869952136, 1.9248508277, 0.423921202804, 4.54572430275, 
resistor:  1


33.7073928571 64.8869616311, 1.92500683474, 0.423960144758, 4.5456658103, 
resistor:  1


33.8085595238 65.0885593444, 1.9252094813, 0.424007636887, 4.54562513078, 
resistor:  1


33.9097261905 65.2879924968, 1.92534708567, 0.424038484886, 4.54560870557, 
resistor:  1


34.010797619 65.4890678021, 1.92553754651, 0.424082286826, 4.54558043693, 
resistor:  1


34.1118809524 65.6878708091, 1.92565959352, 0.424109367698, 4.54556959755, 
resistor:  1


34.2130595238 65.8920573128, 1.92593291071, 0.424173844762, 4.54551746016, 
resistor:  1


34.3141190476 66.0996000574, 1.92630910809, 0.424265709183, 4.54541960836, 
resistor:  1


34.4151904762 66.298154774, 1.92642126505, 0.424289711372, 4.54541611266, 
resistor:  1


34.51625 66.4970879454, 1.92654439418, 0.42431803036, 4.5453935524, 
resistor:  1


34.6173214286 66.6964677401, 1.92667904354, 0.424346957221, 4.54539084736, 
resistor:  1


34.7183928571 66.8951404076, 1.92679254143, 0.424372858849, 4.54537353246, 
resistor:  1


34.819547619 67.0937979931, 1.92690033561, 0.424399961912, 4.54532732826, 
resistor:  1


34.9208690476 67.2952128411, 1.92707726573, 0.424443286869, 4.54527313518, 
resistor:  1


35.0222142857 67.4933767415, 1.92715903657, 0.424462601444, 4.54524891856, 
resistor:  1


35.1233928571 67.6930458657, 1.92729233594, 0.424494738098, 4.54521028095, 
resistor:  1


35.2247380952 67.8985283759, 1.9275807869, 0.42456762076, 4.54510854442, 
resistor:  1


35.32625 68.1069158995, 1.92794072112, 0.424657692844, 4.54499244694, 
resistor:  1


35.4276428571 68.305670061, 1.92803315582, 0.424682793948, 4.54493635892, 
resistor:  1


35.5291190476 68.5050791231, 1.92813897331, 0.424710671936, 4.54487598391, 
resistor:  1


35.6303928571 68.7046802644, 1.92826053139, 0.424742568438, 4.54481284888, 
resistor:  1


35.7315357143 68.902596459, 1.928341312, 0.424763935894, 4.5447653466, 
resistor:  1


35.83275 69.0996116504, 1.9283926478, 0.42477648875, 4.54474405662, 
resistor:  1


35.9338690476 69.298913454, 1.9285124394, 0.424803685264, 4.54472603967, 
resistor:  1


36.0351071429 69.500211264, 1.92868057776, 0.42484295207, 4.54469779514, 
resistor:  1


36.1365357143 69.6998792232, 1.92879250447, 0.424867632944, 4.54468676313, 
resistor:  1


36.2377857143 69.9060436797, 1.92909258394, 0.424939236184, 4.54462317329, 
resistor:  1


36.3391666667 70.1133135276, 1.92941445715, 0.42501700728, 4.54454904749, 
resistor:  1


36.4406666667 70.3244224831, 1.92983358747, 0.425119896204, 4.54444376689, 
resistor:  1


36.5420119048 70.5465156298, 1.93055915513, 0.425297026115, 4.54427126829, 
resistor:  1


36.6431904762 70.7703372373, 1.93133666358, 0.425487566316, 4.54408520666, 
resistor:  1


36.7445714286 70.9936384866, 1.93208508703, 0.42567165695, 4.54389899059, 
resistor:  1


36.8458690476 71.2169298035, 1.9328334938, 0.425857489923, 4.54369801893, 
resistor:  1


36.9469642857 71.4404464002, 1.93359448554, 0.42604654472, 4.54349299693, 
resistor:  1


37.0481785714 71.6608749323, 1.93426175579, 0.426212216809, 4.54331269925, 
resistor:  1


37.1493571429 71.8637392085, 1.93445444916, 0.42625960069, 4.54325424269, 
resistor:  1


37.2505238095 72.0709728646, 1.93476401119, 0.426336086653, 4.54316478132, 
resistor:  1


37.3516309524 72.280235272, 1.935129295, 0.426426147089, 4.54306655341, 
resistor:  1


37.4527738095 72.479784901, 1.93523142691, 0.426452420242, 4.54301783075, 
resistor:  1


37.5538452381 72.6793598154, 1.93533736305, 0.426477462412, 4.54299029381, 
resistor:  1


37.6552380952 72.8792153837, 1.93543366263, 0.426500974654, 4.54295679444, 
resistor:  1


37.7564166667 73.0776235725, 1.93550209538, 0.426515714256, 4.54295100228, 
resistor:  1


37.8577857143 73.2789997727, 1.93563882277, 0.426548716239, 4.54291211725, 
resistor:  1


37.9591666667 73.4795975666, 1.93575370639, 0.426573950384, 4.54290471834, 
resistor:  1


38.060452381 73.6808557678, 1.93589017362, 0.426605923837, 4.54287589269, 
resistor:  1


38.1615595238 73.8767373121, 1.93589408384, 0.426603693757, 4.54290143738, 
resistor:  1


38.2627142857 74.0825054814, 1.93615395208, 0.426666731044, 4.54283846917, 
resistor:  1


38.364 74.2900236143, 1.93645145486, 0.426739786597, 4.54275781838, 
resistor:  1


38.4654047619 74.489845179, 1.93654130614, 0.426762640707, 4.54271363871, 
resistor:  1


38.5666547619 74.6898847468, 1.93664410896, 0.426789034837, 4.54266484442, 
resistor:  1


38.6678571429 74.8896689747, 1.93674215507, 0.426814043541, 4.54262018204, 
resistor:  1


38.7690119048 75.0889942291, 1.93683022961, 0.426836748906, 4.54257723147, 
resistor:  1


38.8701547619 75.288109216, 1.93691302947, 0.426860109277, 4.54251511299, 
resistor:  1


38.9713809524 75.4879721971, 1.93701045106, 0.426883125138, 4.54248998067, 
resistor:  1


39.0726428571 75.6869794757, 1.93708369696, 0.426901418337, 4.54245833967, 
resistor:  1


39.1738452381 75.8873085682, 1.93719324991, 0.4269274151, 4.54243183506, 
resistor:  1


39.2750119048 76.0941088084, 1.93746876495, 0.426995471645, 4.54235008788, 
resistor:  1


39.3763452381 76.2991243529, 1.9376893384, 0.427049534895, 4.54229052475, 
resistor:  1


39.477702381 76.4979371444, 1.93775049029, 0.427065713838, 4.54225386796, 
resistor:  1


39.5789404762 76.6983583646, 1.93785779614, 0.427090926154, 4.54222960107, 
resistor:  1


39.6800952381 76.8970024541, 1.93792383795, 0.427106693122, 4.54220831405, 
resistor:  1


39.7813214286 77.0969890984, 1.93801981256, 0.427127889548, 4.54219930298, 
resistor:  1


39.8826547619 77.299332922, 1.9381691962, 0.427164807458, 4.54214993759, 
resistor:  1


39.984047619 77.49985349, 1.93826933752, 0.427186570296, 4.54214379797, 
resistor:  1


40.0854880952 77.7020041595, 1.93840733522, 0.427217823663, 4.54212684274, 
resistor:  1


40.1868809524 77.910796583, 1.93871220499, 0.427292424041, 4.54204834762, 
resistor:  1


40.2881428571 78.1213315421, 1.93906509464, 0.427378294249, 4.54196254481, 
resistor:  1


40.3895833333 78.3257422018, 1.93925600954, 0.427424063996, 4.54191851424, 
resistor:  1


40.4908333333 78.5262867766, 1.93935961086, 0.427448838677, 4.54188964475, 
resistor:  1


40.5921547619 78.7226915707, 1.93935729779, 0.427447861417, 4.54188742703, 
resistor:  1


40.693547619 78.9257867759, 1.93951600177, 0.427486689561, 4.54183947142, 
resistor:  1


40.7951428571 79.1266146421, 1.93960871566, 0.427510577233, 4.54179732837, 
resistor:  1


40.8966428571 79.3294225677, 1.93975390217, 0.427546957426, 4.54174462922, 
resistor:  1


40.9981904762 79.5295172756, 1.93982993766, 0.427564651835, 4.5417268023, 
resistor:  1


41.0995833333 79.7303120009, 1.93992993443, 0.427589387221, 4.54169193217, 
resistor:  1


41.2010357143 79.9305871681, 1.94001402592, 0.42760930458, 4.5416701234, 
resistor:  1


41.3022857143 80.1415227759, 1.94036531853, 0.427695785521, 4.54157537909, 
resistor:  1


41.4036666667 80.34644003, 1.94056339688, 0.427743477654, 4.54152827392, 
resistor:  1


41.5048928571 80.5719481162, 1.94126385035, 0.427917739885, 4.54134017737, 
resistor:  1


41.6061071429 80.7911468822, 1.94180980703, 0.428051376252, 4.54121121983, 
resistor:  1


41.707452381 80.9902210729, 1.94186449781, 0.428064842535, 4.54119053693, 
resistor:  1


41.80875 81.1872769436, 1.94187286019, 0.428063933655, 4.54120995021, 
resistor:  1


41.91 81.3745099514, 1.94164900862, 0.428008959263, 4.54126816371, 
resistor:  1


42.0112380952 81.5505052914, 1.94115929425, 0.427890133031, 4.54139025975, 
resistor:  1


42.1123928571 81.7284059031, 1.94072101722, 0.427784643147, 4.54148767613, 
resistor:  1


42.2136547619 81.905681377, 1.94026510708, 0.42767551037, 4.54158376649, 
resistor:  1


42.3148690476 82.0990565715, 1.94019403627, 0.427658465539, 4.54159580376, 
resistor:  1


42.4163095238 82.2768828584, 1.93974638016, 0.427550526064, 4.54169816694, 
resistor:  1


42.5175833333 82.4534485692, 1.93927881373, 0.42743868974, 4.54179462584, 
resistor:  1


42.6187380952 82.6299374573, 1.93881708259, 0.427328719339, 4.54188431189, 
resistor:  1


42.7199642857 82.8071518309, 1.93837127946, 0.427222029338, 4.54197658825, 
resistor:  1


42.821297619 82.9846827481, 1.93793012735, 0.427118604939, 4.54204203495, 
resistor:  1


42.9226190476 83.1786949561, 1.93787557241, 0.427108068673, 4.54202556194, 
resistor:  1


43.0253452381 83.3845451744, 1.93803314565, 0.427147027993, 4.54197234392, 
resistor:  1


43.1267857143 83.5848500611, 1.93811916833, 0.427167391409, 4.54194975752, 
resistor:  1


43.228047619 83.7855112514, 1.93822103625, 0.427192705427, 4.54191246136, 
resistor:  1


43.3292738095 83.9961375777, 1.93855401194, 0.427274856586, 4.54182035355, 
resistor:  1


43.4304404762 84.1914953199, 1.93853652868, 0.427271235512, 4.54181250225, 
resistor:  1


43.5316190476 84.3911151603, 1.93861650466, 0.427290619548, 4.54178666118, 
resistor:  1


43.6329285714 84.5895923726, 1.93866410397, 0.427303061002, 4.54175822358, 
resistor:  1


43.7342738095 84.7934583153, 1.93883311484, 0.427343477793, 4.54171938323, 
resistor:  1


43.8356428571 84.9929103996, 1.93889959996, 0.42735804854, 4.54171280734, 
resistor:  1


43.9370119048 85.1953061422, 1.93903277553, 0.427389440958, 4.5416854416, 
resistor:  1


44.0384880952 85.3962539801, 1.93912774197, 0.427411842504, 4.54166283172, 
resistor:  1


44.1397857143 85.5970538885, 1.93922676568, 0.427434001953, 4.54165520258, 
resistor:  1


44.241047619 85.7974872646, 1.93931861658, 0.427454443751, 4.54164318904, 
resistor:  1


44.3424404762 86.0105594575, 1.93968934803, 0.42754418043, 4.54155865737, 
resistor:  1


44.4436904762 86.2102385822, 1.9397632748, 0.427560970369, 4.54154620302, 
resistor:  1


44.5448333333 86.4108942955, 1.93986345507, 0.427583552193, 4.54153396352, 
resistor:  1


44.646 86.6091237649, 1.93990780282, 0.427594043551, 4.54151876302, 
resistor:  1


44.7472261905 86.809657521, 1.94000086512, 0.427615572744, 4.54150076581, 
resistor:  1


44.8484642857 87.0084120942, 1.94005332133, 0.427628687769, 4.5414772435, 
resistor:  1


44.9496190476 87.207729482, 1.94012165909, 0.427645842799, 4.54144821808, 
resistor:  1


45.0509047619 87.4063671501, 1.94016896247, 0.427657847296, 4.54142408183, 
resistor:  1


45.1521309524 87.6072944697, 1.94026932111, 0.427682734955, 4.54138808429, 
resistor:  1


45.2532857143 87.8060796979, 1.94032495789, 0.427696739303, 4.54136374117, 
resistor:  1


45.3546785714 88.0191914979, 1.9406860388, 0.427785729214, 4.54126608075, 
resistor:  1


45.4560595238 88.2183832024, 1.94073978534, 0.427798892808, 4.54124492201, 
resistor:  1


45.5573452381 88.4176406004, 1.9407987919, 0.427812782147, 4.54122862086, 
resistor:  1


45.6584880952 88.6167415138, 1.94086018199, 0.427829088612, 4.54119300788, 
resistor:  1


45.7596428571 88.8144129966, 1.94088955794, 0.427834572979, 4.5411969945, 
resistor:  1


45.8608333333 89.0143861227, 1.94096748037, 0.427851959025, 4.54118812841, 
resistor:  1


45.9685119048 89.2275679839, 1.9410584395, 0.427873073352, 4.54117062354, 
resistor:  1


46.0698452381 89.4257371046, 1.94109046042, 0.427879527533, 4.54117034166, 
resistor:  1


46.1710833333 89.6277058115, 1.94120863841, 0.427906290219, 4.54115686386, 
resistor:  1


46.2722619048 89.8269961563, 1.94127091391, 0.427919363555, 4.54115695493, 
resistor:  1


46.3734404762 90.0403480495, 1.94163614183, 0.428007927967, 4.54107598777, 
resistor:  1


46.4746428571 90.2424312126, 1.94175631408, 0.428035951044, 4.54105587277, 
resistor:  1


46.5758095238 90.4425739321, 1.94183579108, 0.428053578761, 4.54104750557, 
resistor:  1


46.6771071429 90.6424983481, 1.94190479866, 0.428069839599, 4.54102994438, 
resistor:  1


46.7781666667 90.8415357575, 1.94196442979, 0.428083761412, 4.54101517094, 
resistor:  1


46.879452381 91.042533568, 1.9420562516, 0.428106456325, 4.5409848649, 
resistor:  1


46.9808333333 91.2430390766, 1.94213326165, 0.428126118853, 4.54095069609, 
resistor:  1


47.0821547619 91.4417881906, 1.9421750906, 0.428136577753, 4.54093120122, 
resistor:  1


47.183452381 91.643448719, 1.94227942413, 0.428161866065, 4.54090108296, 
resistor:  1


47.2846190476 91.845337833, 1.94239352421, 0.428189486196, 4.54087038787, 
resistor:  1


47.3857619048 92.0550780924, 1.94267379888, 0.428257605297, 4.54080316031, 
resistor:  1


47.4868928571 92.2531360237, 1.94270735509, 0.428266612297, 4.54077941049, 
resistor:  1


47.5880119048 92.4531231937, 1.9427817951, 0.428286231572, 4.54073962713, 
resistor:  1


47.689202381 92.6511958869, 1.94281286457, 0.428296298587, 4.54069945384, 
resistor:  1


47.7903928571 92.8509129314, 1.94287821004, 0.428311623696, 4.54068383096, 
resistor:  1


47.8916071429 93.0488074727, 1.94290425868, 0.428316828754, 4.54068288123, 
resistor:  1


47.992797619 93.232642144, 1.94263820343, 0.428251623183, 4.54075295458, 
resistor:  1


48.0939761905 93.4103902107, 1.94224719205, 0.42815670101, 4.54084925467, 
resistor:  1


48.1951785714 93.6111073241, 1.94233344701, 0.428179349881, 4.54080983634, 
resistor:  1


48.2963333333 93.8116233785, 1.94241709264, 0.428198764351, 4.54079841434, 
resistor:  1


48.3976309524 93.9984587416, 1.94221198211, 0.428147419759, 4.54086229279, 
resistor:  1


48.4989880952 94.1771017908, 1.94183642772, 0.428056884447, 4.54094721566, 
resistor:  1


48.6001428571 94.3547053825, 1.94144913647, 0.427963478056, 4.54103554982, 
resistor:  1


48.701297619 94.531376876, 1.94104431499, 0.42786719098, 4.54111231507, 
resistor:  1


48.8024642857 94.7277176782, 1.94104373754, 0.427871238821, 4.54106691408, 
resistor:  1


48.9036666667 94.9261473391, 1.94108445868, 0.427882952708, 4.54103181388, 
resistor:  1


49.0048571429 95.1259596145, 1.94115369701, 0.427900705685, 4.54100003073, 
resistor:  1


49.1060595238 95.3257135185, 1.94122099071, 0.427916384981, 4.54098680121, 
resistor:  1


49.20725 95.5262567115, 1.94130451735, 0.4279363699, 4.54096442114, 
resistor:  1


49.3085119048 95.7327628893, 1.94150582103, 0.427985526943, 4.5409116179, 
resistor:  1


49.4097619048 95.9388894254, 1.94169908388, 0.428032461926, 4.54086235361, 
resistor:  1


49.5109880952 96.1381859878, 1.94175454149, 0.428045015538, 4.5408528595, 
resistor:  1


49.6122261905 96.3387193313, 1.94183423581, 0.428064399612, 4.54082818538, 
resistor:  1


49.7133452381 96.5383635681, 1.94190037113, 0.428080014298, 4.54081125614, 
resistor:  1


49.8145357143 96.7393629076, 1.94199065635, 0.428100718789, 4.54079734959, 
resistor:  1


49.9158928571 96.9415255449, 1.94209739616, 0.42812510935, 4.54078410169, 
resistor:  1


50.0172738095 97.1417776517, 1.94216458141, 0.428140817034, 4.54076759371, 
resistor:  1


50.1184404762 97.3419446022, 1.94223809993, 0.428157079539, 4.54076083757, 
resistor:  1


50.2195952381 97.5455156042, 1.94237956602, 0.428190036376, 4.54073814112, 
resistor:  1


50.320797619 97.7513100138, 1.94256280979, 0.428233166338, 4.54070553445, 
resistor:  1


50.421952381 97.9574706009, 1.942754415, 0.42827938328, 4.54066189281, 
resistor:  1


50.5233809524 98.1580410648, 1.94282407896, 0.428294445708, 4.5406592801, 
resistor:  1


50.6245 98.3568085239, 1.94286972758, 0.428304004331, 4.54065745416, 
resistor:  1


50.7256666667 98.5576461479, 1.94295418127, 0.428324454396, 4.54063382763, 
resistor:  1


50.8268333333 98.7548366002, 1.94296654196, 0.428327878785, 4.54062030781, 
resistor:  1


50.9279047619 98.953736474, 1.94301605253, 0.428339792232, 4.5406043019, 
resistor:  1


51.0291309524 99.1536754726, 1.94307983738, 0.428356361054, 4.54057257887, 
resistor:  1


51.1303333333 99.3523313865, 1.94311918013, 0.428366016792, 4.54055657186, 
resistor:  1


51.2315119048 99.5534871662, 1.94320806599, 0.428388391352, 4.54052232075, 
resistor:  1


51.3327142857 99.7596223346, 1.94339270235, 0.428433665528, 4.54047437875, 
resistor:  1


51.4340833333 99.980565237, 1.94385821147, 0.428549179437, 4.54035090268, 
resistor:  1


51.5355357143 100.205922572, 1.94440440336, 0.42868452481, 4.54020941065, 
resistor:  1


51.6368571429 100.413983408, 1.94461841723, 0.428738087307, 4.54014421004, 
resistor:  1


51.7381428571 100.614054177, 1.94467850257, 0.428752255898, 4.54012854428, 
resistor:  1


51.8393095238 100.814847964, 1.94475676643, 0.42877052308, 4.54011279355, 
resistor:  1


51.9406785714 101.017866624, 1.9448699825, 0.428796788559, 4.54009553414, 
resistor:  1


52.0420833333 101.218931658, 1.94494388339, 0.428814114395, 4.54007937166, 
resistor:  1


52.1433214286 101.419448081, 1.94501319253, 0.428829376906, 4.54007424507, 
resistor:  1


52.2444761905 101.619663913, 1.94507958206, 0.42884392297, 4.54006947788, 
resistor:  1


52.3456904762 101.830037222, 1.9453375492, 0.428905621958, 4.54001831822, 
resistor:  1


52.4468571429 102.033008582, 1.94545515482, 0.428933740359, 4.53999348065, 
resistor:  1


52.5480357143 102.232305846, 1.94550194801, 0.428944839931, 4.539978791, 
resistor:  1


52.6492380952 102.436056341, 1.94563226454, 0.428977550428, 4.53993357054, 
resistor:  1


52.7504285714 102.634312373, 1.94565836055, 0.428983542013, 4.53992526083, 
resistor:  1


52.8518095238 102.835062978, 1.94572454387, 0.429000555797, 4.53989452436, 
resistor:  1


52.9533095238 103.037793759, 1.94582349405, 0.429024484331, 4.53986904492, 
resistor:  1


53.0548928571 103.237148021, 1.94585536718, 0.429033104314, 4.53984567606, 
resistor:  1


53.1561785714 103.437805511, 1.94592253038, 0.429049503242, 4.53982490707, 
resistor:  1


53.2573690476 103.635937132, 1.94594549046, 0.429054835724, 4.53981644677, 
resistor:  1


53.3584761905 103.848529422, 1.94624241238, 0.429127971079, 4.53973995577, 
resistor:  1


53.4596309524 104.050398488, 1.94633589186, 0.429150497347, 4.53971529449, 
resistor:  1


53.56075 104.249076947, 1.94637074625, 0.429157992824, 4.53971138455, 
resistor:  1


53.6619285714 104.449126033, 1.94642885214, 0.429172549935, 4.53968941879, 
resistor:  1


53.7631190476 104.648877112, 1.94648076537, 0.429183857959, 4.53968304885, 
resistor:  1


53.8643214286 104.848189873, 1.94652391588, 0.429192975087, 4.53968175171, 
resistor:  1


53.9655119048 105.048108972, 1.94657856961, 0.429204204922, 4.53968443349, 
resistor:  1


54.0666904762 105.247349766, 1.94662090168, 0.429214055544, 4.53967327059, 
resistor:  1


54.1678095238 105.44734097, 1.94667906819, 0.429229454547, 4.53964094, 
resistor:  1


54.2689761905 105.646843671, 1.94672630823, 0.429242527488, 4.53960790625, 
resistor:  1


54.3703452381 105.857185447, 1.94696548245, 0.429301887253, 4.53953823784, 
resistor:  1


54.471702381 106.058463101, 1.94703779145, 0.429319721167, 4.53951327323, 
resistor:  1


54.5728690476 106.258462886, 1.94709321207, 0.429333449155, 4.53949229769, 
resistor:  1


54.6740357143 106.459110304, 1.94716027294, 0.429349980486, 4.53946898975, 
resistor:  1


54.775202381 106.657932905, 1.94719377142, 0.429359555686, 4.53944064346, 
resistor:  1


54.8763928571 106.857279646, 1.94723585284, 0.429371995632, 4.53940310606, 
resistor:  1


54.97775 107.057014565, 1.94727893675, 0.429383131422, 4.53938108179, 
resistor:  1


55.0791547619 107.257482776, 1.94733349195, 0.429396061975, 4.53936657691, 
resistor:  1


55.180797619 107.456245042, 1.94734852845, 0.429399449977, 4.53936077229, 
resistor:  1


55.2820238095 107.656656638, 1.94740802199, 0.429413189613, 4.53934900543, 
resistor:  1


55.3831071429 107.866416647, 1.94764111679, 0.429471894729, 4.53927292524, 
resistor:  1


55.48425 108.066178724, 1.94769107852, 0.429486124996, 4.53923433421, 
resistor:  1


55.5853571429 108.262896549, 1.94768734274, 0.429486836889, 4.53921305529, 
resistor:  1


55.686452381 108.462449124, 1.94773494246, 0.429498817853, 4.53919353209, 
resistor:  1


55.7878095238 108.664555653, 1.94781900527, 0.429518072624, 4.53918192019, 
resistor:  1


55.8894880952 108.867619864, 1.94790869578, 0.429539254971, 4.53916452968, 
resistor:  1


55.9910714286 109.06823363, 1.94795760909, 0.429549361147, 4.53916672418, 
resistor:  1


56.0924880952 109.269524538, 1.94802420518, 0.4295642696, 4.5391596467, 
resistor:  1


56.1937738095 109.468565236, 1.94805505691, 0.429571291993, 4.5391527566, 
resistor:  1


56.2948928571 109.669308361, 1.94812180634, 0.429585365367, 4.53915461151, 
resistor:  1


56.3961071429 109.89136197, 1.94856289801, 0.429693683344, 4.53905451819, 
resistor:  1


56.4972619048 110.117795059, 1.94908197931, 0.429821424465, 4.53892992902, 
resistor:  1


56.5984880952 110.342529031, 1.94956672422, 0.429940457498, 4.53881412239, 
resistor:  1


56.6997142857 110.56964292, 1.95009171232, 0.430069578251, 4.53868903278, 
resistor:  1


56.801 110.77130867, 1.95016476242, 0.430088336233, 4.53865744787, 
resistor:  1


56.9023571429 110.971862939, 1.95021557123, 0.430102638204, 4.53862037707, 
resistor:  1


57.0036666667 111.170489504, 1.95023401133, 0.430108133643, 4.53860056813, 
resistor:  1


57.1048214286 111.370722994, 1.9502858114, 0.430121479175, 4.53857566472, 
resistor:  1


57.206 111.572667874, 1.95036653277, 0.430143292919, 4.53852983847, 
resistor:  1


57.3072261905 111.771737192, 1.95039517042, 0.430151190587, 4.53850846997, 
resistor:  1


57.4085119048 111.984383358, 1.95065818015, 0.430217362821, 4.53842560231, 
resistor:  1


57.5099642857 112.18476886, 1.95070141763, 0.430228387865, 4.53840553862, 
resistor:  1


57.6112380952 112.383594779, 1.95072347853, 0.430234465748, 4.53838787328, 
resistor:  1


57.7123452381 112.584100574, 1.95078020326, 0.430248712455, 4.53836541086, 
resistor:  1


57.813547619 112.782674982, 1.95080010874, 0.430253176425, 4.53835950246, 
resistor:  1


57.9147261905 112.981097659, 1.95081812676, 0.430256561172, 4.53836132079, 
resistor:  1


58.0160833333 113.181279217, 1.95086039447, 0.430266230034, 4.53835260372, 
resistor:  1


58.11725 113.380859411, 1.95089856128, 0.430274836256, 4.53834551872, 
resistor:  1


58.2184404762 113.580595541, 1.95093847605, 0.430284147729, 4.53833540475, 
resistor:  1


58.3195833333 113.781260576, 1.95099577317, 0.43029694334, 4.53832904198, 
resistor:  1


58.4206309524 113.996321851, 1.95130247642, 0.430370688744, 4.53826571271, 
resistor:  1


58.5219166667 114.198047113, 1.95137229978, 0.430385575492, 4.5382670667, 
resistor:  1


58.6233333333 114.399259777, 1.95142877881, 0.430398133783, 4.53826165024, 
resistor:  1


58.72475 114.59927696, 1.95146470543, 0.430405120176, 4.53826701302, 
resistor:  1


58.8260238095 114.800810921, 1.95153103146, 0.430421371407, 4.53824638984, 
resistor:  1


58.9275595238 115.00140864, 1.95157256755, 0.430431360647, 4.53823359777, 
resistor:  1


59.0289404762 115.201884344, 1.95161701049, 0.430442680731, 4.53821293323, 
resistor:  1


59.1303095238 115.403998067, 1.95168939579, 0.430459884183, 4.5381956498, 
resistor:  1


59.2317142857 115.603487117, 1.95171604454, 0.430467404648, 4.53817392798, 
resistor:  1


59.3329166667 115.803192094, 1.95175289873, 0.430475385127, 4.53817058073, 
resistor:  1


59.4340595238 116.01469134, 1.95199002507, 0.430533856312, 4.53810632283, 
resistor:  1


59.5353690476 116.215780761, 1.95204602945, 0.430546744795, 4.53809659686, 
resistor:  1


59.6368333333 116.417930974, 1.95211456523, 0.430563877653, 4.53807212213, 
resistor:  1


59.7383571429 116.617684816, 1.95214080858, 0.430568759915, 4.53807918693, 
resistor:  1


59.8396785714 116.81890833, 1.95219812538, 0.430581245356, 4.53807537373, 
resistor:  1


59.9408690476 117.018509562, 1.95223244877, 0.430588103794, 4.53807889117, 
resistor:  1


60.0423571429 117.220325086, 1.95229385826, 0.430601930372, 4.53807209868, 
resistor:  1


60.1437261905 117.425536463, 1.95241538729, 0.43063079421, 4.53804840157, 
resistor:  1


60.244952381 117.626626958, 1.95247273521, 0.43064504144, 4.53802772411, 
resistor:  1


60.3464047619 117.825467334, 1.95248528557, 0.43064790341, 4.53802301574, 
resistor:  1


60.447797619 118.038001599, 1.95272625717, 0.430706959943, 4.53796281812, 
resistor:  1


60.549 118.237601362, 1.95275894502, 0.430714705826, 4.53795337504, 
resistor:  1


60.6503452381 118.439097966, 1.95281819916, 0.430729006067, 4.5379370002, 
resistor:  1


60.7517619048 118.639375463, 1.95285489249, 0.430738591634, 4.53791921022, 
resistor:  1


60.8529285714 118.83866469, 1.9528832462, 0.430746780034, 4.53789310893, 
resistor:  1


60.9540714286 119.037365047, 1.95290260777, 0.430752608361, 4.5378729165, 
resistor:  1


61.0552619048 119.236669689, 1.95293027938, 0.430759404979, 4.5378616431, 
resistor:  1


61.1564285714 119.435869578, 1.95295690686, 0.430765071631, 4.53785956842, 
resistor:  1


61.2575119048 119.6365112, 1.95300963882, 0.430778709176, 4.53783584546, 
resistor:  1


61.3587619048 119.837122241, 1.95305639359, 0.430789484603, 4.53782666075, 
resistor:  1


61.4598928571 120.04940456, 1.9532966782, 0.430849027237, 4.53775884144, 
resistor:  1


61.5611309524 120.249496811, 1.95333475768, 0.430857586754, 4.53775401762, 
resistor:  1


61.6624880952 120.450121922, 1.95337758243, 0.430868059887, 4.537740373, 
resistor:  1


61.7636785714 120.650285589, 1.95341806673, 0.430876513293, 4.53774035696, 
resistor:  1


61.8650119048 120.85303296, 1.95349567128, 0.430893833932, 4.53773490286, 
resistor:  1


61.9663809524 121.05391564, 1.95354180412, 0.430903957914, 4.5377312437, 
resistor:  1


62.0678571429 121.25607335, 1.95360495645, 0.430918943852, 4.53771672309, 
resistor:  1


62.1692738095 121.456100091, 1.95363549626, 0.430925707573, 4.53771240875, 
resistor:  1


62.2705952381 121.656909702, 1.95368149664, 0.430935829434, 4.53770909925, 
resistor:  1


62.37175 121.856121137, 1.95370694485, 0.430940597248, 4.53771536151, 
resistor:  1


62.4728214286 122.068744321, 1.95394959808, 0.430999539914, 4.53766038107, 
resistor:  1


62.5739285714 122.267785839, 1.95397330215, 0.431003767374, 4.53766671463, 
resistor:  1


62.6752619048 122.466943937, 1.95399173797, 0.431006745191, 4.53767326213, 
resistor:  1


62.7768809524 122.667224989, 1.95401910907, 0.431013324666, 4.53766303144, 
resistor:  1


62.8780833333 122.866719776, 1.95404683576, 0.431019833093, 4.53765455766, 
resistor:  1


62.9792380952 123.066646266, 1.9540828055, 0.431028899375, 4.53763862494, 
resistor:  1


63.080452381 123.266033735, 1.95410827098, 0.431035532989, 4.53762392365, 
resistor:  1


63.1815952381 123.467497638, 1.95416872861, 0.431050688717, 4.53760152192, 
resistor:  1


63.28275 123.667214875, 1.95420102438, 0.431058688728, 4.5375884887, 
resistor:  1


63.3840595238 123.868955643, 1.9542603704, 0.431073020278, 4.53757181245, 
resistor:  1


63.4855714286 124.081155226, 1.9544780402, 0.431126393642, 4.53751839882, 
resistor:  1


63.5867738095 124.281786565, 1.95452260146, 0.431136980406, 4.53750622973, 
resistor:  1


63.6879166667 124.481711377, 1.95455775431, 0.431144885433, 4.53750111196, 
resistor:  1


63.7890238095 124.680325091, 1.95457333637, 0.431147013869, 4.53751078679, 
resistor:  1


63.890202381 124.880721957, 1.95461459352, 0.431155555222, 4.53751242147, 
resistor:  1


63.9913333333 125.079909095, 1.9546382702, 0.431159587061, 4.53752248573, 
resistor:  1


64.0924285714 125.280699271, 1.95468797273, 0.431170883651, 4.53751330514, 
resistor:  1


64.1936190476 125.481892748, 1.95474090119, 0.431183173253, 4.53750337332, 
resistor:  1


64.2946904762 125.681193722, 1.95476784773, 0.43118808601, 4.53751005952, 
resistor:  1


64.401797619 125.895080751, 1.95483799219, 0.43120383174, 4.53750374254, 
resistor:  1


64.5030714286 126.105459123, 1.95503030057, 0.431250220392, 4.53746145849, 
resistor:  1


64.6041904762 126.305155788, 1.95506134907, 0.431256749872, 4.53746085171, 
resistor:  1


64.7053809524 126.505779097, 1.95510446326, 0.431265886848, 4.53746084718, 
resistor:  1


64.8066071429 126.704761719, 1.95512104868, 0.431269937733, 4.53745287398, 
resistor:  1


64.9079404762 126.90663776, 1.95517893233, 0.431283891042, 4.53743728986, 
resistor:  1


65.0093333333 127.104077856, 1.95516660976, 0.431281384841, 4.53743300472, 
resistor:  1


65.1106547619 127.303846087, 1.95519222702, 0.431287759219, 4.53742032446, 
resistor:  1


65.2119761905 127.503985009, 1.95522344909, 0.431296211119, 4.53740039015, 
resistor:  1


65.3131785714 127.704128845, 1.9552582134, 0.43130428232, 4.53739240857, 
resistor:  1


65.414297619 127.905340095, 1.9553116788, 0.431317228873, 4.53737704261, 
resistor:  1


65.5154404762 128.115154359, 1.95549558131, 0.431362225038, 4.53733048491, 
resistor:  1


65.6166309524 128.315094826, 1.95552702056, 0.431369660456, 4.53732146607, 
resistor:  1


65.717797619 128.514816094, 1.95555573605, 0.43137552918, 4.53732224859, 
resistor:  1


65.8188928571 128.715798076, 1.95560563979, 0.431386910357, 4.53731470757, 
resistor:  1


65.92025 128.914825869, 1.9556179758, 0.431388345953, 4.53732494743, 
resistor:  1


66.0214047619 129.115472893, 1.95566079454, 0.431397704761, 4.53732247743, 
resistor:  1


66.1226428571 129.315871527, 1.95569726101, 0.431405052058, 4.53732605011, 
resistor:  1


66.223797619 129.515436266, 1.95572348494, 0.43141082264, 4.53732213568, 
resistor:  1


66.3249761905 129.717009046, 1.9557792026, 0.431423549327, 4.53731474785, 
resistor:  1


66.4263095238 129.937402641, 1.9561135275, 0.431505882375, 4.53723212125, 
resistor:  1


66.527702381 130.149418904, 1.95631916099, 0.431555044301, 4.5371918288, 
resistor:  1


66.6290119048 130.349991899, 1.95635486964, 0.431562456005, 4.53719279256, 
resistor:  1


66.7301785714 130.549129822, 1.95637315255, 0.431565988289, 4.53719432328, 
resistor:  1


66.8313690476 130.745291386, 1.95634614776, 0.43155893158, 4.53720192032, 
resistor:  1


66.9325595238 130.943545444, 1.95635048735, 0.431559392, 4.53720429454, 
resistor:  1


67.0337380952 131.119189067, 1.95601786194, 0.431479832409, 4.53727331157, 
resistor:  1


67.1348809524 131.29721215, 1.95572272249, 0.431409859208, 4.53732733181, 
resistor:  1


67.2359761905 131.50070191, 1.95580862153, 0.43143171311, 4.53729573962, 
resistor:  1


67.3370714286 131.700029946, 1.95583245828, 0.431437635498, 4.53728437216, 
resistor:  1


67.4382619048 131.900130651, 1.95586491889, 0.431445474858, 4.53727391395, 
resistor:  1


67.5395119048 132.108699236, 1.95602093516, 0.431484060762, 4.53722942777, 
resistor:  1


67.6406428571 132.309468082, 1.95606461579, 0.4314947206, 4.53721524398, 
resistor:  1


67.7418095238 132.508066978, 1.95607510205, 0.431496413479, 4.53721769153, 
resistor:  1


67.8431547619 132.710745879, 1.95614054718, 0.431511772609, 4.53720712147, 
resistor:  1


67.9445952381 132.910715263, 1.95616317674, 0.431516040512, 4.53721121521, 
resistor:  1


68.0458809524 133.110273883, 1.95618415134, 0.431520045154, 4.53721311153, 
resistor:  1


68.147 133.310712976, 1.95622276808, 0.43152880838, 4.53720746904, 
resistor:  1


68.2481904762 133.510665428, 1.9562520925, 0.431535478097, 4.53720169497, 
resistor:  1


68.3493809524 133.711419478, 1.95629305803, 0.431544846933, 4.53719495647, 
resistor:  1


68.450547619 133.910872406, 1.95631557473, 0.431549781144, 4.53719182413, 
resistor:  1


68.5516071429 134.127000578, 1.95658433359, 0.431615114442, 4.53713347687, 
resistor:  1


68.652702381 134.32631243, 1.95660633553, 0.431619209461, 4.5371380787, 
resistor:  1


68.75375 134.527165888, 1.95665205008, 0.431630535047, 4.53712194914, 
resistor:  1


68.8548095238 134.72656169, 1.95667612215, 0.431636136122, 4.5371154355, 
resistor:  1


68.9560952381 134.926421628, 1.95670043616, 0.43164185722, 4.53710801173, 
resistor:  1


69.05725 135.125779108, 1.95672111339, 0.4316469998, 4.53709835906, 
resistor:  1


69.158452381 135.325441559, 1.95674479258, 0.431653153617, 4.53708564987, 
resistor:  1


69.2596190476 135.524185252, 1.95675614616, 0.431656054643, 4.53707817105, 
resistor:  1


69.3608690476 135.724639131, 1.95678977202, 0.43166477294, 4.53706151914, 
resistor:  1


69.4622142857 135.923235997, 1.95679388276, 0.431665352601, 4.53706209817, 
resistor:  1


69.5635357143 136.136288035, 1.95700644939, 0.431718151201, 4.53700295271, 
resistor:  1


69.6647619048 136.335676965, 1.95702494687, 0.431722099608, 4.53700109017, 
resistor:  1


69.7658690476 136.536318442, 1.95706468371, 0.431730917271, 4.53699743522, 
resistor:  1


69.8670238095 136.734178099, 1.95706315574, 0.431729071962, 4.53701011768, 
resistor:  1


69.9680952381 136.933770816, 1.95708873237, 0.431734128402, 4.53701293768, 
resistor:  1


70.0691190476 137.134231712, 1.95712795559, 0.431742502575, 4.53701261788, 
resistor:  1


70.170202381 137.338491195, 1.95721953957, 0.43176510392, 4.53698647631, 
resistor:  1


70.2712738095 137.539013357, 1.95725800745, 0.431774805129, 4.53697035582, 
resistor:  1


70.3724642857 137.739133664, 1.95728734331, 0.431781841323, 4.53696111107, 
resistor:  1


70.4735357143 137.939632506, 1.95732527265, 0.431791106842, 4.53694841131, 
resistor:  1


70.5746309524 138.150245677, 1.95750574693, 0.431834456414, 4.53691117698, 
resistor:  1


70.6756904762 138.350565989, 1.95754105912, 0.43184370403, 4.53689276907, 
resistor:  1


70.77675 138.549073141, 1.95755065245, 0.431847370839, 4.53687306992, 
resistor:  1


70.8780238095 138.750712587, 1.95759849286, 0.431859845653, 4.53685075969, 
resistor:  1


70.9794047619 138.950828652, 1.95762177942, 0.43186677787, 4.53682905775, 
resistor:  1


71.0806428571 139.149659523, 1.95763085321, 0.431870191264, 4.53681091853, 
resistor:  1


71.1819285714 139.350676412, 1.95766930187, 0.431880320785, 4.53679112373, 
resistor:  1


71.2830595238 139.549747411, 1.95768459355, 0.431883600369, 4.53678913407, 
resistor:  1


71.384202381 139.750835702, 1.95772777506, 0.431895125633, 4.53676689354, 
resistor:  1


71.4852380952 139.951241586, 1.95776422258, 0.431903778699, 4.53675682884, 
resistor:  1


71.5862857143 140.160805597, 1.95792817295, 0.431943933371, 4.53671501016, 
resistor:  1


71.6873690476 140.361483376, 1.95796672749, 0.431952404923, 4.53671176791, 
resistor:  1


71.7884761905 140.560908127, 1.95798706959, 0.431956426587, 4.53671353155, 
resistor:  1


71.8895833333 140.760552591, 1.95801041075, 0.431961027803, 4.53671603712, 
resistor:  1


71.990797619 140.961427378, 1.95804786223, 0.431969155569, 4.53671422447, 
resistor:  1


72.0919285714 141.159629707, 1.95805040181, 0.431968566904, 4.53672289321, 
resistor:  1


72.1929404762 141.358493293, 1.95806532274, 0.431971892873, 4.53671999583, 
resistor:  1


72.294 141.558476031, 1.95809439276, 0.431977147739, 4.53672907958, 
resistor:  1


72.3953095238 141.758590253, 1.95811843593, 0.43198318773, 4.53671841042, 
resistor:  1


72.4966785714 141.959186472, 1.95814745267, 0.431988820528, 4.53672330338, 
resistor:  1


72.5979404762 142.170729062, 1.95833005908, 0.432033191234, 4.53668085393, 
resistor:  1


72.6991428571 142.371212464, 1.95836163769, 0.432040255196, 4.53667695867, 
resistor:  1


72.8002857143 142.571214745, 1.95838812096, 0.432046866028, 4.53666586027, 
resistor:  1


72.9013571429 142.772724299, 1.9584371251, 0.432058721887, 4.53665211358, 
resistor:  1


73.0024761905 142.970670219, 1.9584359008, 0.432058595896, 4.53664745383, 
resistor:  1


73.1036666667 143.171233058, 1.9584685637, 0.432066676175, 4.53663554155, 
resistor:  1


73.2048333333 143.370307262, 1.95848143809, 0.432070811669, 4.53661915443, 
resistor:  1


73.3060119048 143.569672016, 1.95849792241, 0.432074285229, 4.53661763391, 
resistor:  1


73.4070595238 143.769867902, 1.95852917737, 0.43208287045, 4.53659728449, 
resistor:  1


73.5080952381 143.969539744, 1.95855353451, 0.432088705296, 4.53658994303, 
resistor:  1


73.6094404762 144.180305614, 1.95872030383, 0.432130065201, 4.5365431664, 
resistor:  1


73.7105952381 144.38237598, 1.95877370836, 0.432142377005, 4.53653682151, 
resistor:  1


73.8117380952 144.582560544, 1.95880173364, 0.432147765595, 4.5365412839, 
resistor:  1


73.9129761905 144.785313064, 1.9588619012, 0.432161355587, 4.53653612786, 
resistor:  1


74.0143452381 144.98464649, 1.95887224326, 0.432162398962, 4.5365462186, 
resistor:  1


74.1156190476 145.188631958, 1.95894784154, 0.432179624564, 4.53653885589, 
resistor:  1


74.2169642857 145.391849401, 1.95901099971, 0.432194739919, 4.53652427964, 
resistor:  1


74.3181666667 145.590908021, 1.95902179173, 0.432196094352, 4.53653168039, 
resistor:  1


74.4193452381 145.791891193, 1.95905904206, 0.432205002179, 4.53652137548, 
resistor:  1


74.5205714286 145.992683998, 1.95909238482, 0.432212569686, 4.53651696013, 
resistor:  1


74.621702381 146.200167088, 1.95921779352, 0.432242235319, 4.53649681221, 
resistor:  1


74.7229047619 146.401361313, 1.95925682733, 0.432251572577, 4.5364865306, 
resistor:  1


74.8241071429 146.600715846, 1.95927116866, 0.432254629813, 4.53648450435, 
resistor:  1


74.9252380952 146.800369545, 1.95929133196, 0.432259403733, 4.53647801961, 
resistor:  1


75.0263809524 147.000358016, 1.95931559206, 0.432264938851, 4.53647450608, 
resistor:  1


75.1276190476 147.200693089, 1.95934191653, 0.43227196746, 4.53645735637, 
resistor:  1


75.2287142857 147.39983673, 1.95935605346, 0.432277015066, 4.53643427625, 
resistor:  1


75.3297738095 147.599823989, 1.9593822804, 0.43228446996, 4.5364139132, 
resistor:  1


75.4311666667 147.798668133, 1.95938462395, 0.432286669071, 4.53639348253, 
resistor:  1


75.5325952381 148.005118162, 1.95948673146, 0.432313012044, 4.53635443708, 
resistor:  1


75.6338809524 148.210844558, 1.95958269881, 0.432336676318, 4.53632742228, 
resistor:  1


75.7352261905 148.411977382, 1.95961621622, 0.432344664817, 4.53631873274, 
resistor:  1


75.8367380952 148.612290689, 1.95963453098, 0.432347863563, 4.53632480205, 
resistor:  1


75.9381190476 148.813669414, 1.95967020622, 0.432355398699, 4.53632537673, 
resistor:  1


76.0395595238 149.014900996, 1.95970231718, 0.432361869989, 4.53632860514, 
resistor:  1


76.1408809524 149.216165758, 1.95973784243, 0.432369137287, 4.53633146995, 
resistor:  1


76.2420833333 149.417617098, 1.95977878051, 0.432378459751, 4.53632578101, 
resistor:  1


76.34325 149.617931798, 1.95980563832, 0.432383525201, 4.53633178334, 
resistor:  1


76.444297619 149.816895669, 1.95981780637, 0.432385707241, 4.53633405307, 
resistor:  1


76.5453809524 150.023626154, 1.95993049205, 0.432411788561, 4.5363205193, 
resistor:  1


76.646452381 150.228760703, 1.9600223629, 0.432433073726, 4.53630869123, 
resistor:  1


76.7475119048 150.428250412, 1.96004074502, 0.432437469377, 4.53630256364, 
resistor:  1


76.84875 150.62823808, 1.96006100399, 0.432441973099, 4.53630269166, 
resistor:  1


76.9501190476 150.82716967, 1.96006414983, 0.432442430054, 4.53630179534, 
resistor:  1


77.0512619048 151.025073105, 1.96005969756, 0.432440600983, 4.53630800069, 
resistor:  1


77.1524642857 151.226508822, 1.96009952789, 0.432450485577, 4.53629472494, 
resistor:  1


77.2536666667 151.426100367, 1.96011538223, 0.432454623009, 4.5362855661, 
resistor:  1


77.3548452381 151.625894976, 1.9601344235, 0.432458937008, 4.53628178479, 
resistor:  1


77.456047619 151.825647149, 1.96015226462, 0.432463842655, 4.53626886256, 
resistor:  1


77.557202381 152.032289992, 1.96026010898, 0.432490328669, 4.53624014383, 
resistor:  1


77.6584285714 152.237688071, 1.9603498406, 0.432511836501, 4.53621999836, 
resistor:  1


77.7596190476 152.437933758, 1.96037397849, 0.432516260043, 4.53622680709, 
resistor:  1


77.8608214286 152.637981337, 1.96039520951, 0.432519695824, 4.53623704845, 
resistor:  1


77.9620238095 152.839245731, 1.9604319932, 0.432527786343, 4.53623509097, 
resistor:  1


78.0632619048 153.037654534, 1.96043120413, 0.432525879153, 4.53625059203, 
resistor:  1


78.1645952381 153.239306173, 1.96046951572, 0.432534101023, 4.53625083074, 
resistor:  1


78.26575 153.438677438, 1.96048306491, 0.43253605532, 4.53625970331, 
resistor:  1


78.3672380952 153.639089932, 1.96050152674, 0.432539659479, 4.53626207613, 
resistor:  1


78.4686547619 153.840730857, 1.96053738048, 0.432548200972, 4.53625261172, 
resistor:  1


78.5700833333 154.048954466, 1.96065662566, 0.432576600039, 4.53623031491, 
resistor:  1


78.6715 154.255351023, 1.96075263625, 0.432598830021, 4.53621792117, 
resistor:  1


78.7727857143 154.454995104, 1.96076593843, 0.432601845116, 4.53621439918, 
resistor:  1


78.8739166667 154.654279217, 1.96077848994, 0.432604078639, 4.53621707167, 
resistor:  1


78.9752142857 154.855376593, 1.96080983121, 0.432611087898, 4.53621304515, 
resistor:  1


79.0764285714 155.054396279, 1.96081688413, 0.432612066208, 4.53621635514, 
resistor:  1


79.1776071429 155.254200542, 1.96083471254, 0.432616462183, 4.5362096401, 
resistor:  1


79.2788214286 155.451639229, 1.96082177343, 0.432612649565, 4.53621723003, 
resistor:  1


79.3801428571 155.652540434, 1.96084984017, 0.432619347661, 4.53620966947, 
resistor:  1


79.4815119048 155.851943609, 1.96085781302, 0.432621393283, 4.53620416517, 
resistor:  1


79.5828571429 156.061533631, 1.96099435524, 0.432655829718, 4.53616245906, 
resistor:  1


79.6844404762 156.27088286, 1.9611216685, 0.432685846532, 4.53614179882, 
resistor:  1


79.7857619048 156.472218078, 1.96115465144, 0.432692950228, 4.53614091904, 
resistor:  1


79.8872261905 156.675528726, 1.96120877138, 0.432704564323, 4.53614249725, 
resistor:  1


79.9886547619 156.87575043, 1.96122501244, 0.432707595364, 4.53614707568, 
resistor:  1


80.0900238095 157.078848874, 1.9612785888, 0.432719321482, 4.53614468958, 
resistor:  1


80.1912380952 157.282875889, 1.96134739437, 0.432734935057, 4.53613874982, 
resistor:  1


80.2923928571 157.482054263, 1.96135709323, 0.432735630117, 4.53615112999, 
resistor:  1


80.3935952381 157.683251748, 1.96139072125, 0.432743263666, 4.53614663804, 
resistor:  1


80.49475 157.881736181, 1.96139172035, 0.432742580237, 4.53615367304, 
resistor:  1


80.5959404762 158.086155212, 1.96146548174, 0.432759267855, 4.53614751433, 
resistor:  1


80.6971666667 158.294338285, 1.96158483407, 0.432787403301, 4.53612752555, 
resistor:  1


80.7983333333 158.494277638, 1.96160330416, 0.432791720539, 4.53612259048, 
resistor:  1


80.8995357143 158.694258377, 1.96162137367, 0.43279549917, 4.53612232168, 
resistor:  1


81.0007380952 158.893191812, 1.96162646846, 0.432796241344, 4.53612332139, 
resistor:  1


81.1020357143 159.093658496, 1.96164815217, 0.432800929134, 4.53612155918, 
resistor:  1


81.2033095238 159.295361789, 1.96168558552, 0.432810124164, 4.53610971451, 
resistor:  1


81.3044285714 159.49438565, 1.96169370417, 0.432811235136, 4.5361144978, 
resistor:  1


81.4057857143 159.697208409, 1.96174273128, 0.432823643298, 4.5360963958, 
resistor:  1


81.5072619048 159.897701346, 1.96176018688, 0.432828492617, 4.53608390108, 
resistor:  1


81.6086071429 160.097930197, 1.961777511, 0.432832595355, 4.53607996526, 
resistor:  1


81.7097857143 160.308126002, 1.96192077364, 0.432866705234, 4.53605364597, 
resistor:  1


81.8109047619 160.509344004, 1.961955371, 0.432874125468, 4.53605423309, 
resistor:  1


81.9120714286 160.709468211, 1.96197538908, 0.432877380528, 4.53606482938, 
resistor:  1


82.0131190476 160.910542104, 1.96200978541, 0.43288482558, 4.53606410989, 
resistor:  1


82.1142380952 161.110141342, 1.96202443181, 0.432887013807, 4.53607250553, 
resistor:  1


82.2154404762 161.311297114, 1.96205598583, 0.432893305113, 4.53607657405, 
resistor:  1


82.3165833333 161.511046732, 1.9620717988, 0.43289567585, 4.53608547341, 
resistor:  1


82.4176428571 161.71022506, 1.9620826252, 0.432898401161, 4.53607924509, 
resistor:  1


82.5188452381 161.911099682, 1.96211058474, 0.432905788025, 4.53606404009, 
resistor:  1


82.6199642857 162.113704766, 1.96216139969, 0.432918526156, 4.53604714014, 
resistor:  1


82.7211666667 162.323141178, 1.96229269628, 0.432951366275, 4.53600778783, 
resistor:  1


82.8226071429 162.525135813, 1.96232817849, 0.432961154616, 4.53598506562, 
resistor:  1


82.9239642857 162.721637719, 1.96229930782, 0.432954275017, 4.53598743982, 
resistor:  1


83.0253571429 162.91666737, 1.96225193093, 0.432942985824, 4.53599443566, 
resistor:  1


83.1266904762 163.094855192, 1.96200347033, 0.432883230665, 4.53605013203, 
resistor:  1


83.2280952381 163.272163375, 1.96174336211, 0.43282092371, 4.53610554676, 
resistor:  1


83.3291904762 163.469513889, 1.96173169275, 0.432820388018, 4.53608619265, 
resistor:  1


83.4303214286 163.66801713, 1.96173302856, 0.432821292207, 4.53607608786, 
resistor:  1


83.5314880952 163.867698396, 1.96174762515, 0.432825896298, 4.53605927364, 
resistor:  1


83.6326785714 164.069593176, 1.96178809502, 0.432836763567, 4.53603798058, 
resistor:  1


83.7338690476 164.279054848, 1.96191883543, 0.432867840261, 4.5360153884, 
resistor:  1


83.8350714286 164.479932003, 1.96194658393, 0.432873231656, 4.53602088458, 
resistor:  1


83.9364285714 164.679541794, 1.96195554895, 0.432874146199, 4.53602971357, 
resistor:  1


84.0375714286 164.878066476, 1.9619565829, 0.432873294756, 4.53603940821, 
resistor:  1


84.1388095238 165.078490277, 1.96197796488, 0.432877014272, 4.53604737465, 
resistor:  1


84.239952381 165.277936502, 1.96198990896, 0.432878653847, 4.53605518715, 
resistor:  1


84.3413214286 165.478702911, 1.96201221546, 0.432883167941, 4.5360568522, 
resistor:  1


84.4427380952 165.679107016, 1.96202907145, 0.432885936882, 4.53606420989, 
resistor:  1


84.5440238095 165.880105357, 1.96205595479, 0.432892718986, 4.5360541615, 
resistor:  1


84.645547619 166.087567922, 1.96215362288, 0.432915691096, 4.53603694705, 
resistor:  1


84.7468571429 166.298387132, 1.96229562651, 0.432951087383, 4.53599713421, 
resistor:  1


84.848047619 166.49707466, 1.96229706318, 0.432951000444, 4.53599864197, 
resistor:  1


84.9492261905 166.697804744, 1.96232281587, 0.432957013872, 4.53599307307, 
resistor:  1


85.0503809524 166.896570478, 1.96232596032, 0.432957406821, 4.53599386573, 
resistor:  1


85.1515357143 167.096695044, 1.96234505512, 0.432962072009, 4.53598702912, 
resistor:  1


85.2525833333 167.295543849, 1.96235160634, 0.432963031982, 4.53598942424, 
resistor:  1


85.3537738095 167.494679077, 1.96235821337, 0.432964420487, 4.53598762872, 
resistor:  1


85.4548452381 167.694731344, 1.96237826979, 0.432968738175, 4.53598616148, 
resistor:  1


85.5560952381 167.895246059, 1.96239958815, 0.432975477678, 4.53596430952, 
resistor:  1


85.6574642857 168.100597283, 1.96247459208, 0.432993721372, 4.53594446417, 
resistor:  1


85.7586666667 168.308802905, 1.96258651688, 0.43301987803, 4.53592817535, 
resistor:  1


85.8600119048 168.509962137, 1.96261284384, 0.433024920337, 4.53593420024, 
resistor:  1


85.9613452381 168.711926055, 1.96264874157, 0.433032542773, 4.53593499232, 
resistor:  1


86.0625119048 168.910757035, 1.96265195259, 0.433031760374, 4.53594842009, 
resistor:  1


86.1637142857 169.112910666, 1.96269290464, 0.433040662352, 4.53594818243, 
resistor:  1


86.2648333333 169.313642431, 1.96271917406, 0.43304567736, 4.53595461216, 
resistor:  1


86.3660357143 169.528040133, 1.96290172092, 0.433090060964, 4.53591564482, 
resistor:  1


86.4672738095 169.752850402, 1.9632034517, 0.433163958318, 4.53584685892, 
resistor:  1


86.5684166667 169.977123364, 1.96350043017, 0.433237284913, 4.53577362396, 
resistor:  1


86.6696190476 170.210448946, 1.96389981652, 0.433335175294, 4.53568726453, 
resistor:  1


86.7709166667 170.419419994, 1.96401543905, 0.433363298219, 4.53566183771, 
resistor:  1


86.8719880952 170.618477474, 1.96402178902, 0.433364172852, 4.53566501696, 
resistor:  1


86.9731190476 170.817542313, 1.96402686467, 0.433365039434, 4.53566541005, 
resistor:  1


87.0742857143 171.017341182, 1.96403955288, 0.433367207712, 4.53566992845, 
resistor:  1


87.1754880952 171.218301079, 1.9640647253, 0.433373351052, 4.53566190602, 
resistor:  1


87.27675 171.417188378, 1.96406475239, 0.433372450717, 4.53566907969, 
resistor:  1


87.3782619048 171.618158676, 1.96408299884, 0.433377126667, 4.53566008994, 
resistor:  1


87.4797619048 171.817628307, 1.9640843158, 0.433377185162, 4.53565986975, 
resistor:  1


87.5810952381 172.018050607, 1.96410024492, 0.433381804611, 4.53564628053, 
resistor:  1


87.6825833333 172.226690587, 1.96420639127, 0.433407171056, 4.53562514601, 
resistor:  1


87.7838214286 172.426493534, 1.96421721826, 0.433408951348, 4.53562990336, 
resistor:  1


87.884952381 172.626172673, 1.96422900618, 0.43341145883, 4.5356284902, 
resistor:  1


87.9861666667 172.817892814, 1.96414844925, 0.433391171126, 4.53565650203, 
resistor:  1


88.0873214286 172.994669722, 1.96389976352, 0.433330093864, 4.53572778818, 
resistor:  1


88.188452381 173.172764167, 1.96366711844, 0.433273453262, 4.5357880026, 
resistor:  1


88.2896071429 173.349645328, 1.96342073475, 0.433213649604, 4.53585032976, 
resistor:  1


88.3907738095 173.526464077, 1.9631739445, 0.43315360125, 4.53591434808, 
resistor:  1


88.4918333333 173.703443701, 1.96293191312, 0.433094657255, 4.5359781357, 
resistor:  1


88.5928928571 173.879781485, 1.9626831891, 0.433034937589, 4.53603335855, 
resistor:  1


88.694 174.069567725, 1.96258560585, 0.433011480913, 4.53605492661, 
resistor:  1


88.795202381 174.248593678, 1.96236495898, 0.432958475715, 4.53610403972, 
resistor:  1


88.8966071429 174.426496421, 1.96212771249, 0.432901267317, 4.53615909207, 
resistor:  1


88.9979285714 174.602743353, 1.9618742386, 0.432840172201, 4.53621828291, 
resistor:  1


89.0991071429 174.780001894, 1.96163584012, 0.432782908584, 4.53627122933, 
resistor:  1


89.2003333333 174.956295803, 1.96138612116, 0.432722754987, 4.53632897769, 
resistor:  1


89.3015595238 175.132836321, 1.96113972987, 0.432663202719, 4.53638841551, 
resistor:  1


89.4028095238 175.309218825, 1.96089160686, 0.432603716053, 4.53644244464, 
resistor:  1


89.5039404762 175.485728908, 1.96064807845, 0.432544753769, 4.53650212729, 
resistor:  1


89.6050833333 175.661223693, 1.96039350848, 0.432484534729, 4.53654775122, 
resistor:  1


89.7062142857 175.857499139, 1.9603714251, 0.432479443329, 4.53655270704, 
resistor:  1


89.8074166667 176.034977796, 1.9601385312, 0.432422485845, 4.53661672844, 
resistor:  1


89.9086190476 176.212354588, 1.95990502863, 0.432365680131, 4.53667703143, 
resistor:  1


90.0098095238 176.388846728, 1.95966248191, 0.432307005018, 4.53673572562, 
resistor:  1


90.1109880952 176.569194981, 1.95946353173, 0.432258283455, 4.53679159088, 
resistor:  1


90.2121785714 176.743828711, 1.95920142391, 0.432194951678, 4.53685413248, 
resistor:  1


90.313452381 176.916792284, 1.95891960301, 0.432127141988, 4.53692080481, 
resistor:  1


90.41475 177.080909996, 1.95854006118, 0.432036165113, 4.53701506985, 
resistor:  1


90.5161785714 177.234858941, 1.95804619393, 0.431918622609, 4.5371301901, 
resistor:  1


90.6174047619 177.388630001, 1.95755584115, 0.431802708811, 4.5372333779, 
resistor:  1


90.7185833333 177.556378464, 1.95722168424, 0.4317232368, 4.53730539961, 
resistor:  1


90.819797619 177.70996202, 1.95673153519, 0.431606919535, 4.53741530217, 
resistor:  1


90.9209404762 177.863662404, 1.95624529918, 0.43149190064, 4.5375187917, 
resistor:  1


91.0223095238 178.016889113, 1.95575007978, 0.431374038445, 4.53763483425, 
resistor:  1


91.1234880952 178.181198579, 1.95538167275, 0.431287112517, 4.53770880876, 
resistor:  1


91.2245833333 178.358249285, 1.95515553777, 0.43123337439, 4.53775271495, 
resistor:  1


91.325702381 178.517251513, 1.95473176618, 0.431132136599, 4.5378542481, 
resistor:  1


91.4268928571 178.671180609, 1.95425191675, 0.43101796552, 4.53796547707, 
resistor:  1


91.5280357143 178.823807057, 1.9537599126, 0.43090104769, 4.53807849035, 
resistor:  1


91.6291666667 178.979237728, 1.95329985243, 0.430792575174, 4.53817077429, 
resistor:  1


91.7303452381 179.144749181, 1.95294968875, 0.430708500976, 4.53825819989, 
resistor:  1


91.8317380952 179.300726267, 1.95249191604, 0.430599470352, 4.53836402907, 
resistor:  1


91.9333214286 179.455232194, 1.95201510623, 0.43048547165, 4.53848230977, 
resistor:  1


92.0345119048 179.608209793, 1.95153107324, 0.430369737383, 4.53860335261, 
resistor:  1


92.135702381 179.762459966, 1.95106191542, 0.430257643996, 4.53871853605, 
resistor:  1


92.2368214286 179.915829724, 1.95058575239, 0.430143770115, 4.53883751217, 
resistor:  1


92.3379761905 180.069569815, 1.95011388861, 0.430031051905, 4.53895326799, 
resistor:  1


92.4390952381 180.222371914, 1.94963366365, 0.429916299435, 4.53907238556, 
resistor:  1


92.54025 180.376005042, 1.94916271614, 0.429803901449, 4.53918650756, 
resistor:  1


92.6413095238 180.537457765, 1.9487792076, 0.42971297676, 4.53926750036, 
resistor:  1


92.7424285714 180.696903773, 1.94837364684, 0.429616550459, 4.539358234, 
resistor:  1


92.8436071429 180.850668801, 1.94790653192, 0.429505516328, 4.53946526229, 
resistor:  1


92.9447857143 181.003552928, 1.94743095631, 0.429392645785, 4.53957231366, 
resistor:  1


93.0458928571 181.15671061, 1.94696084961, 0.429280911018, 4.539680308, 
resistor:  1


93.1470714286 181.31066157, 1.94649878723, 0.429171205259, 4.53978425297, 
resistor:  1


93.248297619 181.464511378, 1.94603564903, 0.429060989189, 4.53989195596, 
resistor:  1


93.3496666667 181.617620663, 1.94556260508, 0.42894875371, 4.53999831322, 
resistor:  1


93.4509761905 181.771274099, 1.94509764915, 0.428838127546, 4.54010631172, 
resistor:  1


93.5521071429 181.923898408, 1.94462641157, 0.428726685921, 4.54020705886, 
resistor:  1


93.653297619 182.091621317, 1.94431617408, 0.428653121862, 4.54026995499, 
resistor:  1


93.7545 182.257226257, 1.94398376885, 0.428574065461, 4.5403444872, 
resistor:  1


93.8556428571 182.411541849, 1.94353302897, 0.428466079008, 4.54045829934, 
resistor:  1


93.9567619048 182.565174539, 1.94307648367, 0.428357081296, 4.54056939968, 
resistor:  1


94.0579166667 182.718623475, 1.94261822875, 0.428247458713, 4.54068405892, 
resistor:  1


94.1590238095 182.872638364, 1.94216795125, 0.42814006231, 4.54079226653, 
resistor:  1


94.2602142857 183.026675425, 1.94171715831, 0.428032261702, 4.54090432949, 
resistor:  1


94.3613809524 183.179967327, 1.94125992517, 0.427923200107, 4.54101477175, 
resistor:  1


94.4624404762 183.333550096, 1.94080895191, 0.42781537515, 4.54112824424, 
resistor:  1


94.5635238095 183.48722993, 1.94035948047, 0.427708955405, 4.54122376027, 
resistor:  1


94.6645714286 183.654193393, 1.94005202391, 0.427635371268, 4.54129551026, 
resistor:  1


94.7657380952 183.808173853, 1.93960578525, 0.427529415949, 4.5413959723, 
resistor:  1


94.8671071429 183.963293675, 1.93916837158, 0.427425326793, 4.54149781091, 
resistor:  1


94.9684047619 184.119108752, 1.93874067079, 0.427323704797, 4.54159431161, 
resistor:  1


95.0695595238 184.272042697, 1.93828648854, 0.427215906602, 4.54169666637, 
resistor:  1


95.1707738095 184.428295492, 1.93786693235, 0.427117131618, 4.54177867121, 
resistor:  1


95.2719761905 184.581114632, 1.93741246915, 0.427009512948, 4.54187771852, 
resistor:  1


95.3731190476 184.734621716, 1.93696739249, 0.426903822767, 4.54197816088, 
resistor:  1


95.4743690476 184.887913554, 1.93651883116, 0.426797167733, 4.54208159679, 
resistor:  1


95.5754761905 185.040809914, 1.93606997621, 0.426691594599, 4.54216942943, 
resistor:  1


95.6765833333 185.20824338, 1.93577400998, 0.426620627017, 4.54224087406, 
resistor:  1


95.7777738095 185.362249621, 1.93533679317, 0.426516186926, 4.54234810079, 
resistor:  1


95.8791309524 185.516921365, 1.93490407685, 0.426412888687, 4.54245332316, 
resistor:  1


95.9805 185.671242705, 1.93446838374, 0.426308880615, 4.54255917649, 
resistor:  1


96.0816428571 185.825062911, 1.93403294724, 0.426204758535, 4.54266737056, 
resistor:  1


96.1830119048 185.978944988, 1.93359452262, 0.426100097574, 4.54277434229, 
resistor:  1


96.2841071429 186.132762047, 1.93316184332, 0.425996793511, 4.54287957253, 
resistor:  1


96.3854642857 186.293859935, 1.9328003586, 0.425910278094, 4.54296710358, 
resistor:  1


96.4868214286 186.447853711, 1.93236600553, 0.425806475054, 4.54307413747, 
resistor:  1


96.5882619048 186.607083722, 1.93198510918, 0.425716432127, 4.54315263722, 
resistor:  1


96.6893928571 186.770008188, 1.93164940506, 0.425636337671, 4.54322980947, 
resistor:  1


96.7905833333 186.923076681, 1.93121138693, 0.425532345413, 4.54332886645, 
resistor:  1


96.8920238095 187.07851349, 1.93079374477, 0.42543307171, 4.54342416614, 
resistor:  1


96.9931785714 187.231876822, 1.93036128499, 0.425330344282, 4.54352219464, 
resistor:  1


97.0942380952 187.384922995, 1.92992835282, 0.425227554278, 4.54362015515, 
resistor:  1


97.1953452381 187.538146971, 1.92949720495, 0.425125196768, 4.54371750231, 
resistor:  1


97.2963690476 187.691115507, 1.92906598, 0.425022733862, 4.54381600598, 
resistor:  1


97.3974642857 187.8438425, 1.92863175522, 0.424919558583, 4.54391549527, 
resistor:  1


97.4986785714 187.997370053, 1.92820428756, 0.42481804584, 4.5440126118, 
resistor:  1


97.5998214286 188.161508636, 1.92788783711, 0.424743585801, 4.54407016321, 
resistor:  1


97.7009761905 188.317691892, 1.92749038172, 0.424648599345, 4.54416716732, 
resistor:  1


97.8021904762 188.473196825, 1.92708563997, 0.424551880374, 4.54426624164, 
resistor:  1


97.9035 188.626755346, 1.92665997994, 0.424450187395, 4.54437124732, 
resistor:  1


98.0048928571 188.780243429, 1.92623284334, 0.424348193089, 4.54447601569, 
resistor:  1


98.1061190476 188.93453818, 1.92581808367, 0.424249065454, 4.54457821604, 
resistor:  1


98.2073095238 189.087794057, 1.92539430083, 0.424147833066, 4.54468331893, 
resistor:  1


98.3085 189.241502466, 1.92497599359, 0.424047901461, 4.54478550883, 
resistor:  1


98.4096309524 189.395097663, 1.92455856028, 0.423948284855, 4.54488641216, 
resistor:  1


98.5107142857 189.548264975, 1.92413857061, 0.423848472997, 4.54498265533, 
resistor:  1


98.611797619 189.715490774, 1.92386200591, 0.423782487742, 4.54504419568, 
resistor:  1


98.7129285714 189.868255142, 1.92343857982, 0.423681924765, 4.54514065274, 
resistor:  1


98.814047619 190.021752286, 1.92302366784, 0.423583339756, 4.5452351495, 
resistor:  1


98.9151071429 190.17401704, 1.92259830205, 0.423482391355, 4.54533123397, 
resistor:  1


99.01625 190.327425755, 1.92218374009, 0.423383892383, 4.54542623307, 
resistor:  1


99.1175595238 190.480805006, 1.92176649547, 0.423284855618, 4.54551968461, 
resistor:  1


99.2187619048 190.634046326, 1.92135078755, 0.423186032182, 4.54561544904, 
resistor:  1


99.3202142857 190.787927638, 1.92093753532, 0.423087862788, 4.54570933287, 
resistor:  1


99.421702381 190.941726288, 1.92052360516, 0.422989431232, 4.54580491015, 
resistor:  1


99.5229047619 191.093981857, 1.92010052675, 0.422889879259, 4.54588850936, 
resistor:  1


99.6240357143 191.261259296, 1.91983046988, 0.422825531877, 4.54594809038, 
resistor:  1


99.7252261905 191.41486792, 1.91942275022, 0.422728149862, 4.54604806943, 
resistor:  1


99.8263928571 191.568813525, 1.91901969051, 0.422631740548, 4.54614861268, 
resistor:  1


99.927452381 191.721576419, 1.91860766837, 0.422533354958, 4.5462498773, 
resistor:  1


100.028559524 191.875464044, 1.91820680971, 0.42243740073, 4.546350804, 
resistor:  1


100.129738095 192.033794046, 1.91784975872, 0.422351993497, 4.54643834692, 
resistor:  1


100.23077381 192.187747731, 1.91745249914, 0.422256949337, 4.54653761575, 
resistor:  1


100.331833333 192.340743245, 1.91704603469, 0.422159904793, 4.54663721535, 
resistor:  1


100.43297619 192.494475982, 1.91664613838, 0.422064245588, 4.54673715237, 
resistor:  1


100.534214286 192.650333939, 1.91626637068, 0.421974422449, 4.54681711257, 
resistor:  1


100.635309524 192.815423493, 1.91598181995, 0.421906017539, 4.54688792899, 
resistor:  1


100.736440476 192.967789957, 1.9155708604, 0.421808556421, 4.54697998317, 
resistor:  1


100.837785714 193.123450842, 1.91518932584, 0.421717777532, 4.54706799251, 
resistor:  1


100.939166667 193.276290346, 1.91477992863, 0.42162064233, 4.5471601061, 
resistor:  1


101.040309524 193.429671882, 1.91438122858, 0.421525769207, 4.54725303987, 
resistor:  1


101.141678571 193.582894261, 1.91397747195, 0.421429952179, 4.54734399236, 
resistor:  1


101.242797619 193.73646191, 1.91358265937, 0.421335943074, 4.54743669119, 
resistor:  1


101.343940476 193.905744189, 1.91334324753, 0.421278854372, 4.54748802646, 
resistor:  1


101.445011905 194.084533969, 1.91319938087, 0.421244143023, 4.54751829551, 
resistor:  1


101.546071429 194.258475925, 1.91300828473, 0.421198967775, 4.54755135254, 
resistor:  1


101.647142857 194.417945834, 1.9126749692, 0.421119187866, 4.54763290613, 
resistor:  1


101.748202381 194.57108463, 1.91228031628, 0.421024954407, 4.54772969667, 
resistor:  1


101.849297619 194.72471308, 1.91189058376, 0.420931705792, 4.54782760291, 
resistor:  1


101.950392857 194.878075004, 1.91149900988, 0.420838198611, 4.54792350682, 
resistor:  1


102.051642857 195.03193276, 1.91111017226, 0.420745111829, 4.54802173314, 
resistor:  1


102.152714286 195.185355715, 1.91072118915, 0.420652215973, 4.54811724688, 
resistor:  1


102.253845238 195.339332767, 1.91033728181, 0.420560290641, 4.54821422547, 
resistor:  1


102.355190476 195.493074365, 1.90994783416, 0.420467568555, 4.54830573991, 
resistor:  1


102.456559524 195.645998697, 1.90955073649, 0.420373586762, 4.54839149636, 
resistor:  1


102.557738095 195.813578555, 1.90930086985, 0.420314529245, 4.54843891125, 
resistor:  1


102.658904762 195.967010052, 1.90891389799, 0.42022260931, 4.54852681449, 
resistor:  1


102.760297619 196.120817482, 1.90852714546, 0.420131575844, 4.54860302846, 
resistor:  1


102.861357143 196.272989095, 1.90813143582, 0.420038166825, 4.54868536996, 
resistor:  1


102.962428571 196.426159209, 1.90774598011, 0.419947404525, 4.54876174651, 
resistor:  1


103.063571429 196.578868635, 1.90735548856, 0.419855316008, 4.54884155782, 
resistor:  1


103.164785714 196.733176112, 1.90697993264, 0.41976642574, 4.54892199926, 
resistor:  1


103.265916667 196.885453686, 1.90658699444, 0.419672902284, 4.54901478338, 
resistor:  1


103.367047619 197.038607018, 1.90620329744, 0.419581738133, 4.5491028815, 
resistor:  1


103.468119048 197.190727119, 1.9058114609, 0.419489105726, 4.54918641437, 
resistor:  1


103.569202381 197.358125515, 1.90556768786, 0.419431286745, 4.54923515748, 
resistor:  1


103.670261905 197.51107269, 1.90518543178, 0.419339982087, 4.54932946833, 
resistor:  1


103.771392857 197.666448079, 1.90482600875, 0.419253941512, 4.54941957603, 
resistor:  1


103.872738095 197.819873621, 1.90444458526, 0.419162674201, 4.54951572232, 
resistor:  1


103.974095238 197.973847837, 1.90406896433, 0.419072874751, 4.54960906268, 
resistor:  1


104.075285714 198.126763555, 1.90368695311, 0.418981504793, 4.54970503156, 
resistor:  1


104.176488095 198.281200911, 1.90332007285, 0.418893845723, 4.54979511033, 
resistor:  1


104.277702381 198.43430582, 1.9029409096, 0.418803147422, 4.54989059364, 
resistor:  1


104.378809524 198.587840541, 1.90256855244, 0.418714184615, 4.54998222309, 
resistor:  1


104.479964286 198.741354019, 1.90219584566, 0.418625915024, 4.55006301211, 
resistor:  1


104.581 198.908353956, 1.90195498185, 0.418567906605, 4.55012412077, 
resistor:  1


104.682095238 199.062046035, 1.90158637523, 0.418480050673, 4.55021123251, 
resistor:  1


104.783154762 199.214365404, 1.90120602741, 0.418389734953, 4.55029795964, 
resistor:  1


104.884202381 199.367410859, 1.90083355104, 0.418301178611, 4.55038376752, 
resistor:  1


104.985285714 199.519655291, 1.9004535153, 0.418210854373, 4.55047164892, 
resistor:  1


105.086416667 199.672762054, 1.90008155561, 0.418122899568, 4.55055063617, 
resistor:  1


105.187583333 199.825934141, 1.89971028717, 0.418035280714, 4.55062720132, 
resistor:  1


105.288654762 199.979029871, 1.89934072502, 0.417948064723, 4.55070319432, 
resistor:  1


105.389892857 200.131587524, 1.89896376302, 0.417859064385, 4.55078184668, 
resistor:  1


105.49125 200.288301542, 1.89862478207, 0.417779525586, 4.55084406993, 
resistor:  1


105.592440476 200.452236967, 1.89835783758, 0.417715878152, 4.55090530166, 
resistor:  1


105.693845238 200.605972009, 1.89799104723, 0.417628541055, 4.55099109376, 
resistor:  1


105.795071429 200.759129675, 1.89762270552, 0.417540334055, 4.55108522023, 
