time, energy_1, power_1, avg_current_1, avg_voltage_1, 
resistor:  1


0.00072619047619 0.00108396715777, 1.49267608611, 0.328821401127, 4.68598712859, 
resistor:  1


0.102285714286 0.154823174756, 1.51363439007, 0.323353892065, 4.68231184123, 
resistor:  1


0.203583333333 0.30712339679, 1.50858811358, 0.322244621568, 4.68223312393, 
resistor:  1


0.304726190476 0.467940476647, 1.53560964325, 0.328493336927, 4.67601198993, 
resistor:  1


0.405869047619 0.620342603941, 1.52843043238, 0.32687215106, 4.67699199215, 
resistor:  1


0.507214285714 0.774401361935, 1.52677356247, 0.326501122751, 4.67717348074, 
resistor:  1


0.608630952381 0.927423357664, 1.52378605465, 0.325812899221, 4.67778464051, 
resistor:  1


0.709904761905 1.08035884935, 1.52183631851, 0.325363253803, 4.67814762865, 
resistor:  1


0.811023809524 1.23221024152, 1.51932683979, 0.324778543962, 4.67877258367, 
resistor:  1


0.912166666667 1.40975083132, 1.545496983, 0.331131654741, 4.6712598356, 
resistor:  1


1.01322619048 1.56225171131, 1.54185879322, 0.330274771925, 4.67200430036, 
resistor:  1


1.11428571429 1.71379274262, 1.53801912799, 0.329404816456, 4.67238919772, 
resistor:  1


1.21535714286 1.86604409389, 1.53538744134, 0.328821418486, 4.67250439927, 
resistor:  1


1.31663095238 2.01787007077, 1.53260111888, 0.328191253528, 4.67268237243, 
resistor:  1


1.418 2.17079659608, 1.53088617495, 0.327807742831, 4.67272863236, 
resistor:  1


1.51926190476 2.32526074144, 1.53052000721, 0.327736850497, 4.67252767797, 
resistor:  1


1.62045238095 2.47792202565, 1.52915448475, 0.327426472774, 4.67264486497, 
resistor:  1


1.72160714286 2.62940309518, 1.52729564703, 0.327009299881, 4.67282365637, 
resistor:  1


1.82261904762 2.78186518308, 1.52630094957, 0.326783901581, 4.67286864118, 
resistor:  1


1.92370238095 2.94701585385, 1.5319499955, 0.328147173313, 4.67094285363, 
resistor:  1


2.02482142857 3.10031737334, 1.53115594768, 0.327937807291, 4.67140265173, 
resistor:  1


2.12585714286 3.25366193535, 1.53051767673, 0.327771932067, 4.6717471301, 
resistor:  1


2.22688095238 3.40634808714, 1.52964983759, 0.327550846529, 4.67215866348, 
resistor:  1


2.32794047619 3.55928222427, 1.52894039202, 0.327372195847, 4.67245900382, 
resistor:  1


2.42904761905 3.71108444963, 1.52779402945, 0.327084995398, 4.67298552635, 
resistor:  1


2.5301547619 3.86372983972, 1.52707253244, 0.32691161674, 4.67318271742, 
resistor:  1


2.63120238095 4.01661663258, 1.52653275995, 0.32677338918, 4.67344342907, 
resistor:  1


2.73226190476 4.16831928229, 1.52559287052, 0.326546114038, 4.67375913248, 
resistor:  1


2.83353571429 4.3273231477, 1.52718143833, 0.326917978646, 4.67335502657, 
resistor:  1


2.93492857143 4.48885125844, 1.52945843457, 0.327452112098, 4.67278002381, 
resistor:  1


3.03620238095 4.64163553958, 1.52876355301, 0.327296308562, 4.67282195444, 
resistor:  1


3.13733333333 4.79409375726, 1.52807918315, 0.327148718015, 4.67278106506, 
resistor:  1


3.23833333333 4.94536374413, 1.52713239654, 0.32693180563, 4.67293429286, 
resistor:  1


3.3394047619 5.0979535855, 1.52660547282, 0.326819118247, 4.67288629451, 
resistor:  1


3.4405 5.27919005088, 1.53442524368, 0.328717767984, 4.67046646364, 
resistor:  1


3.54160714286 5.47043468037, 1.54461928151, 0.331130896107, 4.66795340704, 
resistor:  1


3.64272619048 5.64452754814, 1.54953385267, 0.332263394591, 4.66691100064, 
resistor:  1


3.74394047619 5.81662387227, 1.55361013597, 0.333202418563, 4.6660077098, 
resistor:  1


3.8450952381 5.99968724444, 1.56034815081, 0.334793997462, 4.66428057481, 
resistor:  1


3.94616666667 6.1868996176, 1.5678252188, 0.336552704207, 4.66249419562, 
resistor:  1


4.04722619048 6.37345364039, 1.57477080362, 0.338173765992, 4.66097391754, 
resistor:  1


4.14826190476 6.54094855037, 1.57679257013, 0.338629672682, 4.66072137038, 
resistor:  1


4.24932142857 6.74608289524, 1.58756709951, 0.341180106028, 4.6583136173, 
resistor:  1


4.35060714286 6.96484144988, 1.60088953592, 0.34433343631, 4.65539373914, 
resistor:  1


4.45196428571 7.19113444791, 1.61527226779, 0.347735298643, 4.65238006116, 
resistor:  1


4.55358333333 7.42120104119, 1.62974969336, 0.351158152865, 4.64939757587, 
resistor:  1


4.65469047619 7.65111108887, 1.64374218393, 0.354459100256, 4.64659263274, 
resistor:  1


4.75586904762 7.88017746671, 1.65693743621, 0.357584239733, 4.64382455348, 
resistor:  1


4.85701190476 8.11079897576, 1.66991539959, 0.360654444345, 4.64115450144, 
resistor:  1


4.9580952381 8.32067421536, 1.67819975531, 0.362599774074, 4.6394006765, 
resistor:  1


5.05914285714 8.53640481277, 1.68732234962, 0.36475364533, 4.63743913168, 
resistor:  1


5.16019047619 8.76884410375, 1.69932566331, 0.36762930973, 4.63472224297, 
resistor:  1


5.26146428571 9.01784590017, 1.71394224316, 0.37113335646, 4.63163550889, 
resistor:  1


5.36266666667 9.26849353649, 1.72833668632, 0.374605181191, 4.62844800831, 
resistor:  1


5.46382142857 9.5169011115, 1.74180310171, 0.377840250587, 4.62555001511, 
resistor:  1


5.56488095238 9.76566021037, 1.75487315792, 0.380966131697, 4.62285044273, 
resistor:  1


5.66602380952 10.0173822283, 1.76797390288, 0.384119922686, 4.62001375964, 
resistor:  1


5.76741666667 10.2649103074, 1.77981077156, 0.38696774952, 4.61740919662, 
resistor:  1


5.86870238095 10.4930081337, 1.78796051538, 0.388893401326, 4.6156979545, 
resistor:  1


5.96988095238 10.7272709471, 1.79689863711, 0.391030691252, 4.61369398772, 
resistor:  1


6.07103571429 10.9538055753, 1.80427295947, 0.392755662912, 4.61228769996, 
resistor:  1


6.17217857143 11.1832330798, 1.81187775926, 0.394543647672, 4.61078638797, 
resistor:  1


6.27321428571 11.4116938108, 1.81911429948, 0.396240433413, 4.60938818762, 
resistor:  1


6.37427380952 11.6377771303, 1.8257416418, 0.397800779842, 4.60802948736, 
resistor:  1


6.47533333333 11.8656421274, 1.83243726873, 0.399372827435, 4.60672239403, 
resistor:  1


6.57641666667 12.0932585013, 1.83888264906, 0.400888138019, 4.60542611083, 
resistor:  1


6.67751190476 12.3147393556, 1.84421076761, 0.40213367775, 4.6043868265, 
resistor:  1


6.77864285714 12.5362979891, 1.8493816909, 0.40334792351, 4.60333891947, 
resistor:  1


6.87978571429 12.7639951146, 1.85528963323, 0.404741044302, 4.60211763812, 
resistor:  1


6.98085714286 12.9896446256, 1.86075210533, 0.406035597308, 4.60091460506, 
resistor:  1


7.08192857143 13.2144675004, 1.86594193476, 0.407264465402, 4.59977629689, 
resistor:  1


7.18296428571 13.4165999008, 1.86783608649, 0.407705962466, 4.59932391487, 
resistor:  1


7.28421428571 13.600674379, 1.86714364041, 0.407527461709, 4.59941392413, 
resistor:  1


7.38547619048 13.7871276677, 1.86678926479, 0.4074387776, 4.59934105722, 
resistor:  1


7.48664285714 13.9737631232, 1.86649255078, 0.407358890804, 4.59930485666, 
resistor:  1


7.58783333333 14.1600002608, 1.86614539866, 0.407269573488, 4.5992593218, 
resistor:  1


7.68896428571 14.3737056218, 1.86939424969, 0.408032925334, 4.59853434189, 
resistor:  1


7.79 14.6032593236, 1.87461608776, 0.409272770311, 4.59740743744, 
resistor:  1


7.89108333333 14.8315527138, 1.87953314992, 0.410439795676, 4.59634054746, 
resistor:  1


7.99223809524 15.060513588, 1.8843925079, 0.411587362205, 4.59534194417, 
resistor:  1


8.09342857143 15.2896102838, 1.88913884256, 0.412702821934, 4.59441919327, 
resistor:  1


8.19457142857 15.517301462, 1.89360744454, 0.413752621186, 4.59354378157, 
resistor:  1


8.29576190476 15.7439563595, 1.89783127098, 0.414746721299, 4.59269021993, 
resistor:  1


8.39678571429 15.9701086233, 1.90193118733, 0.415720326057, 4.59178372873, 
resistor:  1


8.49783333333 16.1948956171, 1.90576762121, 0.416624265159, 4.59099007454, 
resistor:  1


8.59894047619 16.4205114152, 1.90959705567, 0.417526526971, 4.59021562293, 
resistor:  1


8.70002380952 16.6468553134, 1.91342640869, 0.418432639838, 4.58940502235, 
resistor:  1


8.80126190476 16.8656876789, 1.91628062674, 0.419108799466, 4.5887647807, 
resistor:  1


8.90252380952 17.0939903467, 1.92012857392, 0.420014813058, 4.58800601436, 
resistor:  1


9.00371428571 17.3192991782, 1.92357271995, 0.420833257926, 4.58722372203, 
resistor:  1


9.10526190476 17.5490830373, 1.92735620577, 0.421740484243, 4.5863251324, 
resistor:  1


9.20645238095 17.7807076936, 1.93133108801, 0.422698306961, 4.58535873283, 
resistor:  1


9.3075952381 18.008609262, 1.93482943782, 0.423537078803, 4.58452172494, 
resistor:  1


9.4086547619 18.2344513435, 1.93805084839, 0.424309568693, 4.58373934626, 
resistor:  1


9.50973809524 18.4604051497, 1.9412106795, 0.425070501872, 4.58294315337, 
resistor:  1


9.61082142857 18.6850196808, 1.94416469182, 0.425777100291, 4.58223000783, 
resistor:  1


9.71188095238 18.9118773371, 1.94729295281, 0.426530227391, 4.58144746937, 
resistor:  1


9.81291666667 19.1362352913, 1.95010677675, 0.427199431268, 4.58080554283, 
resistor:  1


9.91397619048 19.3608798016, 1.95288746206, 0.42785404458, 4.58023357133, 
resistor:  1


10.0150833333 19.5863027685, 1.95568045883, 0.428506602732, 4.5797064328, 
resistor:  1


10.1161428571 19.8188524016, 1.95913132915, 0.429315175635, 4.57908153665, 
resistor:  1


10.2172261905 20.0627920315, 1.96362414392, 0.430381093125, 4.5782535204, 
resistor:  1


10.3184761905 20.318243057, 1.96911275289, 0.43170919074, 4.57709510554, 
resistor:  1


10.419797619 20.5583871195, 1.97301213239, 0.432633017229, 4.57635803166, 
resistor:  1


10.5209761905 20.8083865331, 1.97779998323, 0.433786285951, 4.57536443923, 
resistor:  1


10.622202381 21.0444352799, 1.98117438599, 0.434578871192, 4.57478042242, 
resistor:  1


10.7233571429 21.2942988306, 1.98578659154, 0.435688770812, 4.57383046872, 
resistor:  1


10.8245238095 21.5331015138, 1.9892885722, 0.436521473656, 4.57314720126, 
resistor:  1


10.9255952381 21.7481862569, 1.99057220984, 0.436816147678, 4.57288250551, 
resistor:  1


11.0266428571 21.977613744, 1.99313735184, 0.43742664948, 4.57232655538, 
resistor:  1


11.1276547619 22.2035032849, 1.9953443704, 0.437948234815, 4.571850686, 
resistor:  1


11.22875 22.4303223249, 1.99757963486, 0.438476724015, 4.57137062778, 
resistor:  1


11.329952381 22.6586837747, 1.99989223369, 0.439026754432, 4.57085259453, 
resistor:  1


11.4310952381 22.8833247727, 2.00184884266, 0.439486640548, 4.57044629003, 
resistor:  1


11.5322619048 23.1078967531, 2.00376100924, 0.439940984761, 4.56999959192, 
resistor:  1


11.633297619 23.3336664354, 2.00576545013, 0.440412859933, 4.56959033821, 
resistor:  1


11.7343571429 23.5587027425, 2.00766880159, 0.440863609654, 4.56915628508, 
resistor:  1


11.8356309524 23.7844588064, 2.00956407834, 0.441311461084, 4.56874300361, 
resistor:  1


11.9370119048 24.0110444742, 2.0114786402, 0.441765236587, 4.56831673076, 
resistor:  1


12.0381785714 24.2368490271, 2.01333190759, 0.442192330822, 4.56801517821, 
resistor:  1


12.1393333333 24.4641250031, 2.01527747294, 0.442645740076, 4.56765971673, 
resistor:  1


12.2405119048 24.6906005511, 2.01712156675, 0.443071993972, 4.56735093279, 
resistor:  1


12.3415714286 24.9116475392, 2.01851503946, 0.443396011778, 4.56708194424, 
resistor:  1


12.4426190476 25.1401341748, 2.0204857256, 0.443853502563, 4.56674491634, 
resistor:  1


12.5436785714 25.3678316341, 2.02235982767, 0.444290407143, 4.56640429116, 
resistor:  1


12.64475 25.5946121923, 2.02412955514, 0.44469974415, 4.56610804584, 
resistor:  1


12.7457857143 25.8215180893, 2.02588672587, 0.445109511698, 4.56578457601, 
resistor:  1


12.8469047619 26.0473767448, 2.02752158809, 0.445488345592, 4.56550031847, 
resistor:  1


12.9479642857 26.2742608751, 2.02921944295, 0.44588657603, 4.56516529672, 
resistor:  1


13.0490595238 26.5026815202, 2.03100319007, 0.446307175467, 4.56480113265, 
resistor:  1


13.1501071429 26.727456378, 2.03248962823, 0.446658751518, 4.56447142413, 
resistor:  1


13.2513809524 26.9550940127, 2.03413471468, 0.447046475014, 4.56413623586, 
resistor:  1


13.3527380952 27.1829336771, 2.03575727189, 0.447431496208, 4.56377317994, 
resistor:  1


13.4538809524 27.4095254072, 2.03729507524, 0.447791220431, 4.56347469384, 
resistor:  1


13.5550238095 27.6396017089, 2.03906699813, 0.44821071288, 4.56310456593, 
resistor:  1


13.6561904762 27.870656555, 2.04088077151, 0.448638610904, 4.56274212513, 
resistor:  1


13.7575119048 28.1011707611, 2.0426055929, 0.449045761022, 4.56239100711, 
resistor:  1


13.8586071429 28.3282647952, 2.04409176934, 0.449397228154, 4.56207242611, 
resistor:  1


13.9596785714 28.5527905314, 2.04537592935, 0.449697748596, 4.56181513505, 
resistor:  1


14.06075 28.77817355, 2.04670259766, 0.450005584772, 4.56157968706, 
resistor:  1


14.1618571429 28.9986895775, 2.04766149559, 0.450227697526, 4.56140404421, 
resistor:  1


14.263047619 29.2265475404, 2.0491095817, 0.450562793845, 4.56116267099, 
resistor:  1


14.3642738095 29.453986121, 2.05050297088, 0.45088596436, 4.56092297125, 
resistor:  1


14.4653809524 29.6815284277, 2.05190091609, 0.451209798168, 4.56068706971, 
resistor:  1


14.5665238095 29.9098640821, 2.05332888431, 0.451542243472, 4.56044009854, 
resistor:  1


14.6677738095 30.1368777663, 2.0546320224, 0.451842006362, 4.56022992592, 
resistor:  1


14.7690714286 30.3670968116, 2.05612769621, 0.452191359502, 4.55996029139, 
resistor:  1


14.8704166667 30.5969008072, 2.05756849273, 0.452525580767, 4.55971967489, 
resistor:  1


14.9715952381 30.8247019564, 2.05887892814, 0.452833960514, 4.55945417655, 
resistor:  1


15.0728571429 31.0520391046, 2.06012959655, 0.453129512124, 4.55918655287, 
resistor:  1


15.1742142857 31.2802791856, 2.06141013938, 0.453433637375, 4.55890343884, 
resistor:  1


15.2756190476 31.5079161531, 2.06262777665, 0.45372112611, 4.55864499976, 
resistor:  1


15.3768571429 31.7337620384, 2.0637352447, 0.453983171603, 4.55839886596, 
resistor:  1


15.4780119048 31.9596348391, 2.06484108138, 0.454244425644, 4.55815953916, 
resistor:  1


15.579202381 32.1841694795, 2.06584192775, 0.454480727804, 4.55793706232, 
resistor:  1


15.6803452381 32.4098040872, 2.06690628268, 0.454732422354, 4.55770263854, 
resistor:  1


15.7815119048 32.6364086142, 2.06801533409, 0.45499374757, 4.55747197649, 
resistor:  1


15.8825833333 32.8592825935, 2.06888778128, 0.45519937123, 4.557275907, 
resistor:  1


15.9836785714 33.084537335, 2.06989506121, 0.45543230448, 4.55710103925, 
resistor:  1


16.08475 33.3118416232, 2.0710201665, 0.455692977552, 4.55691129799, 
resistor:  1


16.1858333333 33.5380133011, 2.07205972102, 0.455934153452, 4.5567275349, 
resistor:  1


16.2870952381 33.7669069342, 2.07323076586, 0.456206462782, 4.55652559812, 
resistor:  1


16.3884166667 33.9934883602, 2.074238717, 0.456439490057, 4.55635419404, 
resistor:  1


16.4897380952 34.2210440499, 2.07529336441, 0.45668498169, 4.55616723326, 
resistor:  1


16.5910952381 34.4534115942, 2.07662068717, 0.456997801179, 4.55592104701, 
resistor:  1


16.6922857143 34.6801335445, 2.0776144225, 0.457229169472, 4.55573645367, 
resistor:  1


16.7934166667 34.9065550149, 2.07858565697, 0.457453676052, 4.55557205435, 
resistor:  1


16.8946071429 35.1337149065, 2.07958164457, 0.457685455979, 4.55539308828, 
resistor:  1


16.9958095238 35.3478344688, 2.07979704758, 0.457732513287, 4.55533186525, 
resistor:  1


17.0969404762 35.5740659376, 2.08072701587, 0.457956166124, 4.55509502431, 
resistor:  1


17.1980357143 35.7980659015, 2.08152061643, 0.458145083468, 4.55490138269, 
resistor:  1


17.2993452381 36.0194628341, 2.08212867819, 0.4582864422, 4.55477336911, 
resistor:  1


17.4006190476 36.2463361128, 2.08304865555, 0.458503495277, 4.55457897721, 
resistor:  1


17.5019642857 36.474826177, 2.08404185847, 0.4587397321, 4.55435751472, 
resistor:  1


17.6032619048 36.6935540064, 2.08447469594, 0.458838974623, 4.55427712416, 
resistor:  1


17.7044404762 36.9189051446, 2.08529070401, 0.459034062262, 4.55407864865, 
resistor:  1


17.8057619048 37.1456227859, 2.08615744637, 0.459238330284, 4.55389663543, 
resistor:  1


17.9073214286 37.3756920144, 2.08717379445, 0.459480401868, 4.55366960151, 
resistor:  1


18.0086309524 37.6069691499, 2.08827474167, 0.45973653222, 4.55348917006, 
resistor:  1


18.1098333333 37.8336335372, 2.08912102286, 0.459931811565, 4.55334774232, 
resistor:  1


18.2110238095 38.0604170834, 2.08996580761, 0.460126759169, 4.5532127063, 
resistor:  1


18.3125833333 38.2890688623, 2.09086113987, 0.460334742022, 4.55306046159, 
resistor:  1


18.4140714286 38.5162667597, 2.09167575509, 0.460521577835, 4.55293102792, 
resistor:  1


18.5154047619 38.7432138336, 2.09248538348, 0.460709702622, 4.55278612271, 
resistor:  1


18.6168095238 38.9712238979, 2.093335265, 0.460906778671, 4.55264157199, 
resistor:  1


18.7182380952 39.1984699953, 2.09413246032, 0.461090777007, 4.55251127479, 
resistor:  1


18.8194761905 39.4279850219, 2.09506282868, 0.461307262448, 4.55235260509, 
resistor:  1


18.9207619048 39.6543242785, 2.09581012002, 0.461481043216, 4.55221486157, 
resistor:  1


19.0221547619 39.8818317855, 2.09659905961, 0.461667668527, 4.55204426173, 
resistor:  1


19.1233809524 40.1126452283, 2.09757078668, 0.461898380379, 4.55183888859, 
resistor:  1


19.224797619 40.3358459376, 2.09811550357, 0.462027820318, 4.55170007957, 
resistor:  1


19.3260595238 40.560146542, 2.09872822197, 0.462174226011, 4.55154783269, 
resistor:  1


19.4274285714 40.7799930222, 2.09909370519, 0.462260136575, 4.55145931777, 
resistor:  1


19.5287142857 41.0052912077, 2.09974351654, 0.462415222743, 4.55130089336, 
resistor:  1


19.6301190476 41.2330972132, 2.10050163798, 0.462594684508, 4.55113700746, 
resistor:  1


19.7313571429 41.4587396268, 2.10116006348, 0.462751588603, 4.5509793737, 
resistor:  1


19.832452381 41.6824235912, 2.10172815699, 0.462885626024, 4.55085005143, 
resistor:  1


19.9336428571 41.9065613781, 2.10230321063, 0.463022381905, 4.55071138318, 
resistor:  1


20.0347738095 42.1270421066, 2.10269616753, 0.463110007269, 4.5506556006, 
resistor:  1


20.1359642857 42.3523608624, 2.1033192283, 0.463255998257, 4.55053078856, 
resistor:  1


20.2372142857 42.5836316174, 2.10422398143, 0.463465631188, 4.55038810846, 
resistor:  1


20.3385119048 42.814249904, 2.10508271719, 0.463666450856, 4.55023499411, 
resistor:  1


20.4398690476 43.0419983124, 2.10578640265, 0.46382880825, 4.55012258851, 
resistor:  1


20.5410357143 43.2694431085, 2.10648789625, 0.4639922755, 4.54999583447, 
resistor:  1


20.64225 43.4958126655, 2.10712556362, 0.464139368881, 4.54989148669, 
resistor:  1


20.7435833333 43.7215739572, 2.1077155887, 0.464275531804, 4.54979115011, 
resistor:  1


20.8449166667 43.94374793, 2.10812778159, 0.464367822149, 4.54973387949, 
resistor:  1


20.9461666667 44.1699341264, 2.1087359243, 0.464512040401, 4.54959600772, 
resistor:  1


21.0473452381 44.3961189803, 2.10934531068, 0.46465626722, 4.54946183191, 
resistor:  1


21.1484880952 44.6071844471, 2.10923751363, 0.464630721238, 4.54944958221, 
resistor:  1


21.2495595238 44.8335206327, 2.10985646937, 0.464776990421, 4.54931606294, 
resistor:  1


21.3506666667 45.057768217, 2.110368211, 0.464898533587, 4.54919330789, 
resistor:  1


21.4518571429 45.286029567, 2.11105403441, 0.465062915974, 4.54903252609, 
resistor:  1


21.5530714286 45.5138557758, 2.1117108959, 0.465218955635, 4.54888442064, 
resistor:  1


21.654202381 45.7397828949, 2.11228204532, 0.465354034808, 4.54875882324, 
resistor:  1


21.7552857143 45.9666602042, 2.11289618568, 0.46550013169, 4.54861927877, 
resistor:  1


21.8564047619 46.1940198424, 2.11352325992, 0.465648827121, 4.54848316951, 
resistor:  1


21.9575952381 46.4182041675, 2.11399307001, 0.465760217499, 4.54837764109, 
resistor:  1


22.05875 46.6462514938, 2.11463711651, 0.465908850035, 4.54827706434, 
resistor:  1


22.1600595238 46.8734101271, 2.11522040709, 0.466042899468, 4.54818737588, 
resistor:  1


22.2613809524 47.1017635861, 2.11585092977, 0.466188816638, 4.54808625688, 
resistor:  1


22.3626785714 47.3327550391, 2.11659595642, 0.466362294199, 4.54795927127, 
resistor:  1


22.4638452381 47.5578859953, 2.11708572113, 0.466471813717, 4.54790752394, 
resistor:  1


22.5650595238 47.7854906183, 2.11767624933, 0.466610162334, 4.5477940509, 
resistor:  1


22.6663095238 48.0178646839, 2.11846858588, 0.466796768879, 4.54765420375, 
resistor:  1


22.7674047619 48.2462701284, 2.11909396934, 0.466942453056, 4.54754906594, 
resistor:  1


22.8685952381 48.4699588618, 2.11949874302, 0.467036665032, 4.54748329202, 
resistor:  1


22.970047619 48.6988703192, 2.12010315028, 0.467179995767, 4.54735820202, 
resistor:  1


23.07125 48.9286676949, 2.12076362117, 0.46733740305, 4.54721738229, 
resistor:  1


23.1724285714 49.1586512994, 2.12142853943, 0.46749709714, 4.5470643724, 
resistor:  1


23.2735952381 49.3873979675, 2.12203561428, 0.467642729775, 4.54692419897, 
resistor:  1


23.3746666667 49.6195940562, 2.12279365365, 0.467823357441, 4.5467647998, 
resistor:  1


23.475797619 49.8498662834, 2.12345783059, 0.467983400713, 4.54660893996, 
resistor:  1


23.5770833333 50.07980974, 2.1240884223, 0.468132605499, 4.54648084, 
resistor:  1


23.6782738095 50.3097239525, 2.12472093013, 0.468284592007, 4.54633433256, 
resistor:  1


23.7796428571 50.5390452745, 2.12530716202, 0.468427612934, 4.54617771328, 
resistor:  1


23.881 50.7691019222, 2.12592026809, 0.468579316542, 4.54599569607, 
resistor:  1


23.9821904762 50.998730051, 2.1265251021, 0.468723343896, 4.54586761925, 
resistor:  1


24.0832738095 51.2272129419, 2.1270867635, 0.468859130333, 4.54572785579, 
resistor:  1


24.1843333333 51.4581144029, 2.12774583007, 0.469018012346, 4.54557491515, 
resistor:  1


24.2858571429 51.6852944228, 2.12820548679, 0.469123732866, 4.54550799431, 
resistor:  1


24.3869880952 51.9157382778, 2.12882944278, 0.469269272142, 4.54540316993, 
resistor:  1


24.4882380952 52.1494242997, 2.1295702899, 0.469444502084, 4.54526680607, 
resistor:  1


24.5896190476 52.3740627726, 2.1299257492, 0.469526183905, 4.54521432302, 
resistor:  1


24.6907857143 52.6031609759, 2.13047740095, 0.469655602799, 4.54511169631, 
resistor:  1


24.7919166667 52.8341690429, 2.13110465614, 0.469802377171, 4.54500549065, 
resistor:  1


24.8931071429 53.0625605201, 2.13161660437, 0.469921526271, 4.54491864411, 
resistor:  1


24.9944285714 53.2941648655, 2.13224177993, 0.470070354937, 4.54479024201, 
resistor:  1


25.0955952381 53.5245413415, 2.13282613278, 0.470211753724, 4.54464450763, 
resistor:  1


25.1967619048 53.7503625565, 2.13322500565, 0.470306778937, 4.54454867134, 
resistor:  1


25.2981071429 53.9763124587, 2.13361071458, 0.470398080104, 4.54446012242, 
resistor:  1


25.399452381 54.1999916035, 2.1339039437, 0.47046665387, 4.54439399717, 
resistor:  1


25.5009047619 54.4290277822, 2.13439594753, 0.470585104269, 4.54427403995, 
resistor:  1


25.6023095238 54.6588131336, 2.13491728482, 0.470708136878, 4.54416790248, 
resistor:  1


25.7035119048 54.8760214438, 2.13496201014, 0.470719098399, 4.54412777149, 
resistor:  1


25.8046309524 55.0998410333, 2.13526948457, 0.470792317065, 4.54405044037, 
resistor:  1


25.9060595238 55.3248517661, 2.13559502229, 0.470870314761, 4.5439681854, 
resistor:  1


26.0075714286 55.5555248349, 2.13612889568, 0.470994090502, 4.54388381971, 
resistor:  1


26.10875 55.7856229728, 2.13666387601, 0.471118791342, 4.54379449164, 
resistor:  1


26.2099285714 56.0165966359, 2.1372281303, 0.471250205086, 4.54370359306, 
resistor:  1


26.3112261905 56.2447223464, 2.13767013134, 0.471353682364, 4.5436204842, 
resistor:  1


26.4125357143 56.4605730969, 2.13764303843, 0.471343825193, 4.54363710646, 
resistor:  1


26.5138928571 56.6871541161, 2.13801701702, 0.471430726407, 4.54356916265, 
resistor:  1


26.6150833333 56.9192877387, 2.13861016424, 0.471568791878, 4.54347536702, 
resistor:  1


26.7162380952 57.1502780163, 2.13915888205, 0.471697663031, 4.54337716633, 
resistor:  1


26.8175952381 57.3800185997, 2.13964071313, 0.471808648071, 4.54330717489, 
resistor:  1


26.9189404762 57.6103247011, 2.14014087041, 0.471926850743, 4.54321283005, 
resistor:  1


27.0201190476 57.8407422646, 2.14065460491, 0.472049706454, 4.54310098774, 
resistor:  1


27.1212738095 58.0680728508, 2.14105256481, 0.472145257905, 4.54300672565, 
resistor:  1


27.2224285714 58.2972892453, 2.14151684124, 0.472255597729, 4.54290801432, 
resistor:  1


27.3235 58.5243906292, 2.14190680657, 0.472350138992, 4.54280381663, 
resistor:  1


27.4245714286 58.7502793562, 2.14224967961, 0.4724310413, 4.54273159892, 
resistor:  1


27.5260357143 58.9810862477, 2.14273812836, 0.472549467979, 4.54261108208, 
resistor:  1


27.6274285714 59.2110383428, 2.14319759039, 0.47265851561, 4.54251694427, 
resistor:  1


27.7287380952 59.4421674383, 2.14370258156, 0.472780313864, 4.54239672688, 
resistor:  1


27.8300119048 59.6756733053, 2.14429205095, 0.472921078195, 4.54227375576, 
resistor:  1


27.9312142857 59.903216781, 2.14466926386, 0.47301028222, 4.54219629847, 
resistor:  1


28.0323928571 60.1316772142, 2.14507828571, 0.473106094795, 4.54212228788, 
resistor:  1


28.1335833333 60.3531309628, 2.14523440714, 0.47314174465, 4.54209717985, 
resistor:  1


28.2348452381 60.5828174248, 2.14567556202, 0.473244573436, 4.54202372274, 
resistor:  1


28.3363452381 60.8119549352, 2.14607615853, 0.473338741008, 4.54194816234, 
resistor:  1


28.4377738095 61.0395013487, 2.1464233367, 0.473417391775, 4.54190621751, 
resistor:  1


28.5388690476 61.2672856866, 2.14680145819, 0.473506153065, 4.54183575639, 
resistor:  1


28.6400595238 61.5000529733, 2.14734375542, 0.473633187941, 4.54174661233, 
resistor:  1


28.7412619048 61.7286781022, 2.14773722555, 0.473726324318, 4.54166898072, 
resistor:  1


28.8424761905 61.9603750899, 2.14823355251, 0.473845863782, 4.54155344101, 
resistor:  1


28.9439642857 62.1913620295, 2.14868154948, 0.473956635902, 4.54142278321, 
resistor:  1


29.0451071429 62.4193749609, 2.1490495681, 0.474047966389, 4.54130737326, 
resistor:  1


29.1464047619 62.6484010274, 2.14943837977, 0.474145137149, 4.5411816383, 
resistor:  1


29.247547619 62.8772657589, 2.14983035767, 0.474240435838, 4.54107984324, 
resistor:  1


29.3486309524 63.1054296933, 2.15020011651, 0.474331604995, 4.54097108999, 
resistor:  1


29.449702381 63.3356297133, 2.15063734411, 0.474439872257, 4.54084312492, 
resistor:  1


29.5507619048 63.5643098274, 2.15102101368, 0.474534699991, 4.54072840099, 
resistor:  1


29.6518095238 63.794031609, 2.15143806174, 0.474638294048, 4.5406024944, 
resistor:  1


29.7530833333 64.0204278462, 2.15172414667, 0.474707271165, 4.5405260463, 
resistor:  1


29.8546666667 64.24572681, 2.15194922547, 0.474762294708, 4.54045568409, 
resistor:  1


29.9559404762 64.47523518, 2.15233553529, 0.474856753519, 4.54035040533, 
resistor:  1


30.0570595238 64.7035240504, 2.15268975327, 0.474939666155, 4.5402860057, 
resistor:  1


30.1581785714 64.9492523475, 2.15361986115, 0.47516593429, 4.54009323997, 
resistor:  1


30.259297619 65.2015285047, 2.15476014432, 0.475444573162, 4.53984834016, 
resistor:  1


30.360452381 65.4335288675, 2.15522246001, 0.475553440277, 4.53976588475, 
resistor:  1


30.4615 65.662783004, 2.15559913346, 0.475641771696, 4.53969704997, 
resistor:  1


30.5625952381 65.8929935572, 2.15600125067, 0.475735974273, 4.53962530732, 
resistor:  1


30.6637619048 66.120727335, 2.15631492119, 0.475808589781, 4.53957395425, 
resistor:  1


30.7648571429 66.3502766725, 2.15669055001, 0.475896036588, 4.53951132269, 
resistor:  1


30.8659880952 66.5829484988, 2.15716238513, 0.476007162709, 4.53942721257, 
resistor:  1


30.9671309524 66.8157542655, 2.15763463423, 0.476117412747, 4.53935056942, 
resistor:  1


31.0681309524 67.0478308364, 2.15809026102, 0.476228139091, 4.53923828288, 
resistor:  1


31.16925 67.2769945799, 2.15844123872, 0.476311511267, 4.53916277026, 
resistor:  1


31.2705119048 67.5060238805, 2.15877578487, 0.476390989065, 4.53908968101, 
resistor:  1


31.3719404762 67.735075856, 2.15909742362, 0.476467564013, 4.53902029101, 
resistor:  1


31.4731428571 67.9631708491, 2.15940210222, 0.476540392791, 4.53894993713, 
resistor:  1


31.5743333333 68.1879285626, 2.15959994603, 0.476587913621, 4.53889961538, 
resistor:  1


31.6755238095 68.4107208439, 2.15973447686, 0.476620837514, 4.53885377776, 
resistor:  1


31.7766904762 68.6383757281, 2.16002279342, 0.476689042611, 4.53879179866, 
resistor:  1


31.877797619 68.8678569869, 2.16037060684, 0.476772154802, 4.53871500355, 
resistor:  1


31.9789404762 69.1013841162, 2.16084032452, 0.476882599875, 4.53863532882, 
resistor:  1


32.0803095238 69.3339898598, 2.16126312024, 0.476981421926, 4.53856424401, 
resistor:  1


32.1819047619 69.5688545174, 2.16173825111, 0.477092231402, 4.53849136404, 
resistor:  1


32.2831071429 69.8010251664, 2.16215325426, 0.477189583703, 4.53842056951, 
resistor:  1


32.3842380952 70.0314074176, 2.16251520915, 0.477273098205, 4.53836885844, 
resistor:  1


32.4853690476 70.2599173033, 2.16281727323, 0.47734274333, 4.53832149706, 
resistor:  1


32.5865595238 70.4877152367, 2.16309166315, 0.477405417759, 4.53828315381, 
resistor:  1


32.68775 70.7199962594, 2.16350150315, 0.477501873599, 4.53821223133, 
resistor:  1


32.7891428571 70.9507256894, 2.16384813713, 0.477582117383, 4.53815930552, 
resistor:  1


32.8906428571 71.181784903, 2.16419561065, 0.47766343669, 4.5380983007, 
resistor:  1


32.9918333333 71.4133737067, 2.1645773057, 0.477754993032, 4.53801572444, 
resistor:  1


33.0929761905 71.6446711344, 2.16495097697, 0.477844780372, 4.53793236343, 
resistor:  1


33.1941309524 71.8766467066, 2.16534202416, 0.47793775348, 4.53785382788, 
resistor:  1


33.2952619048 72.1009173666, 2.1655008323, 0.477980495949, 4.53777022849, 
resistor:  1


33.3964285714 72.3279866104, 2.16574016158, 0.478041263656, 4.53768232195, 
resistor:  1


33.4975595238 72.5563426623, 2.16601876954, 0.478113470833, 4.53756844211, 
resistor:  1


33.5986904762 72.7839456891, 2.16627328796, 0.4781778338, 4.53747571786, 
resistor:  1


33.69975 73.0127541064, 2.16656663941, 0.478254397458, 4.53735205662, 
resistor:  1


33.8008214286 73.2426515281, 2.1668896918, 0.478338053745, 4.53722358845, 
resistor:  1


33.9018928571 73.4715719673, 2.16718200004, 0.478412998766, 4.53711158874, 
resistor:  1


34.0030238095 73.6995139628, 2.16744000109, 0.478474017632, 4.53705735733, 
resistor:  1


34.1041785714 73.9313115839, 2.167808013, 0.478563383466, 4.53696767011, 
resistor:  1


34.2052738095 74.1603727584, 2.1680976206, 0.478632601549, 4.53690240052, 
resistor:  1


34.3068333333 74.3958033715, 2.1685418368, 0.478740176071, 4.53680052723, 
resistor:  1


34.4082738095 74.6257826486, 2.16883250411, 0.478809371744, 4.53673865143, 
resistor:  1


34.5095595238 74.8545047707, 2.16909476109, 0.47887324109, 4.53666787896, 
resistor:  1


34.6106666667 75.0832321664, 2.16936682814, 0.478938875343, 4.53660074322, 
resistor:  1


34.7119047619 75.3135338842, 2.16967447914, 0.479014905188, 4.53651226136, 
resistor:  1


34.8130952381 75.5424574009, 2.16994372044, 0.479080656989, 4.53643920477, 
resistor:  1


34.9142738095 75.7723043146, 2.17023858861, 0.479153158684, 4.53635578911, 
resistor:  1


35.0155119048 75.9941045035, 2.17029825839, 0.479167155606, 4.53633392879, 
resistor:  1


35.1168214286 76.2277777694, 2.17069127183, 0.479264577269, 4.536227361, 
resistor:  1


35.2182857143 76.4723486126, 2.17138191316, 0.479431515889, 4.53608845476, 
resistor:  1


35.3195714286 76.7257034442, 2.17232826846, 0.479666786603, 4.53585813813, 
resistor:  1


35.4207857143 76.9802573977, 2.17330744774, 0.479908631221, 4.53563377932, 
resistor:  1


35.5219166667 77.2295959069, 2.17413932451, 0.480115226763, 4.53543081336, 
resistor:  1


35.6230714286 77.4703321432, 2.17472354394, 0.48025681859, 4.53530585181, 
resistor:  1


35.7241785714 77.7169134542, 2.17547097126, 0.480439624181, 4.53514254286, 
resistor:  1


35.825547619 77.9645168056, 2.17622679867, 0.480624905126, 4.53497362266, 
resistor:  1


35.9269047619 78.2007190339, 2.17666174006, 0.480729451182, 4.5348824945, 
resistor:  1


36.0280357143 78.4372528728, 2.17711710666, 0.480836899667, 4.53480716933, 
resistor:  1


36.1291547619 78.6671044384, 2.17738568635, 0.480899453497, 4.53476135156, 
resistor:  1


36.2305 78.8976740364, 2.17765898998, 0.480963350844, 4.5347137215, 
resistor:  1


36.3316071429 79.1278181106, 2.1779333295, 0.481028109018, 4.53466041523, 
resistor:  1


36.432797619 79.3612413978, 2.17829117126, 0.481112038365, 4.53460127234, 
resistor:  1


36.5339642857 79.5952610527, 2.17866477424, 0.481200659943, 4.53453086827, 
resistor:  1


36.6350595238 79.8283153239, 2.17901421102, 0.481282061646, 4.53447576046, 
resistor:  1


36.7364285714 80.0519270694, 2.1790884466, 0.481298927637, 4.53446411765, 
resistor:  1


36.8376071429 80.2788255267, 2.17926276306, 0.481339597041, 4.53443182253, 
resistor:  1


36.9388214286 80.5015719663, 2.17932161485, 0.481353780827, 4.53440322568, 
resistor:  1


37.0399642857 80.7222922599, 2.17932964614, 0.481356655413, 4.53438411828, 
resistor:  1


37.1412619048 80.9119453714, 2.17849209267, 0.481156756938, 4.53454039385, 
resistor:  1


37.2425238095 81.0990427987, 2.17759256095, 0.480943204513, 4.53470051722, 
resistor:  1


37.3439285714 81.2910241309, 2.17682036252, 0.480759269288, 4.53483724189, 
resistor:  1


37.4451785714 81.5186326104, 2.17701278831, 0.480807077285, 4.53477479205, 
resistor:  1


37.5463214286 81.749977044, 2.17730989172, 0.4808791638, 4.534700483, 
resistor:  1


37.6474642857 81.9827743894, 2.1776439913, 0.480959240012, 4.53462813886, 
resistor:  1


37.7485357143 82.2170886511, 2.1780206065, 0.48104998984, 4.53454560913, 
resistor:  1


37.8497142857 82.4445255596, 2.17820734226, 0.481094324276, 4.53450337462, 
resistor:  1


37.9508452381 82.6708928267, 2.17836763076, 0.481130567271, 4.53447981127, 
resistor:  1


38.0520357143 82.900486758, 2.17860845555, 0.481186373033, 4.53444303639, 
resistor:  1


38.1532380952 83.1316516235, 2.17888849738, 0.48125135545, 4.53440092354, 
resistor:  1


38.2545595238 83.364659747, 2.17920845998, 0.481328601875, 4.53432844662, 
resistor:  1


38.3559285714 83.5956972371, 2.1794726487, 0.481393420745, 4.53425826053, 
resistor:  1


38.4571547619 83.8260348487, 2.17972534286, 0.481454371971, 4.53419511527, 
resistor:  1


38.5583452381 84.0568001368, 2.17998982108, 0.481515286804, 4.53415892413, 
resistor:  1


38.6593809524 84.2795575604, 2.18005450383, 0.481528506797, 4.53415992342, 
resistor:  1


38.760702381 84.5105127748, 2.18031427667, 0.481588697738, 4.53412017878, 
resistor:  1


38.8620595238 84.7445290389, 2.18064945804, 0.481667164844, 4.53406483357, 
resistor:  1


38.9632261905 84.975942063, 2.18092674481, 0.481733187024, 4.53400709157, 
resistor:  1


39.0643571429 85.2056458617, 2.18116083544, 0.481790087448, 4.53394677, 
resistor:  1


39.1655 85.4348558002, 2.18138044453, 0.481842495476, 4.53389737788, 
resistor:  1


39.2666309524 85.6633579685, 2.18158155897, 0.481890898028, 4.53384702694, 
resistor:  1


39.3677857143 85.8929512523, 2.18180803654, 0.481944726388, 4.53379902057, 
resistor:  1


39.4688571429 86.1228309037, 2.18204521585, 0.482002652295, 4.53373585147, 
resistor:  1


39.5699404762 86.3524398384, 2.18227368551, 0.482056867279, 4.53368731167, 
resistor:  1


39.6710238095 86.5822826566, 2.18250688644, 0.482113711181, 4.53362598611, 
resistor:  1


39.7722380952 86.8123669451, 2.18273778652, 0.482168335357, 4.53357940069, 
resistor:  1


39.8733690476 87.0413140139, 2.18294355588, 0.482217961226, 4.53352802587, 
resistor:  1


39.9746428571 87.275323249, 2.18326711663, 0.482292973618, 4.53348174052, 
resistor:  1


40.0760238095 87.5084868734, 2.1835621041, 0.482361661653, 4.53343520286, 
resistor:  1


40.1773095238 87.7594219264, 2.18430310458, 0.482542616003, 4.53328151056, 
resistor:  1


40.2787738095 88.0124187939, 2.18508187985, 0.482734444058, 4.5331068935, 
resistor:  1


40.3800595238 88.2580584227, 2.18568420809, 0.482881920532, 4.53297828926, 
resistor:  1


40.4812261905 88.5080351306, 2.18639708971, 0.483056862923, 4.53282201461, 
resistor:  1


40.5823571429 88.7562824427, 2.18706572736, 0.483219265397, 4.53268824174, 
resistor:  1


40.6834166667 89.0045271693, 2.18773481831, 0.483380500038, 4.53256386165, 
resistor:  1


40.7844761905 89.2472762194, 2.18826584416, 0.483508406992, 4.53246226712, 
resistor:  1


40.8855833333 89.4768843219, 2.18847028774, 0.483556626971, 4.5324233949, 
resistor:  1


40.9866904762 89.7068167196, 2.18868163488, 0.48360729762, 4.53237435634, 
resistor:  1


41.0878928571 89.9391590254, 2.18894552072, 0.483671711784, 4.53230498937, 
resistor:  1


41.1890119048 90.1687002336, 2.18914453306, 0.483720091789, 4.53225383158, 
resistor:  1


41.2903095238 90.3975157229, 2.18931552622, 0.483762689216, 4.53219745303, 
resistor:  1


41.3914761905 90.6220864653, 2.18939005819, 0.483781044028, 4.53216810288, 
resistor:  1


41.492702381 90.849327596, 2.18952544382, 0.483814377261, 4.53212406508, 
resistor:  1


41.5938214286 91.0758900886, 2.18964949506, 0.483844605448, 4.53208692803, 
resistor:  1


41.6948928571 91.3031113371, 2.18979124494, 0.483879577578, 4.53204198539, 
resistor:  1


41.7961190476 91.5324090224, 2.18997388054, 0.483923807483, 4.53199470125, 
resistor:  1


41.8975 91.7569770998, 2.19003465839, 0.483938628491, 4.53197025574, 
resistor:  1


41.9986428571 91.9869678043, 2.19023667306, 0.48398516541, 4.53194046445, 
resistor:  1


42.0997380952 92.2059269141, 2.19017815991, 0.483969908812, 4.53195269334, 
resistor:  1


42.2011190476 92.4341848706, 2.19032544531, 0.484003754491, 4.53192626799, 
resistor:  1


42.3024642857 92.6627227584, 2.19048049146, 0.484039153964, 4.53190230929, 
resistor:  1


42.4036547619 92.8908890902, 2.19063402935, 0.484074796959, 4.53187498095, 
resistor:  1


42.5048571429 93.1192745823, 2.19079137872, 0.484110877251, 4.53185068265, 
resistor:  1


42.606 93.3492612982, 2.19098862362, 0.484156396801, 4.53182000404, 
resistor:  1


42.7070595238 93.5790342698, 2.19118420498, 0.484202055355, 4.53178704768, 
resistor:  1


42.8081071429 93.8089468333, 2.19138273319, 0.48424829277, 4.53175390989, 
resistor:  1


42.90925 94.0407551184, 2.19161964188, 0.484305058101, 4.53170295799, 
resistor:  1


43.0104285714 94.269579265, 2.19178423457, 0.484344381647, 4.53166342569, 
resistor:  1


43.111452381 94.4981915402, 2.19195100887, 0.484385204449, 4.53161548358, 
resistor:  1


43.2125238095 94.7305061571, 2.19220026524, 0.484445518947, 4.53155624043, 
resistor:  1


43.31375 94.9643690096, 2.19247626931, 0.484516368108, 4.53145922877, 
resistor:  1


43.415047619 95.1936914767, 2.19264279777, 0.48455948615, 4.53139104343, 
resistor:  1


43.5161904762 95.4210374431, 2.1927709296, 0.484591418198, 4.53134812391, 
resistor:  1


43.617297619 95.6497610293, 2.19293184701, 0.484629742444, 4.53131030435, 
resistor:  1


43.7185119048 95.8793948584, 2.19310746595, 0.48467278796, 4.53126138402, 
resistor:  1


43.8196547619 96.1103386342, 2.19331574282, 0.48472330083, 4.53121006544, 
resistor:  1


43.9208333333 96.3327953492, 2.19332804134, 0.484725676901, 4.53120466986, 
resistor:  1


44.0220238095 96.5651865515, 2.19356536104, 0.484781099628, 4.53116595716, 
resistor:  1


44.1231785714 96.7933409739, 2.19370734629, 0.484813768871, 4.53114393287, 
resistor:  1


44.2242261905 97.0246423179, 2.19392515541, 0.484864311694, 4.5311099056, 
resistor:  1


44.3252738095 97.2565501794, 2.19415565479, 0.484917979664, 4.53107407479, 
resistor:  1


44.4263333333 97.4913747062, 2.19445016933, 0.484987105217, 4.53102614297, 
resistor:  1


44.5274642857 97.7254387195, 2.19472274667, 0.4850511381, 4.53097991158, 
resistor:  1


44.628547619 97.9545316451, 2.19488504267, 0.485088420055, 4.53095625571, 
resistor:  1


44.7298333333 98.1830201296, 2.19502316045, 0.485119770213, 4.53093794261, 
resistor:  1


44.8311666667 98.4154910946, 2.19524715532, 0.485172333408, 4.53090240889, 
resistor:  1


44.9326190476 98.6460844346, 2.19542253546, 0.485213717777, 4.53086497511, 
resistor:  1


45.0337380952 98.8768017925, 2.19561613081, 0.485260968426, 4.53081508702, 
resistor:  1


45.1349404762 99.1070733494, 2.19579492747, 0.485304196887, 4.53076986026, 
resistor:  1


45.2361190476 99.3358713949, 2.19594150618, 0.485339506181, 4.53073224172, 
resistor:  1


45.3372619048 99.5682356926, 2.19616782111, 0.48539467605, 4.53067650131, 
resistor:  1


45.4383571429 99.7977226718, 2.19633210677, 0.485434492719, 4.53063494034, 
resistor:  1


45.5393928571 100.029951142, 2.19655873444, 0.485488924029, 4.53058415267, 
resistor:  1


45.6404166667 100.261597926, 2.19677218677, 0.485540686742, 4.53053261319, 
resistor:  1


45.7414642857 100.491621033, 2.19694805581, 0.485582991528, 4.53049055238, 
resistor:  1


45.842547619 100.72311376, 2.19715349585, 0.485632956923, 4.53043948747, 
resistor:  1


45.9438571429 100.948709716, 2.19721886654, 0.485647085561, 4.53043153257, 
resistor:  1


46.045047619 101.177243255, 2.19735342859, 0.485677606022, 4.53041453594, 
resistor:  1


46.14625 101.407696115, 2.19752842571, 0.485717653474, 4.53039147384, 
resistor:  1


46.2475952381 101.641604489, 2.19777058602, 0.485774885719, 4.53034837642, 
resistor:  1


46.349 101.872740275, 2.19794904475, 0.485815650469, 4.53032609874, 
resistor:  1


46.4501785714 102.103508553, 2.19812951625, 0.485857317965, 4.53029949058, 
resistor:  1


46.5512857143 102.330429374, 2.1982299265, 0.48587949833, 4.53028977428, 
resistor:  1


46.6525952381 102.562218208, 2.19842471109, 0.485925245852, 4.53025555117, 
resistor:  1


46.7537857143 102.793481043, 2.19861299941, 0.485968583877, 4.53023049647, 
resistor:  1


46.8549761905 103.021993933, 2.19874178389, 0.485998385706, 4.53020909131, 
resistor:  1


46.9562142857 103.251671432, 2.19889258541, 0.48603455298, 4.53017397218, 
resistor:  1


47.0573928571 103.483876126, 2.19909922423, 0.486084368854, 4.53012759316, 
resistor:  1


47.1585357143 103.713157601, 2.19924465486, 0.486119768927, 4.53008849035, 
resistor:  1


47.2595952381 103.944158594, 2.19942972575, 0.486164502739, 4.53004374234, 
resistor:  1


47.3606547619 104.162938524, 2.19935596431, 0.486146518685, 4.53005295669, 
resistor:  1


47.4617738095 104.392433415, 2.19950551857, 0.486182737056, 4.53001388066, 
resistor:  1


47.5629761905 104.624820132, 2.19971138293, 0.486232089775, 4.52997072791, 
resistor:  1


47.6641309524 104.853667848, 2.19984432221, 0.486264108304, 4.52993760136, 
resistor:  1


47.7653928571 105.087143631, 2.20006865525, 0.486317705143, 4.52989087505, 
resistor:  1


47.8667738095 105.320618686, 2.2002865517, 0.486370641368, 4.52983753732, 
resistor:  1


47.967952381 105.55451149, 2.20052152012, 0.486425959703, 4.52979938852, 
resistor:  1


48.0690357143 105.786069131, 2.20071128033, 0.486470399935, 4.52976518748, 
resistor:  1


48.1701547619 106.015770309, 2.20086007265, 0.486504005053, 4.52974955558, 
resistor:  1


48.2712738095 106.246805717, 2.20103588184, 0.486547033429, 4.52970200957, 
resistor:  1


48.3723095238 106.478754648, 2.20123363337, 0.486595890553, 4.52964675609, 
resistor:  1


48.4734642857 106.705837474, 2.201324767, 0.486619405775, 4.52960586469, 
resistor:  1


48.5746666667 106.934732503, 2.20145067051, 0.486650458391, 4.52956960821, 
resistor:  1


48.6758095238 107.162595105, 2.20155753245, 0.486677691445, 4.52952858494, 
resistor:  1


48.7768809524 107.391773345, 2.2016941479, 0.486710822633, 4.52949415704, 
resistor:  1


48.8780357143 107.625584463, 2.20192122882, 0.486766461516, 4.52943457496, 
resistor:  1


48.9791904762 107.861601034, 2.2021924002, 0.486832111419, 4.52937485729, 
resistor:  1


49.0803571429 108.087225741, 2.20225018793, 0.486846731243, 4.5293513653, 
resistor:  1


49.1814285714 108.317738349, 2.20241138769, 0.486885832406, 4.52931176937, 
resistor:  1


49.2826666667 108.545940392, 2.20251759358, 0.486911370772, 4.52928574858, 
resistor:  1


49.384047619 108.777479689, 2.2026845699, 0.486952018503, 4.52924325618, 
resistor:  1


49.4852619048 109.006100229, 2.20279929888, 0.486979717828, 4.52921396968, 
resistor:  1


49.5863690476 109.236927061, 2.20296281335, 0.48701857251, 4.52918038467, 
resistor:  1


49.6875238095 109.46632888, 2.20309487144, 0.487050709517, 4.52914493528, 
resistor:  1


49.7886309524 109.696173434, 2.20323739248, 0.487084685574, 4.52911478548, 
resistor:  1


49.8898214286 109.926103527, 2.20337736996, 0.487118576778, 4.52907968568, 
resistor:  1


49.9910119048 110.156283257, 2.20352177442, 0.487151907864, 4.52905840341, 
resistor:  1


50.0922142857 110.390007888, 2.20373583924, 0.487201550844, 4.52902762304, 
resistor:  1


50.1934761905 110.624742601, 2.20396655097, 0.487255318858, 4.52899434837, 
resistor:  1


50.2946190476 110.855276018, 2.20411801734, 0.487290065468, 4.52897449141, 
resistor:  1


50.3958690476 111.086094668, 2.20426984924, 0.487324203234, 4.52896023298, 
resistor:  1


50.4971904762 111.318222792, 2.20444388573, 0.487365097928, 4.52892963806, 
resistor:  1


50.5983214286 111.548993326, 2.20459869372, 0.487400236296, 4.52891254755, 
resistor:  1


50.6995357143 111.778308501, 2.20472055466, 0.487428366531, 4.52889391442, 
resistor:  1


50.8009642857 112.003559485, 2.20475262744, 0.487435472098, 4.52888897944, 
resistor:  1


50.9024166667 112.232033152, 2.20484685211, 0.487457847487, 4.52886720139, 
resistor:  1


51.0036309524 112.461349675, 2.20496752045, 0.487486918482, 4.52883812776, 
resistor:  1


51.1047857143 112.686595982, 2.20501063466, 0.487497548654, 4.52881984692, 
resistor:  1


51.2059761905 112.921659767, 2.20524376582, 0.487553464848, 4.52877150435, 
resistor:  1


51.3071309524 113.159366992, 2.2055290345, 0.487622907754, 4.52870681284, 
resistor:  1


51.408202381 113.387524896, 2.20563100136, 0.487647382049, 4.52868063226, 
resistor:  1


51.5093095238 113.616789365, 2.20575252155, 0.487676655921, 4.52864990112, 
resistor:  1


51.6104761905 113.844288133, 2.20583680943, 0.487696536222, 4.5286299242, 
resistor:  1


51.7115357143 114.072985815, 2.20594852268, 0.487723238884, 4.52860350775, 
resistor:  1


51.8127857143 114.300224634, 2.20602353373, 0.487741403976, 4.5285812355, 
resistor:  1


51.9139642857 114.529523481, 2.20614096915, 0.487768739625, 4.52855914518, 
resistor:  1


52.0151190476 114.757799398, 2.20623929156, 0.487790600537, 4.52855014923, 
resistor:  1


52.116202381 114.980988142, 2.2062426441, 0.487789844628, 4.52855562761, 
resistor:  1


52.2171904762 115.211206778, 2.20638463555, 0.487822160867, 4.52853917011, 
resistor:  1


52.3184642857 115.44554129, 2.20659269851, 0.487871107709, 4.52850523725, 
resistor:  1


52.4199166667 115.678628382, 2.20676864325, 0.487911912676, 4.52847852855, 
resistor:  1


52.5211309524 115.90780598, 2.20687947647, 0.487936922422, 4.52846734633, 
resistor:  1


52.6223452381 116.130600083, 2.20686857565, 0.487933431238, 4.52847514518, 
resistor:  1


52.7235119048 116.357521479, 2.20693799172, 0.487948575836, 4.52846814594, 
resistor:  1


52.8247142857 116.58731958, 2.2070601073, 0.487976367334, 4.52845287773, 
resistor:  1


52.9259047619 116.819257572, 2.20722268419, 0.488014751864, 4.52842363257, 
resistor:  1


53.0270238095 117.050510132, 2.2073746879, 0.488051393158, 4.52838808236, 
resistor:  1


53.1280952381 117.279156315, 2.20747903325, 0.488076309516, 4.52836397964, 
resistor:  1


53.2291785714 117.508173318, 2.20758945509, 0.488102775017, 4.52833767964, 
resistor:  1


53.3303452381 117.7375692, 2.20770311301, 0.48812990993, 4.52831213813, 
resistor:  1


53.4314404762 117.969379264, 2.20786447479, 0.48816897767, 4.52827330544, 
resistor:  1


53.532547619 118.202042347, 2.20804067066, 0.48821143998, 4.52823299707, 
resistor:  1


53.6336190476 118.432156199, 2.20817014219, 0.488243134114, 4.5281975376, 
resistor:  1


53.7348452381 118.659815792, 2.20824709303, 0.488261801947, 4.52817536933, 
resistor:  1


53.8362857143 118.89044702, 2.20837016229, 0.488291629025, 4.5281441415, 
resistor:  1


53.937547619 119.120154035, 2.20848294542, 0.488317511836, 4.52812788368, 
resistor:  1


54.0388214286 119.353117039, 2.2086550721, 0.488358303321, 4.52809703816, 
resistor:  1


54.1399880952 119.583694171, 2.20878685752, 0.488388600757, 4.52807929568, 
resistor:  1


54.2411428571 119.812131719, 2.20887919036, 0.488409623288, 4.52806696439, 
resistor:  1


54.3422142857 120.036411338, 2.20889805312, 0.488412632192, 4.52807271473, 
resistor:  1


54.4432738095 120.265458865, 2.20900490456, 0.48843701235, 4.52805798159, 
resistor:  1


54.5443571429 120.497725288, 2.20916941, 0.488474904397, 4.52803678018, 
resistor:  1


54.6454285714 120.73093521, 2.209351054, 0.488517374637, 4.5280083962, 
resistor:  1


54.7465 120.96207422, 2.2094942, 0.488550761213, 4.52798509666, 
resistor:  1


54.8476071429 121.191627614, 2.20960647012, 0.488577372993, 4.52796159673, 
resistor:  1


54.9487619048 121.419414743, 2.20968426829, 0.488595533905, 4.52794482816, 
resistor:  1


55.0498333333 121.648935504, 2.20979661768, 0.488623544006, 4.52790962081, 
resistor:  1


55.1513571429 121.882484538, 2.20996346875, 0.488663988323, 4.52787105643, 
resistor:  1


55.2528928571 122.110834448, 2.21003513361, 0.488681490007, 4.52784891126, 
resistor:  1


55.3543095238 122.341096213, 2.21014582723, 0.488708168755, 4.5278222919, 
resistor:  1


55.4555 122.569900515, 2.21023884945, 0.488730908027, 4.52779586504, 
resistor:  1


55.5566785714 122.801832328, 2.21038830048, 0.488767442823, 4.52775781194, 
resistor:  1


55.6578571429 123.032730543, 2.2105186376, 0.488799440286, 4.52772141084, 
resistor:  1


55.7591547619 123.266070908, 2.21068758009, 0.488840607239, 4.52767927279, 
resistor:  1


55.8605119048 123.497733932, 2.21082352669, 0.488873536855, 4.52764596642, 
resistor:  1


55.961702381 123.728296065, 2.21094589337, 0.488901213933, 4.52763320622, 
resistor:  1


56.0628214286 123.95281052, 2.21096276216, 0.488903723699, 4.52764139347, 
resistor:  1


56.1641428571 124.177302073, 2.21097119542, 0.48890475619, 4.527642164, 
resistor:  1


56.2653333333 124.406453185, 2.2110675582, 0.488927653367, 4.52762047589, 
resistor:  1


56.3664642857 124.639272682, 2.21123099101, 0.488965924597, 4.52759517326, 
resistor:  1


56.4675119048 124.869381144, 2.2113490914, 0.488993436929, 4.5275756513, 
resistor:  1


56.5686904762 125.100381045, 2.211477409, 0.48902245158, 4.52756199896, 
resistor:  1


56.6698928571 125.330736962, 2.21159297544, 0.489048998461, 4.52754630642, 
resistor:  1


56.7712380952 125.563885712, 2.21175175889, 0.489086084121, 4.52752221459, 
resistor:  1


56.8726309524 125.798216719, 2.21192891224, 0.489127811316, 4.52749153985, 
resistor:  1


56.9739166667 126.031287192, 2.21208747029, 0.489166429109, 4.52745195402, 
resistor:  1


57.0750238095 126.260858953, 2.21219108684, 0.489191365763, 4.52742693489, 
resistor:  1


57.1761666667 126.483708932, 2.2121753924, 0.489187462273, 4.52742406959, 
resistor:  1


57.2772738095 126.711505913, 2.21224750212, 0.489205336208, 4.52740000855, 
resistor:  1


57.3784285714 126.941053478, 2.21234803111, 0.489229539529, 4.52737540144, 
resistor:  1


57.4794761905 127.172393407, 2.212483513, 0.489262620541, 4.52734180144, 
resistor:  1


57.5805714286 127.40095986, 2.21256852267, 0.48928281798, 4.52732219877, 
resistor:  1


57.6817142857 127.629867826, 2.21265732835, 0.489304412249, 4.52729791937, 
resistor:  1


57.7829761905 127.851637189, 2.21261772269, 0.489294388611, 4.52730628707, 
resistor:  1


57.8840952381 128.081783031, 2.21272842747, 0.489321395679, 4.52727828229, 
resistor:  1


57.9852380952 128.31523528, 2.21289485901, 0.489360456522, 4.52725211221, 
resistor:  1


58.0862619048 128.547131917, 2.21303846559, 0.489394283061, 4.52722637216, 
resistor:  1


58.1873214286 128.775970169, 2.21312765405, 0.489413754319, 4.52722129627, 
resistor:  1


58.2885595238 129.003155819, 2.21318140082, 0.489425525512, 4.52721643259, 
resistor:  1


58.39 129.234450986, 2.21329767059, 0.489451835277, 4.52720382355, 
resistor:  1


58.4911547619 129.466280209, 2.21343347957, 0.489483082534, 4.52718621444, 
resistor:  1


58.5922619048 129.696518055, 2.21354345845, 0.489508136536, 4.52717268891, 
resistor:  1


58.6932857143 129.922418153, 2.21358229603, 0.489517375854, 4.52716115869, 
resistor:  1


58.7945833333 130.153145871, 2.21369280114, 0.489544758382, 4.52712790658, 
resistor:  1


58.8960238095 130.385709961, 2.21382873627, 0.48957750606, 4.52709763385, 
resistor:  1


58.9972619048 130.615828598, 2.2139303483, 0.489602634573, 4.52706904072, 
resistor:  1


59.0985357143 130.849475124, 2.21408996927, 0.489641320657, 4.52702962406, 
resistor:  1


59.1999761905 131.082601569, 2.21423402515, 0.489676256385, 4.5269947031, 
resistor:  1


59.3011666667 131.314545536, 2.21436698328, 0.489708489639, 4.52696290714, 
resistor:  1


59.4023214286 131.543268587, 2.21444659776, 0.489728346219, 4.52693730286, 
resistor:  1


59.5034047619 131.76757262, 2.21445433496, 0.489730802473, 4.52692794203, 
resistor:  1


59.6044761905 131.997215225, 2.21455205483, 0.489754965906, 4.52689881206, 
resistor:  1


59.7057619048 132.226607415, 2.21463730127, 0.489775675337, 4.52687642393, 
resistor:  1


59.8071547619 132.45723033, 2.21473886958, 0.489800574878, 4.52684815552, 
resistor:  1


59.9085595238 132.687287192, 2.21483020535, 0.489822219389, 4.52682982601, 
resistor:  1


60.0096904762 132.916060374, 2.21490994737, 0.489840487762, 4.52681901737, 
resistor:  1


60.1108571429 133.149961497, 2.21507341311, 0.48987848522, 4.52679692765, 
resistor:  1


60.2122142857 133.382791208, 2.21521152793, 0.489910848452, 4.52677398864, 
resistor:  1


60.3134166667 133.616934157, 2.2153766366, 0.489949729318, 4.52674557998, 
resistor:  1


60.4145595238 133.851207905, 2.21554554001, 0.489988964232, 4.52672131969, 
resistor:  1


60.5158928571 134.07801886, 2.21558358523, 0.489997229054, 4.52671825136, 
resistor:  1


60.6170833333 134.305821277, 2.21564308098, 0.490010993627, 4.52670672322, 
resistor:  1


60.71825 134.541415516, 2.2158315748, 0.490055327925, 4.52667614452, 
resistor:  1


60.8193452381 134.775791464, 2.2160020128, 0.490095148908, 4.52665014428, 
resistor:  1


60.9205357143 135.011856343, 2.21619614404, 0.490141542551, 4.52661296272, 
resistor:  1


61.0217619048 135.248002028, 2.21638965849, 0.490188765304, 4.52656738368, 
resistor:  1


61.1229285714 135.482078478, 2.21655083689, 0.490227863735, 4.5265295406, 
resistor:  1


61.2244166667 135.718950636, 2.21674550817, 0.490275367793, 4.52648352276, 
resistor:  1


61.3258214286 135.953007692, 2.21689664361, 0.490312473475, 4.52644485392, 
resistor:  1


61.4270119048 136.187908495, 2.21706874993, 0.490355102462, 4.52639753921, 
resistor:  1


61.5282380952 136.423356104, 2.21724789019, 0.490398265745, 4.52635934826, 
resistor:  1


61.6294047619 136.660018573, 2.217448296, 0.490447645175, 4.52630853059, 
resistor:  1


61.7305595238 136.893931106, 2.21760392522, 0.490484769467, 4.52627748411, 
resistor:  1


61.8318333333 137.128815648, 2.21777049548, 0.490525511814, 4.52623658282, 
resistor:  1


61.9331190476 137.36478635, 2.21795363227, 0.490568500115, 4.52620875947, 
resistor:  1


62.0343333333 137.602512198, 2.21816701824, 0.490619437818, 4.5261692192, 
resistor:  1


62.135452381 137.836013432, 2.21831511882, 0.490653291562, 4.52615293643, 
resistor:  1


62.2365238095 138.065361584, 2.21839770497, 0.490672551837, 4.52613753382, 
resistor:  1


62.3375833333 138.294749609, 2.2184810866, 0.490691600043, 4.52612604075, 
resistor:  1


62.4386309524 138.527945411, 2.21862560562, 0.490725987255, 4.52609786027, 
resistor:  1


62.5397142857 138.762509153, 2.21879026372, 0.490764673078, 4.52607180488, 
resistor:  1


62.64075 138.994570279, 2.21891612536, 0.490794804821, 4.52604520863, 
resistor:  1


62.7421785714 139.223933906, 2.2189846938, 0.490810032801, 4.52603888846, 
resistor:  1


62.8435595238 139.453309312, 2.21905490982, 0.490826709275, 4.52602220633, 
resistor:  1


62.9447738095 139.685458708, 2.21917484572, 0.490856021181, 4.52599251508, 
resistor:  1


63.0458928571 139.915030821, 2.21925686957, 0.490876488583, 4.52596609782, 
resistor:  1


63.1470119048 140.139663455, 2.21926040882, 0.490877389743, 4.52596231713, 
resistor:  1


63.2480833333 140.366913389, 2.2193069891, 0.490889402429, 4.52594116864, 
resistor:  1


63.3492142857 140.597702057, 2.21940719616, 0.490914480323, 4.52591080266, 
resistor:  1


63.4504166667 140.827453212, 2.21948823365, 0.49093480803, 4.52588440045, 
resistor:  1


63.5515595238 141.056792564, 2.21956461212, 0.490952914861, 4.52586749766, 
resistor:  1


63.6526309524 141.289408621, 2.21969471658, 0.490984707132, 4.52583397502, 
resistor:  1


63.7537380952 141.523348685, 2.2198439325, 0.491020562561, 4.52580214109, 
resistor:  1


63.8549166667 141.754748867, 2.21995041677, 0.49104645115, 4.52577515206, 
resistor:  1


63.956 141.984642224, 2.22003630972, 0.491065730292, 4.52576740528, 
resistor:  1


64.0571547619 142.212380673, 2.22008581558, 0.491077186212, 4.52575730838, 
resistor:  1


64.1581785714 142.43806415, 2.22010766705, 0.491081772874, 4.52575542707, 
resistor:  1


64.2598452381 142.669307954, 2.22019376838, 0.491102083565, 4.52573867422, 
resistor:  1


64.36125 142.901567779, 2.22030441886, 0.491127400998, 4.52572591111, 
resistor:  1


64.4624285714 143.132032901, 2.22039467134, 0.491148455177, 4.52571109606, 
resistor:  1


64.5635714286 143.35886618, 2.220429617, 0.491155198112, 4.5257150161, 
resistor:  1


64.6647142857 143.588234452, 2.22050365548, 0.491172815894, 4.52569903516, 
resistor:  1


64.7657738095 143.818993185, 2.22060178896, 0.491195377086, 4.5256856375, 
resistor:  1


64.8668809524 144.049587566, 2.22069545277, 0.491217470597, 4.52566784467, 
resistor:  1


64.9681428571 144.273793296, 2.22068519971, 0.491215857708, 4.52565707384, 
resistor:  1


65.0692738095 144.504976591, 2.22078668057, 0.491241497182, 4.52562445229, 
resistor:  1


65.1704404762 144.758507482, 2.22122953941, 0.49135170465, 4.52552000428, 
resistor:  1


65.2715 145.006081598, 2.22158341081, 0.491440068008, 4.52543217161, 
resistor:  1


65.3726071429 145.237383302, 2.22168565168, 0.491464959853, 4.52540650479, 
resistor:  1


65.4737142857 145.465750663, 2.22174275966, 0.491479231649, 4.52538706636, 
resistor:  1


65.574797619 145.691953588, 2.22176749114, 0.491485535497, 4.52537437204, 
resistor:  1


65.6761071429 145.922273442, 2.2218471799, 0.4915047392, 4.52535527599, 
resistor:  1


65.7774404762 146.148755839, 2.22186747889, 0.4915101263, 4.52534177341, 
resistor:  1


65.8788333333 146.381688642, 2.22198362107, 0.491538044631, 4.52531621619, 
resistor:  1


65.9800833333 146.620240633, 2.2221893824, 0.491586771147, 4.52528315581, 
resistor:  1


66.0811904762 146.849082981, 2.22225238261, 0.491601055818, 4.52527511965, 
resistor:  1


66.18225 147.073865386, 2.22225544441, 0.491600387528, 4.52528292241, 
resistor:  1


66.2832857143 147.303544722, 2.22233317396, 0.491618512794, 4.52527004247, 
resistor:  1


66.3845595238 147.533946948, 2.22241358542, 0.491636544304, 4.52526246558, 
resistor:  1


66.4858809524 147.763349184, 2.22247711947, 0.491650638052, 4.52525847185, 
resistor:  1


66.5870714286 147.985101677, 2.22242994776, 0.491638415512, 4.52527262383, 
resistor:  1


66.6882261905 148.21175698, 2.22245762777, 0.49164440965, 4.52526940873, 
resistor:  1


66.7893333333 148.443878997, 2.22256865863, 0.491669944229, 4.52525601176, 
resistor:  1


66.8905357143 148.669594338, 2.22258041068, 0.491672357657, 4.52525353, 
resistor:  1


66.9917261905 148.901397348, 2.22268339414, 0.491697402342, 4.5252277729, 
resistor:  1


67.0928690476 149.134681357, 2.22280971844, 0.491727937026, 4.52519890685, 
resistor:  1


67.193952381 149.368339554, 2.22294320041, 0.491760519722, 4.52516646524, 
resistor:  1


67.2951904762 149.597923075, 2.22301061958, 0.491776593261, 4.52515220023, 
resistor:  1


67.3965952381 149.825915137, 2.22304872535, 0.491786017162, 4.52513921274, 
resistor:  1


67.4977380952 150.054938734, 2.22311062516, 0.491801366287, 4.52511893681, 
resistor:  1


67.5988928571 150.284123554, 2.22317433322, 0.491816748087, 4.52510225983, 
resistor:  1


67.6999880952 150.512516952, 2.2232281155, 0.49182990043, 4.52508605767, 
resistor:  1


67.8011071429 150.740270774, 2.22327152352, 0.491840256424, 4.52507470442, 
resistor:  1


67.9025714286 150.969645165, 2.22332736433, 0.491853129229, 4.52506567037, 
resistor:  1


68.0038928571 151.194379567, 2.22331947796, 0.491850634406, 4.52506765288, 
resistor:  1


68.1049404762 151.423444898, 2.2233841457, 0.49186481109, 4.52506499301, 
resistor:  1


68.2060595238 151.653706831, 2.22346383723, 0.491884352707, 4.52504263109, 
resistor:  1


68.30725 151.876300477, 2.22342870598, 0.491875804879, 4.52504524327, 
resistor:  1


68.408452381 152.095173267, 2.2233389, 0.491854281779, 4.52505759377, 
resistor:  1


68.5096428571 152.326714878, 2.22343466591, 0.491878404913, 4.52502753463, 
resistor:  1


68.6110595238 152.555262629, 2.2234791838, 0.491890220234, 4.52500531387, 
resistor:  1


68.7123571429 152.785510903, 2.22355217104, 0.491909468, 4.52497266533, 
resistor:  1


68.8144761905 153.015418111, 2.22359344402, 0.49192034668, 4.52495238889, 
resistor:  1


68.9159642857 153.248533654, 2.22370150722, 0.491946392713, 4.5249292803, 
resistor:  1


69.0172738095 153.476961199, 2.22374708138, 0.49195790814, 4.52491191743, 
resistor:  1


69.1184404762 153.707481359, 2.22382739396, 0.491977236358, 4.52489290393, 
resistor:  1


69.21975 153.939950497, 2.22393103842, 0.492002743519, 4.52486449562, 
resistor:  1


69.3209047619 154.173469392, 2.22405448864, 0.492032646959, 4.52483626755, 
resistor:  1


69.4219642857 154.39874339, 2.22406186541, 0.49203501148, 4.52482543088, 
resistor:  1


69.5231190476 154.622167581, 2.22403956697, 0.492029553661, 4.52482604345, 
resistor:  1


69.6243333333 154.850870563, 2.22409125014, 0.492042824975, 4.52480459666, 
resistor:  1


69.7254761905 155.074298369, 2.22406940535, 0.492037902231, 4.52480088759, 
resistor:  1


69.8266428571 155.303614762, 2.22413119702, 0.492053136083, 4.52478271229, 
resistor:  1


69.9277738095 155.533348056, 2.22419990775, 0.492068616025, 4.52477517247, 
resistor:  1


70.0288928571 155.762374153, 2.22425869949, 0.492082049016, 4.52476562637, 
resistor:  1


70.1299642857 156.002430971, 2.22447612172, 0.49213439751, 4.52472749051, 
resistor:  1


70.2312380952 156.254258817, 2.22485411128, 0.49222776608, 4.52464302793, 
resistor:  1


70.3326071429 156.507461941, 2.225247553, 0.492324340332, 4.52456060442, 
resistor:  1


70.4338452381 156.758193796, 2.22560891382, 0.492413378384, 4.52448118987, 
resistor:  1


70.5350714286 157.008460965, 2.22596302499, 0.492499569745, 4.52441226586, 
resistor:  1


70.6361904762 157.258183011, 2.22631178084, 0.49258427539, 4.5243456812, 
resistor:  1


70.7373333333 157.50112444, 2.22656293385, 0.492644817234, 4.52430014631, 
resistor:  1


70.8384880952 157.73765278, 2.22672246431, 0.4926837561, 4.52426385916, 
resistor:  1


70.9396428571 157.967188312, 2.22678296577, 0.492698473443, 4.52424666618, 
resistor:  1


71.0407261905 158.198696787, 2.22687330592, 0.492720776658, 4.52422244081, 
resistor:  1


71.1417857143 158.42854627, 2.22694081515, 0.492736973225, 4.52420632413, 
resistor:  1


71.2428571429 158.655909832, 2.2269728671, 0.492745271593, 4.52419144977, 
resistor:  1


71.3439047619 158.885915611, 2.22704260639, 0.492762345397, 4.52417143783, 
resistor:  1


71.4450357143 159.12105261, 2.22718137123, 0.49279627608, 4.52413845623, 
resistor:  1


71.5462142857 159.353984724, 2.22728744372, 0.492821756308, 4.52411582104, 
resistor:  1


71.6472619048 159.580246875, 2.22730419324, 0.492825917059, 4.52410657286, 
resistor:  1


71.7485 159.807894345, 2.22733429054, 0.492833396386, 4.52409407483, 
resistor:  1


71.8499047619 160.032833486, 2.22732144206, 0.492830618907, 4.52409102204, 
resistor:  1


71.9510833333 160.264359143, 2.2274071733, 0.492850387767, 4.5240791598, 
resistor:  1


72.0522142857 160.494237394, 2.22747127184, 0.492865097955, 4.52406991176, 
resistor:  1


72.1533809524 160.72365169, 2.227527658, 0.492877217515, 4.52406900934, 
resistor:  1


72.2544642857 160.95205179, 2.22757241897, 0.492887484216, 4.52406133911, 
resistor:  1


72.355797619 161.18284251, 2.2276423979, 0.492903306724, 4.52405359659, 
resistor:  1


72.4570357143 161.410912539, 2.22767756019, 0.492911444402, 4.52404595017, 
resistor:  1


72.55825 161.646274783, 2.2278138569, 0.492943705851, 4.52402310074, 
resistor:  1


72.6593333333 161.879748414, 2.22792779658, 0.492970129374, 4.52400690244, 
resistor:  1


72.7603928571 162.111324722, 2.22801607243, 0.492990209592, 4.52399573738, 
resistor:  1


72.861547619 162.34134835, 2.22807988103, 0.493005119504, 4.52398417967, 
resistor:  1


72.9628690476 162.570939163, 2.22813249102, 0.493017846729, 4.52397006171, 
resistor:  1


73.0639880952 162.797845231, 2.22815438187, 0.493023499763, 4.52395842695, 
resistor:  1


73.165047619 163.027503163, 2.22821563667, 0.493038359806, 4.52394184285, 
resistor:  1


73.2662857143 163.257735435, 2.22827913062, 0.49305377869, 4.52392483323, 
resistor:  1


73.3676666667 163.488829154, 2.22834985195, 0.493071073207, 4.52390550773, 
resistor:  1


73.4688095238 163.717226245, 2.22839089549, 0.493081201519, 4.523891613, 
resistor:  1


73.57025 163.941549087, 2.22836743231, 0.493076048821, 4.52388964573, 
resistor:  1


73.6715714286 164.172399004, 2.22843623151, 0.493092793317, 4.52387163748, 
resistor:  1


73.772702381 164.407735946, 2.22857141788, 0.49312535796, 4.52384354603, 
resistor:  1


73.8738690476 164.641387143, 2.22868233742, 0.493151655111, 4.52382355308, 
resistor:  1


73.9750714286 164.871482126, 2.22874380439, 0.493165208556, 4.52381881421, 
resistor:  1


74.0761428571 165.101272962, 2.22880493766, 0.493178858646, 4.5238133846, 
resistor:  1


74.177202381 165.330224696, 2.2288549499, 0.493189931226, 4.52380883687, 
resistor:  1


74.2782380952 165.56100684, 2.22893018313, 0.493206949569, 4.52380212128, 
resistor:  1


74.3794166667 165.790970341, 2.22898992451, 0.493220711266, 4.52379293709, 
resistor:  1


74.4805 166.021304883, 2.22905733559, 0.493235906728, 4.52378649756, 
resistor:  1


74.5816428571 166.250912765, 2.2291130417, 0.493248960782, 4.52377484538, 
resistor:  1


74.6827142857 166.479445645, 2.22915633474, 0.493258434721, 4.52377204353, 
resistor:  1


74.7839761905 166.71145454, 2.22924031366, 0.493278428073, 4.52375594746, 
resistor:  1


74.8853690476 166.943877075, 2.22932569069, 0.493298731763, 4.52373848109, 
resistor:  1


74.9865 167.17808655, 2.22944245365, 0.493327078683, 4.5237112751, 
resistor:  1


75.0879761905 167.4170918, 2.22961251979, 0.493369262814, 4.52366811092, 
resistor:  1


75.1893333333 167.647046331, 2.22966528494, 0.493382194718, 4.52365270983, 
resistor:  1


75.2904880952 167.868429143, 2.22961005287, 0.493369550201, 4.5236563707, 
resistor:  1


75.3916428571 168.096071476, 2.22963799574, 0.493376620557, 4.52364371044, 
resistor:  1


75.4928928571 168.3285445, 2.22972703959, 0.493398387817, 4.52362178185, 
resistor:  1


75.5941428571 168.557851226, 2.22977395939, 0.493410049086, 4.52360552601, 
resistor:  1


75.6953333333 168.787545466, 2.22982762653, 0.493423237398, 4.52358907649, 
resistor:  1


75.7965357143 169.017034396, 2.22987809143, 0.493435924361, 4.52357307188, 
resistor:  1


75.897702381 169.245212747, 2.22991220337, 0.493443092725, 4.52357070519, 
resistor:  1


75.9986904762 169.475525605, 2.22997955021, 0.493458768977, 4.52356053982, 
resistor:  1


76.0997857143 169.708146488, 2.23007390751, 0.493480623633, 4.52354709067, 
resistor:  1


76.2008928571 169.941710417, 2.23018004179, 0.493505722225, 4.52352788796, 
resistor:  1


76.3021428571 170.17034871, 2.23021716478, 0.493513860161, 4.5235246239, 
resistor:  1


76.4034880952 170.40157186, 2.230285241, 0.493529711368, 4.52351349626, 
resistor:  1


76.5047261905 170.631247854, 2.2303360374, 0.493540736527, 4.52351117098, 
resistor:  1


76.6058928571 170.862472869, 2.23040899983, 0.493557787647, 4.52350033725, 
resistor:  1


76.7069761905 171.093215485, 2.23047790412, 0.4935734022, 4.52349183533, 
resistor:  1


76.8080833333 171.321224608, 2.23051034699, 0.493580698061, 4.52348692714, 
resistor:  1


76.9091785714 171.549846399, 2.23055101596, 0.493590458381, 4.52347584813, 
resistor:  1


77.0103452381 171.769672681, 2.23047529718, 0.493572762062, 4.52348102094, 
resistor:  1


77.1114404762 171.996927705, 2.23049818085, 0.493578602781, 4.52347001605, 
resistor:  1


77.2125833333 172.224844527, 2.23052820009, 0.493586221151, 4.52345672836, 
resistor:  1


77.3137619048 172.461508902, 2.23067025395, 0.493620605479, 4.52342662976, 
resistor:  1


77.4148452381 172.690350332, 2.23071362865, 0.493631534145, 4.52341215263, 
resistor:  1


77.5158809524 172.919725611, 2.23076514756, 0.493643943659, 4.52339822773, 
resistor:  1


77.6170714286 173.14851312, 2.2308045116, 0.493653766841, 4.52338407543, 
resistor:  1


77.7185 173.377206165, 2.23083572335, 0.493661242597, 4.52337457998, 
resistor:  1


77.8198809524 173.609474114, 2.23091415702, 0.493680974048, 4.52335007418, 
resistor:  1


77.9210833333 173.84080902, 2.23098552514, 0.493697177066, 4.52334227064, 
resistor:  1


78.0259761905 174.079794269, 2.23104923217, 0.493711825974, 4.5233339833, 
resistor:  1


78.127547619 174.31000933, 2.23109536447, 0.493722033933, 4.52333038965, 
resistor:  1


78.2289166667 174.538669981, 2.23112727899, 0.493730960385, 4.52331028863, 
resistor:  1


78.3302738095 174.775140626, 2.23125915596, 0.493764745468, 4.52326580982, 
resistor:  1


78.4318333333 175.003674326, 2.23128373887, 0.493771481688, 4.52325157041, 
resistor:  1


78.5332857143 175.234698052, 2.23134300899, 0.493786831357, 4.52322716263, 
resistor:  1


78.6345952381 175.464543797, 2.23139119958, 0.493800132785, 4.52320022715, 
resistor:  1


78.7358452381 175.691581144, 2.23140528451, 0.493805209945, 4.52318033284, 
resistor:  1


78.8370714286 175.92129854, 2.23145400193, 0.493819312359, 4.52314690002, 
resistor:  1


78.9383095238 176.150448676, 2.23149507177, 0.493830588824, 4.52312371461, 
resistor:  1


79.0394761905 176.380688251, 2.23155183653, 0.493844674295, 4.52310642025, 
resistor:  1


79.1405714286 176.609500839, 2.23159243926, 0.493854942075, 4.5230919722, 
resistor:  1


79.2418928571 176.840961922, 2.23165999127, 0.493871743852, 4.52307180485, 
resistor:  1


79.343297619 177.072111049, 2.23172109508, 0.493886586904, 4.5230560397, 
resistor:  1


79.4445238095 177.305466107, 2.23181482631, 0.493909467209, 4.52303290676, 
resistor:  1


79.5458571429 177.539035589, 2.23190800836, 0.493932097309, 4.52300978399, 
resistor:  1


79.647047619 177.769489413, 2.23196583837, 0.493946241105, 4.52299406324, 
resistor:  1


79.7482619048 177.997637683, 2.23199394484, 0.493953218936, 4.52298385825, 
resistor:  1


79.8496904762 178.227985936, 2.23204354173, 0.49396539173, 4.52296902336, 
resistor:  1


79.9510238095 178.460978163, 2.23212874156, 0.493985221969, 4.52295693563, 
resistor:  1


80.0522619048 178.691780564, 2.23218902642, 0.493999404143, 4.5229464797, 
resistor:  1


80.1533690476 178.922181282, 2.23224779455, 0.494012742303, 4.52294025555, 
resistor:  1


80.2544642857 179.151030235, 2.23228741017, 0.494021959657, 4.52293282171, 
resistor:  1


80.3556190476 179.380378643, 2.23233148807, 0.494031868438, 4.52292797254, 
resistor:  1


80.4566785714 179.605492355, 2.23232546439, 0.494029933204, 4.52293122845, 
resistor:  1


80.5579404762 179.837397802, 2.23239815639, 0.494046653279, 4.52292113708, 
resistor:  1


80.6596547619 180.073063442, 2.23250476305, 0.49407165242, 4.52290463839, 
resistor:  1


80.7610595238 180.307053878, 2.23259891513, 0.494093948797, 4.52288843869, 
resistor:  1


80.8625119048 180.537081942, 2.23264251492, 0.494104088518, 4.52288109711, 
resistor:  1


80.9638214286 180.767537313, 2.23269522268, 0.494117359676, 4.52286339771, 
resistor:  1


81.065047619 180.997756541, 2.23274718091, 0.494130427996, 4.52284603257, 
resistor:  1


81.1662142857 181.228989826, 2.23281314056, 0.494147017452, 4.52282595827, 
resistor:  1


81.2673690476 181.459408363, 2.23286923756, 0.494160860129, 4.52280955774, 
resistor:  1


81.3684166667 181.687175386, 2.23289554878, 0.494167969834, 4.52279452676, 
resistor:  1


81.469547619 181.914104278, 2.23290922307, 0.494171671489, 4.52278423537, 
resistor:  1


81.5707857143 182.143279009, 2.23294746292, 0.494181857641, 4.52276514061, 
resistor:  1


81.6719047619 182.371910846, 2.23298221559, 0.494190060662, 4.52275620964, 
resistor:  1


81.7730119048 182.605033731, 2.2330721283, 0.494211902545, 4.52273460848, 
resistor:  1


81.8742380952 182.83665603, 2.23314024391, 0.494228196684, 4.52272042404, 
resistor:  1


81.9755 183.066047869, 2.2331800095, 0.494236903485, 4.52271757152, 
resistor:  1


82.0765833333 183.300520168, 2.23328643473, 0.494261949332, 4.52270125116, 
resistor:  1


82.17775 183.526845065, 2.23329118971, 0.494262366298, 4.5227055279, 
resistor:  1


82.279 183.756012122, 2.23332821403, 0.494270214143, 4.52270514616, 
resistor:  1


82.3803452381 183.982127808, 2.23332552536, 0.494269112459, 4.52270737839, 
resistor:  1


82.4815357143 184.189346268, 2.23309792517, 0.494213634187, 4.52275935999, 
resistor:  1


82.582702381 184.389960334, 2.23279155341, 0.494139732812, 4.52282454151, 
resistor:  1


82.6840119048 184.598683492, 2.23258014747, 0.494088594361, 4.52286712463, 
resistor:  1


82.785452381 184.831665365, 2.23265875887, 0.494107570642, 4.5228492492, 
resistor:  1


82.8866904762 185.0653198, 2.23275074366, 0.49412941639, 4.52283164537, 
resistor:  1


82.9878571429 185.298268478, 2.23283592152, 0.494150592438, 4.52280712282, 
resistor:  1


83.0889761905 185.527364382, 2.2328758024, 0.494160219636, 4.5227966472, 
resistor:  1


83.19 185.751909934, 2.23286344433, 0.494157743772, 4.52279134089, 
resistor:  1


83.2911071429 185.981048483, 2.23290402617, 0.494167574077, 4.52278014075, 
resistor:  1


83.3923809524 186.209393043, 2.23293052574, 0.494174267694, 4.52276894149, 
resistor:  1


83.4936309524 186.440049219, 2.23298528394, 0.494187492492, 4.52275571736, 
resistor:  1


83.5949047619 186.668767031, 2.23301608588, 0.4941952672, 4.52274319863, 
resistor:  1


83.6961309524 186.897764171, 2.23305142118, 0.494203504042, 4.52273629229, 
resistor:  1


83.797452381 187.124390285, 2.23305583844, 0.494205209095, 4.52272713656, 
resistor:  1


83.8987857143 187.357371263, 2.23313567256, 0.494223987948, 4.52271460995, 
resistor:  1


84.0000119048 187.584743224, 2.23315138856, 0.49422697152, 4.52271677642, 
resistor:  1


84.10125 187.813338066, 2.23318129119, 0.49423345039, 4.52271435892, 
resistor:  1


84.2023928571 188.041239565, 2.23320541358, 0.494238630592, 4.52271258594, 
resistor:  1


84.3034404762 188.272750245, 2.23327481276, 0.49425428002, 4.52270650594, 
resistor:  1


84.4045238095 188.500175099, 2.23329469312, 0.494258736973, 4.52270198128, 
resistor:  1


84.5056309524 188.723622322, 2.23326682725, 0.494251115216, 4.52271261307, 
resistor:  1


84.6069166667 188.956665575, 2.23334773349, 0.494270237395, 4.52269878662, 
resistor:  1


84.7080952381 189.189064536, 2.23342366517, 0.494287297071, 4.52269184375, 
resistor:  1


84.8093095238 189.425167308, 2.23354214734, 0.494315555643, 4.52267030517, 
resistor:  1


84.9104761905 189.659436228, 2.23364000224, 0.494339309645, 4.52264882304, 
resistor:  1


85.0116309524 189.893309338, 2.23373328109, 0.494361979857, 4.52262567528, 
resistor:  1


85.1127619048 190.127050837, 2.2338254168, 0.494384214024, 4.5226057804, 
resistor:  1


85.2140357143 190.361004064, 2.23391607342, 0.494406609276, 4.52258042207, 
resistor:  1


85.3154047619 190.593192101, 2.23398333083, 0.494423182603, 4.52256186937, 
resistor:  1


85.4165119048 190.821806055, 2.23401543565, 0.494431347965, 4.52255072282, 
resistor:  1


85.5176785714 191.050540891, 2.23404732311, 0.494439191306, 4.52253964077, 
resistor:  1


85.6187380952 191.277476311, 2.23406091431, 0.494443040587, 4.52252963781, 
resistor:  1


85.7198452381 191.502991829, 2.23405666794, 0.494442318268, 4.52252532507, 
resistor:  1


85.8212738095 191.727555585, 2.23403297427, 0.49443739998, 4.52252140795, 
resistor:  1


85.9225833333 191.957805958, 2.23407861485, 0.494447384022, 4.52251935585, 
resistor:  1


86.0237857143 192.187957065, 2.2341257766, 0.494458064432, 4.52251431512, 
resistor:  1


86.1249047619 192.420259053, 2.23419996324, 0.494474635999, 4.52250902352, 
resistor:  1


86.2261309524 192.653661793, 2.23428396549, 0.494494692466, 4.52249238754, 
resistor:  1


86.327297619 192.881590124, 2.23430589679, 0.49449887267, 4.52249537559, 
resistor:  1


86.4283928571 193.109956395, 2.23433469039, 0.494505517081, 4.52249005426, 
resistor:  1


86.5296666667 193.338530655, 2.23436120932, 0.494511232334, 4.52248857243, 
resistor:  1


86.6310714286 193.569623493, 2.23441336118, 0.494523418361, 4.52248006781, 
resistor:  1


86.7324166667 193.799711129, 2.23445533489, 0.494532808916, 4.52247610028, 
resistor:  1


86.8338452381 194.030171378, 2.23449935732, 0.49454293944, 4.52246967778, 
resistor:  1


86.9349880952 194.260060849, 2.23454405534, 0.494553990713, 4.52245671386, 
resistor:  1


87.0361309524 194.489016778, 2.23457792356, 0.494562220227, 4.52244640681, 
resistor:  1


87.1372857143 194.719827121, 2.23463268938, 0.494575713372, 4.52243073677, 
resistor:  1


87.2383571429 194.95294666, 2.23471593282, 0.494596160494, 4.52240889233, 
resistor:  1


87.3396428571 195.187723576, 2.23481247679, 0.49462008927, 4.52238251851, 
resistor:  1


87.4408095238 195.419853008, 2.23488156242, 0.494637449471, 4.52236129168, 
resistor:  1


87.5421666667 195.63988693, 2.2348074577, 0.494619933068, 4.52237127733, 
resistor:  1


87.6435238095 195.868400122, 2.23483027163, 0.494625908629, 4.52236021829, 
resistor:  1


87.7446547619 196.094823541, 2.2348349774, 0.494627153286, 4.52235490737, 
resistor:  1


87.8458333333 196.324183967, 2.23487189452, 0.494635618348, 4.52234929502, 
resistor:  1


87.9470714286 196.554051554, 2.23491298074, 0.494645187183, 4.52234190938, 
resistor:  1


88.048202381 196.786359833, 2.23498441208, 0.49466177424, 4.52233197929, 
resistor:  1


88.1493571429 197.018637584, 2.23505472949, 0.494678896905, 4.52231592926, 
resistor:  1


88.2505952381 197.248962939, 2.23510065181, 0.494690929855, 4.52229604545, 
resistor:  1


88.352 197.480931774, 2.23516085401, 0.494705533367, 4.52228097111, 
resistor:  1


88.4533571429 197.713798511, 2.23523227266, 0.49472239269, 4.52226819596, 
resistor:  1


88.5545714286 197.944117261, 2.23527836077, 0.494733296826, 4.52225911962, 
resistor:  1


88.65575 198.17502528, 2.23533189082, 0.494746081704, 4.52224821179, 
resistor:  1


88.7569047619 198.403918098, 2.23536319378, 0.494753219495, 4.52224398256, 
resistor:  1


88.8579761905 198.634177691, 2.23541190343, 0.494764917313, 4.52223310377, 
resistor:  1


88.9591309524 198.862742711, 2.23543935942, 0.494772357657, 4.52221771645, 
resistor:  1


89.0602738095 199.092619128, 2.23548177669, 0.494783180169, 4.52220195572, 
resistor:  1


89.1615238095 199.32104755, 2.23550517122, 0.494789411664, 4.5221895953, 
resistor:  1


89.2626547619 199.547711896, 2.2355117314, 0.494791599349, 4.52218116029, 
resistor:  1


89.3638690476 199.77860322, 2.23556349282, 0.494804767612, 4.52216295706, 
resistor:  1


89.4650238095 200.010277746, 2.23562537883, 0.494820044087, 4.5221452908, 
resistor:  1


89.5662857143 200.23984685, 2.23566094377, 0.494829085877, 4.52213204542, 
resistor:  1


89.6676428571 200.467750186, 2.23567547667, 0.494833132573, 4.52212224625, 
resistor:  1


89.7690238095 200.695971613, 2.2356929272, 0.494838036026, 4.52210949386, 
resistor:  1


89.8705 200.923948992, 2.23570525359, 0.494840952859, 4.5221047132, 
resistor:  1


89.9716785714 201.152045568, 2.23572627255, 0.494845704616, 4.5221008836, 
resistor:  1


90.0729761905 201.379439479, 2.2357364883, 0.494847761478, 4.52209940972, 
resistor:  1


90.1741666667 201.608072408, 2.23576307784, 0.494854295792, 4.52209024321, 
resistor:  1


90.2753095238 201.837245406, 2.23579676958, 0.494862028013, 4.52208488599, 
resistor:  1


90.3763928571 202.062727189, 2.23579101579, 0.494860276756, 4.52208671973, 
resistor:  1


90.4774761905 202.291892859, 2.23582599091, 0.494868390447, 4.52208045373, 
resistor:  1


90.5785 202.524967862, 2.23590551689, 0.494887246818, 4.52206569814, 
resistor:  1


90.6795833333 202.759309797, 2.23599736946, 0.49490889312, 4.52205028076, 
resistor:  1


90.7806785714 202.989633516, 2.23604446133, 0.494920202752, 4.52203964016, 
resistor:  1


90.8817857143 203.218688597, 2.23607719633, 0.494928122768, 4.52203030732, 
resistor:  1


90.983 203.442396477, 2.23604845386, 0.494922462734, 4.52202492897, 
resistor:  1


91.0841309524 203.668140845, 2.23604417932, 0.494921808769, 4.52201942573, 
resistor:  1


91.1851785714 203.894932624, 2.23605344441, 0.494924735436, 4.52200844469, 
resistor:  1


91.2864880952 204.120709445, 2.23604515525, 0.49492345836, 4.52200146288, 
resistor:  1


91.3878452381 204.347507806, 2.23604689741, 0.494924880807, 4.52198864085, 
resistor:  1


91.4889761905 204.574967678, 2.23606139445, 0.494928961789, 4.52197769157, 
resistor:  1


91.5901428571 204.800534552, 2.23605431942, 0.494927989721, 4.5219695261, 
resistor:  1


91.6913333333 205.032268755, 2.23611394121, 0.494942743342, 4.52195250314, 
resistor:  1


91.7925238095 205.264616792, 2.23618011874, 0.494959394099, 4.52193114175, 
resistor:  1


91.8936785714 205.491201887, 2.23618430649, 0.49495958789, 4.52193601024, 
resistor:  1


92.0002857143 205.732943855, 2.23622070581, 0.494967682273, 4.52193292324, 
resistor:  1


92.1015357143 205.955607028, 2.23617994456, 0.494956150871, 4.52195366116, 
resistor:  1


92.2026547619 206.184482465, 2.23620982495, 0.494961632412, 4.52196216312, 
resistor:  1


92.3037142857 206.410745532, 2.23621278005, 0.494959865735, 4.52198093576, 
resistor:  1


92.4048571429 206.634932074, 2.23619123997, 0.494953366995, 4.52199421917, 
resistor:  1


92.506 206.860035533, 2.23617965897, 0.494948994757, 4.52200845362, 
resistor:  1


92.6072142857 207.079370791, 2.23610409176, 0.49492827888, 4.52204579387, 
resistor:  1


92.7086071429 207.307003316, 2.23611388095, 0.494929017849, 4.52205714443, 
resistor:  1


92.8099880952 207.534038692, 2.23611750148, 0.494928772558, 4.5220644712, 
resistor:  1


92.911202381 207.755106486, 2.23606089644, 0.494913358186, 4.52208940544, 
resistor:  1


93.012297619 207.977570025, 2.23602228252, 0.494902807313, 4.52210584473, 
resistor:  1


93.113547619 208.201891959, 2.23599999444, 0.494895987889, 4.52212043252, 
resistor:  1


93.214702381 208.425991273, 2.23597765104, 0.494889290785, 4.52213462066, 
resistor:  1


93.31575 208.651054923, 2.23596825748, 0.494885207604, 4.52215050233, 
resistor:  1


93.4168928571 208.875829486, 2.23595351009, 0.494879913255, 4.5221670247, 
resistor:  1


93.5180833333 209.099421374, 2.23592500959, 0.494871258367, 4.52218669448, 
resistor:  1


93.61925 209.324144528, 2.23590922303, 0.494865856918, 4.52220211, 
resistor:  1


93.7203690476 209.546836775, 2.23587293674, 0.494855918204, 4.52221772385, 
resistor:  1


93.8216071429 209.778092053, 2.23592516097, 0.494867283996, 4.52221704139, 
resistor:  1


93.9228690476 210.003446643, 2.23591388096, 0.49486183046, 4.52224225455, 
resistor:  1


94.0242619048 210.229606831, 2.23590807917, 0.494858094351, 4.52226236693, 
resistor:  1


94.1256190476 210.45554943, 2.23590082657, 0.494853725821, 4.52228502039, 
resistor:  1


94.2270833333 210.672761004, 2.2357983878, 0.494826565402, 4.52232521956, 
resistor:  1


94.3285119048 210.886222372, 2.23565725902, 0.494790266617, 4.52237261046, 
resistor:  1


94.429797619 211.103441335, 2.23555960786, 0.494764942878, 4.52240714576, 
resistor:  1


94.5309642857 211.331168734, 2.23557614514, 0.494767066755, 4.52241913137, 
resistor:  1


94.6320952381 211.552941841, 2.23553057035, 0.494753396465, 4.52245027984, 
resistor:  1


94.73325 211.771533177, 2.23545094438, 0.494732349941, 4.52248009171, 
resistor:  1


94.8343571429 211.999498781, 2.23547145959, 0.494735072441, 4.52249394339, 
resistor:  1


94.9356071429 212.217426446, 2.23538283298, 0.494713363682, 4.52251335808, 
resistor:  1


95.0369285714 212.434221302, 2.23528079553, 0.494688765317, 4.52253216767, 
resistor:  1


95.1382857143 212.63873765, 2.23504907676, 0.494633125357, 4.52257496838, 
resistor:  1


95.2395714286 212.842602424, 2.23481268586, 0.494575847026, 4.52262413797, 
resistor:  1


95.3407261905 213.0480727, 2.23459670607, 0.494523662705, 4.52266848429, 
resistor:  1


95.4418928571 213.251122339, 2.23435554299, 0.494465059705, 4.52272097456, 
resistor:  1


95.5430952381 213.452696846, 2.23409861607, 0.494402689182, 4.52277600613, 
resistor:  1


95.6442857143 213.653910255, 2.23383873547, 0.4943394076, 4.52283344932, 
resistor:  1


95.7456309524 213.852869835, 2.23355225411, 0.494270691418, 4.5228869191, 
resistor:  1


95.847047619 214.063811972, 2.23338973176, 0.494230664534, 4.52292553395, 
resistor:  1


95.9483809524 214.261431262, 2.23309063827, 0.494157184519, 4.52300039421, 
resistor:  1


96.0495595238 214.458219248, 2.23278711855, 0.494082365182, 4.52308023459, 
resistor:  1


96.150702381 214.643642356, 2.23236686827, 0.493981072701, 4.52317301734, 
resistor:  1


96.251797619 214.81734537, 2.23182684048, 0.493850847659, 4.52330037235, 
resistor:  1


96.3528333333 215.003786879, 2.23142153107, 0.493752960068, 4.52339555534, 
resistor:  1


96.4539285714 215.161211313, 2.23071485527, 0.493585006242, 4.523552187, 
resistor:  1


96.5552142857 215.314886037, 2.22996642522, 0.493407663794, 4.52371147268, 
resistor:  1


96.6563333333 215.468349657, 2.22922122354, 0.493230976415, 4.5238715704, 
resistor:  1


96.7575595238 215.622089528, 2.22847796688, 0.493055443976, 4.52402177776, 
resistor:  1


96.8589761905 215.790007652, 2.22787826322, 0.492912842579, 4.52414641496, 
resistor:  1


96.9601309524 215.94324488, 2.22713441865, 0.492737299938, 4.52429481078, 
resistor:  1


97.0614047619 216.096939404, 2.2263941052, 0.492562280799, 4.52444723049, 
resistor:  1


97.1628095238 216.250726435, 2.22565328746, 0.49238767836, 4.52459116301, 
resistor:  1


97.2644166667 216.403645208, 2.2249004582, 0.492209765229, 4.52474610526, 
resistor:  1


97.3658928571 216.557102619, 2.22415772366, 0.492034409322, 4.52489562986, 
resistor:  1


97.4670833333 216.710473359, 2.22342216416, 0.491860499292, 4.52504693007, 
resistor:  1


97.568202381 216.86307268, 2.22268185114, 0.491685740932, 4.52519646536, 
resistor:  1


97.6692261905 217.015894782, 2.22194751865, 0.491512294254, 4.52534470372, 
resistor:  1


97.7705119048 217.175232609, 2.22127539662, 0.491353939515, 4.52547346658, 
resistor:  1


97.8719047619 217.339037182, 2.22064787347, 0.491204669354, 4.52560727918, 
resistor:  1


97.9730714286 217.493356781, 2.21992996248, 0.491034605992, 4.52575906451, 
resistor:  1


98.0742857143 217.646962401, 2.21920517509, 0.490863241982, 4.52590800401, 
resistor:  1


98.1754047619 217.799929184, 2.21847752716, 0.490691344742, 4.52605611069, 
resistor:  1


98.2765595238 217.953244979, 2.21775412199, 0.490519838542, 4.52621165526, 
resistor:  1


98.3776190476 218.105776267, 2.21702637631, 0.490347563173, 4.52636576143, 
resistor:  1


98.4787380952 218.259277773, 2.21630863671, 0.490177432951, 4.52651882165, 
resistor:  1


98.5799404762 218.411771556, 2.21558027425, 0.490004976312, 4.52667333711, 
resistor:  1


98.6811904762 218.565410775, 2.21486394439, 0.489835557342, 4.52682128638, 
resistor:  1


98.782452381 218.72917841, 2.21425134867, 0.489690336074, 4.52694529628, 
resistor:  1


98.8838571429 218.886621486, 2.21357285011, 0.489530192846, 4.5270782248, 
resistor:  1


98.985 219.039333421, 2.21285380028, 0.489360538202, 4.52722186379, 
resistor:  1


99.0861547619 219.19216532, 2.21213716333, 0.489191505102, 4.52736409308, 
resistor:  1


99.1873214286 219.347628075, 2.21144824677, 0.489029028522, 4.52749938616, 
resistor:  1


99.2884285714 219.500125956, 2.21073219824, 0.488859957095, 4.52764480211, 
resistor:  1


99.3895714286 219.652194422, 2.2100124919, 0.488690088124, 4.52778944761, 
resistor:  1


99.4906547619 219.80518194, 2.20930480824, 0.48852286277, 4.52793404061, 
resistor:  1


99.591797619 219.957132105, 2.20858682506, 0.48835336778, 4.52807949386, 
resistor:  1


99.6930833333 220.110916127, 2.20788552994, 0.48818825897, 4.52821384711, 
resistor:  1


99.7944761905 220.277532044, 2.20731187189, 0.48805231182, 4.52832773562, 
resistor:  1


99.8956547619 220.431926531, 2.20662177005, 0.48788858411, 4.5284769601, 
resistor:  1


99.9967857143 220.58474298, 2.20591833432, 0.487721930822, 4.52862716615, 
resistor:  1


100.097988095 220.738088348, 2.20522003038, 0.487556837651, 4.52877136699, 
resistor:  1


100.199357143 220.891514086, 2.20452027223, 0.487391026468, 4.52892036608, 
resistor:  1


100.300880952 221.044580985, 2.20381495044, 0.487223888906, 4.52907186093, 
resistor:  1


100.402130952 221.198069443, 2.20312126192, 0.487059539921, 4.52921942418, 
resistor:  1


100.503261905 221.351447534, 2.20243048175, 0.486895781281, 4.52936766585, 
resistor:  1


100.604452381 221.504642868, 2.20173797109, 0.486731691527, 4.52951544711, 
resistor:  1


100.705607143 221.656667749, 2.20103601019, 0.48656588194, 4.52965900554, 
resistor:  1


100.806678571 221.823739313, 2.20048653975, 0.48643515859, 4.52977368282, 
resistor:  1


100.907785714 221.976973946, 2.1998002669, 0.486273015275, 4.5299132794, 
resistor:  1


101.00902381 222.130836613, 2.1991187345, 0.48611208458, 4.53005081559, 
resistor:  1


101.110321429 222.284155356, 2.19843189316, 0.485950245965, 4.53018456569, 
resistor:  1


101.21152381 222.43657325, 2.19773959405, 0.485786740296, 4.53032558572, 
resistor:  1


101.312690476 222.591346298, 2.1970726989, 0.485629194603, 4.5304603592, 
resistor:  1


101.413857143 222.744567527, 2.19639183246, 0.485468294883, 4.53059952464, 
resistor:  1


101.514892857 222.897137887, 2.19570874394, 0.4853069242, 4.53073872033, 
resistor:  1


101.615952381 223.049324596, 2.19502272399, 0.48514486674, 4.53087891703, 
resistor:  1


101.717345238 223.202771572, 2.19434326613, 0.484984842754, 4.53101031552, 
resistor:  1


101.81875 223.369548874, 2.19379582714, 0.484854896122, 4.53112200306, 
resistor:  1


101.919928571 223.522879366, 2.19312240991, 0.484695212124, 4.5312672884, 
resistor:  1


102.021059524 223.675234127, 2.19244178771, 0.484533861351, 4.5314146196, 
resistor:  1


102.12225 223.828877085, 2.19177385031, 0.484375922525, 4.53155209824, 
resistor:  1


102.223452381 223.98228868, 2.19110471681, 0.484217346974, 4.53169508275, 
resistor:  1


102.324607143 224.135041643, 2.19043148957, 0.484057874264, 4.53183856139, 
resistor:  1


102.425785714 224.287948021, 2.18976058086, 0.483898797536, 4.5319836988, 
resistor:  1


102.527059524 224.440903962, 2.18908944628, 0.483739714048, 4.53212819571, 
resistor:  1


102.628238095 224.593627163, 2.18841939929, 0.4835810389, 4.53227048773, 
resistor:  1


102.729369048 224.753061361, 2.18781701324, 0.483438274178, 4.53239492927, 
resistor:  1


102.830452381 224.913770227, 2.18722922071, 0.483298696415, 4.53251905325, 
resistor:  1


102.93152381 225.066772915, 2.18656796854, 0.483142504922, 4.53265317186, 
